date,Close,High,Low,Open,Volume,aVWAP_peak_930,aVWAP_peak_908,aVWAP_peak_882,aVWAP_peak_837,aVWAP_peak_833,aVWAP_peak_784,aVWAP_peak_783,aVWAP_peak_765,aVWAP_peak_736,aVWAP_peak_715,aVWAP_peak_698,aVWAP_peak_682,aVWAP_peak_658,aVWAP_peak_624,aVWAP_peak_613,aVWAP_peak_602,aVWAP_peak_588,aVWAP_peak_556,aVWAP_valley_924,aVWAP_valley_923,aVWAP_valley_897,aVWAP_valley_867,aVWAP_valley_817,aVWAP_valley_798,aVWAP_valley_770,aVWAP_valley_760,aVWAP_valley_729,aVWAP_valley_672,aVWAP_valley_649,aVWAP_valley_630,aVWAP_valley_616,aVWAP_valley_592,aVWAP_valley_573,aVWAP_valley_563,aVWAP_valley_535,aVWAP_valley_513,aVWAP_valley_489,aVWAP_valley_454,aVWAP_valley_431,aVWAP_valley_397,aVWAP_valley_351,aVWAP_valley_329,aVWAP_valley_300,aVWAP_valley_282,aVWAP_valley_269,aVWAP_valley_252,aVWAP_valley_211,aVWAP_valley_185,aVWAP_OB_bull_897,aVWAP_OB_bull_431,aVWAP_OB_bull_300,aVWAP_OB_bear_930,Peaks_avg,Valleys_avg,color,StDev,StDev_Mean,StdDev_ZScore,QQEMOD,QQE1_Value,QQE1_Above_Upper,QQE1_Below_Lower,QQE2_Above_Threshold,QQE2_Below_Threshold,QQE2_Above_TL,banker_RSI,OB,OB_High,OB_Low,OB_Mitigated_Index,TTM_squeeze_Active,VI_plus,VI_minus,VI_Regular_Bullish,VI_Regular_Bearish,VI_Hidden_Bullish,VI_Hidden_Bearish,Fisher,Fisher_Signal,Fisher_Regular_Bullish,Fisher_Regular_Bearish,Fisher_Hidden_Bullish,Fisher_Hidden_Bearish,OBV,OBV_Smoothed,OBV_Regular_Bullish,OBV_Regular_Bearish,OBV_Hidden_Bullish,OBV_Hidden_Bearish,Volume_MA,Vol_Regular_Bullish,Vol_Regular_Bearish,Vol_Hidden_Bullish,Vol_Hidden_Bearish
2022-01-03 00:00:00+00:00,16.2610018824,16.8084579701,16.1761249696,16.1761249696,3307,,,,,,,,,,,,,,,,,,,,,,,,,,,,,,,,,,,,,,,,,,,,,,,,,,,,,,,#000000,,,,,,False,False,False,False,False,,0.0,0.0,0.0,0.0,0,,,False,False,False,False,,,False,False,False,False,0,0.0,False,False,False,False,3307.0,False,False,False,False
2022-01-04 00:00:00+00:00,16.3458787952,16.940017185,16.3458787952,16.3741710995,1667,,,,,,,,,,,,,,,,,,,,,,,,,,,,,,,,,,,,,,,,,,,,,,,,,,,,,,,#000000,,,,100.0,,False,False,True,False,False,,0.0,0.0,0.0,0.0,0,,,False,False,False,False,,,False,False,False,False,1667,65.37254901960785,False,False,False,False,3242.686274509804,False,False,False,False
2022-01-05 00:00:00+00:00,16.5156326209,16.6703207945,16.3755857147,16.6703207945,2299,,,,,,,,,,,,,,,,,,,,,,,,,,,,,,,,,,,,,,,,,,,,,,,,,,,,,,,#000000,,,,100.0,50.0,False,False,True,False,True,,0.0,0.0,0.0,0.0,0,,,False,False,False,False,,,False,False,False,False,3966,218.33833141099578,False,False,False,False,3205.6789696270666,False,False,False,False
2022-01-06 00:00:00+00:00,16.2680749585,16.632338376,16.2680749585,16.632338376,1134,,,,,,,,,,,,,,,,,,,,,,,,,,,,,,,,,,,,,,,,,,,,,,,,,,,,,,,#000000,,,,82.51805985664939,33.97488820192861,False,False,True,False,False,,0.0,0.0,0.0,0.0,0,,,False,False,False,False,,,False,False,False,False,2832,320.834867434094,False,False,False,False,3124.436657092672,False,False,False,False
2022-01-07 00:00:00+00:00,15.8932019268,16.3334301814,15.8932019268,16.3334301814,2320,,,,,,,,,,,,,,,,,,,,,,,,,,,,,,,,,,,,,,,,,,,,,,,,,,,,,,,#000000,,,,63.47244454988905,17.487626400917776,False,False,True,False,False,,0.0,0.0,0.0,0.0,0,,,False,False,False,False,,,False,False,False,False,512,328.33153929942364,False,False,False,False,3092.89012152041,False,False,False,False
2022-01-10 00:00:00+00:00,16.01344422,16.0225684881,15.8861288508,16.0225684881,1621,,,,,,,,,,,,,,,,,,,,,,,,,,,,,,,,,,,,,,,,,,,,,,,,,,,,,,,#000000,,,,54.28921854632327,10.734770780779947,False,False,True,False,False,,0.0,0.0,0.0,0.0,0,,,False,False,False,False,,,False,False,False,False,2133,399.10285148375993,False,False,False,False,3035.1689402843153,False,False,False,False
2022-01-11 00:00:00+00:00,15.7446673294,15.9922249918,15.5890596559,15.7375942533,3971,,,,,,,,,,,,,,,,,,,,,,,,,,,,,,,,,,,,,,,,,,,,,,,,,,,,,,,#000000,,,,45.079989807724395,3.8016918634877044,False,False,False,True,False,,0.0,0.0,0.0,0.0,0,,,False,False,False,False,,,False,False,False,False,-1838,311.3733278961615,False,False,False,False,3071.8681975280674,False,False,False,False
2022-01-12 00:00:00+00:00,15.5112558191,15.907348079,15.5112558191,15.7375942533,6410,,,,,,,,,,,,,,,,,,,,,,,,,,,,,,,,,,,,,,,,,,,,,,,,,,,,,,,#000000,,,,37.18431303526986,-2.0976217480150012,False,False,False,True,False,,0.0,0.0,0.0,0.0,0,,,False,False,False,False,,,False,False,False,False,-8248,-24.288371237021238,False,False,False,False,3202.7753270367707,False,False,False,False
2022-01-13 00:00:00+00:00,15.5678404277,15.5706696581,15.2884539229,15.4263789063,8453,,,,,,,,,,,,,,,,,,,,,,,,,,,,,,,,,,,,,,,,,,,,,,,,,,,,,,,#000000,,,,33.2321662030627,-4.631783738452654,False,False,False,True,False,,0.0,0.0,0.0,0.0,0,,,False,False,False,False,,,False,False,False,False,205,-15.296670404196878,False,False,False,False,3408.6664906823876,False,False,False,False
2022-01-14 00:00:00+00:00,15.8861288508,15.8861288508,15.0515058746,15.709301949,2523,,,,,,,,,,,,,,,,,,,,,,,,,,,,,,,,,,,,,,,,,,,,,,,,,,,,,,,#000000,,,,36.48371080926371,-4.631783738452654,False,False,False,True,False,,0.0,0.0,0.0,0.0,0,,,False,False,False,False,,,False,False,False,False,2728,92.28359118028143,False,False,False,False,3373.9344714399413,False,False,False,False
2022-01-18 00:00:00+00:00,15.504182743,15.914421155,15.4051596781,15.4617442866,8042,,,,,,,,,,,,,,,,,,,,,,,,,,,,,,,,,,,,,,,,,,,,,,,,,,,,,,,#000000,,,,35.24257042687478,-4.631783738452654,False,False,False,True,False,,0.0,0.0,0.0,0.0,0,,,False,False,False,False,,,False,False,False,False,-5314,-119.72753004247468,False,False,False,False,3556.9958647168064,False,False,False,False
2022-01-19 00:00:00+00:00,15.7305211772,15.7375942533,15.5112558191,15.6173519601,6256,,,,,,,,,,,,,,,,,,,,,,,,,,,,,,,,,,,,,,,,,,,,,,,,,,,,,,,#000000,,,,37.42423724152573,-4.631783738452654,False,False,False,True,False,,0.0,0.0,0.0,0.0,0,,,False,False,False,False,,,False,False,False,False,942,-78.09115631531883,False,False,False,False,3662.839164139677,False,False,False,False
2022-01-20 00:00:00+00:00,15.5607673516,15.5607673516,15.0444327986,15.0444327986,1226,,,,,,,,,,,,,,,,,,,,,,,,,,,,,,,,,,,,,,,,,,,,,,,,,,,,,,,#000000,,15.388655833933331,,37.48971931117871,-4.631783738452654,False,False,False,True,False,,0.0,0.0,0.0,0.0,0,,,False,False,False,False,,,False,False,False,False,-284,-86.16601293040436,False,False,False,False,3567.2768439773367,False,False,False,False
2022-01-21 00:00:00+00:00,15.4193058302,15.7375942533,15.4193058302,15.5607673516,5030,,,,,,,,,,,,,,,,,,,,,,,,,,,,,,,,,,,,,,,,,,,,,,,,,,,,,,,#000000,,15.498603575400566,,36.48311830728041,-4.631783738452654,False,False,False,True,False,,0.0,0.0,0.0,0.0,0,,,False,False,False,False,,,False,False,False,False,-5314,-291.17911046254534,False,False,False,False,3624.638536370382,False,False,False,False
2022-01-24 00:00:00+00:00,15.6527173405,15.8295442422,15.4723539007,15.7588134815,4944,,,,,,,,,,,,,,,,,,,,,,,,,,,,,,,,,,,,,,,,,,,,,,,,,,,,,,,#000000,,15.56611341824546,,38.69429172741843,-4.631783738452654,False,False,False,True,False,,0.0,0.0,0.0,0.0,0,,,False,False,False,False,,,False,False,False,False,-370,-294.270125738524,False,False,False,False,3676.3782016107593,False,False,False,False
2022-01-25 00:00:00+00:00,15.9851519157,15.9851519157,15.5607673516,15.7375942533,6039,,,,,,,,,,,,,,,,,,,,,,,,,,,,,,,,,,,,,,,,,,,,,,,,,,,,,,,#000000,,15.66335150389977,,43.4166168900785,-4.631783738452654,False,False,False,True,True,,0.0,0.0,0.0,0.0,0,,,False,False,False,False,,,False,False,False,False,5669,-60.416395317405374,False,False,False,False,3769.03003684171,False,False,False,False
2022-01-26 00:00:00+00:00,16.1407595892,16.1407595892,15.5819865798,15.7729596337,8593,,,,,,,,,,,,,,,,,,,,,,,,,,,,,,,,,,,,,,,,,,,,,,,,,,,,,,,#000000,,15.85735222110315,,47.83846322041735,-13.847184177486909,False,False,False,False,True,,0.0,0.0,0.0,0.0,0,,,False,False,False,False,,,False,False,False,False,14262,501.24699273425756,False,False,False,False,3958.2053295145843,False,False,False,False
2022-01-27 00:00:00+00:00,15.702228873,16.0792238274,15.5395481234,15.8366173183,3481,,,,,,,,,,,,,,,,,,,,,,,,,,,,,,,,,,,,,,,,,,,,,,,,,,,,,,,#000000,,15.832083834761102,,46.99215628109877,-13.847184177486909,False,False,False,False,True,,0.0,0.0,0.0,0.0,1,,,False,False,False,False,,,False,False,False,False,10781,904.3745616466397,False,False,False,False,3939.4913950238165,False,False,False,False
2022-01-28 00:00:00+00:00,15.9002750029,15.9002750029,15.5749135037,15.5749135037,1374,,,,,,,,,,,,,,,,,,,,,,,,,,,,,,,,,,,,,,,,,,,,,,,,,,,,,,,#000000,,15.827108629234104,,48.08191774975294,-12.74717913661572,False,False,False,False,True,,0.0,0.0,0.0,0.0,1,,,False,False,False,False,,,False,False,False,False,12155,1345.5755592291243,False,False,False,False,3838.8838893366083,False,False,False,False
2022-01-31 00:00:00+00:00,15.9639326875,15.9639326875,15.6173519601,15.6173519601,1737,,,,,,,,,,,,,,,,,,,,,,,,,,,,,,,,,,,,,,,,,,,,,,,,,,,,,,,#000000,,15.826952125525336,,49.32364901352993,-10.972774924958102,False,False,False,False,True,,0.0,0.0,0.0,0.0,1,,,False,False,False,False,,,False,False,False,False,13892,1837.592203965237,False,False,False,False,3756.4570701469374,False,False,False,False
2022-02-01 00:00:00+00:00,15.6102788841,15.9214942311,15.5607673516,15.7375942533,8678,,,,,,,,,,,,,,,,,,,,,,,,,,,,,,,,,,,,,,,,,,,,,,,,,,,,,,,#000000,,15.785234202109272,,47.39534670679162,-10.972774924958102,False,False,False,False,True,,0.0,0.0,0.0,0.0,1,,,False,False,False,False,,,False,False,False,False,5214,1970.0003528293455,False,False,False,False,3949.458753670587,False,False,False,False
2022-02-02 00:00:00+00:00,15.7658865576,15.9497865354,15.6385711883,15.6385711883,1857,,,,,,,,,,,,,,,,,,,,,,,,,,,,,,,,,,,,,,,,,,,,,,,,,,,,,,,#000000,,15.78473761026374,,47.45936584882668,-10.972774924958102,False,False,False,False,True,,0.0,0.0,0.0,0.0,1,,,False,False,False,False,,,False,False,False,False,7071,2170.039554679175,False,False,False,False,3867.40154764429,False,False,False,False
2022-02-03 00:00:00+00:00,15.6244250362,15.9427134593,15.6244250362,15.9427134593,5653,,,,,,,,,,,,,,,,,,,,,,,,,,,,,,,,,,,,,,,,,,,,,,,,,,,,,,,#000000,,15.775727242171941,,46.44070240451663,-10.972774924958102,False,False,False,True,True,,0.0,0.0,0.0,0.0,1,,,False,False,False,False,,,False,False,False,False,1418,2140.5478074368543,False,False,False,False,3937.425016364122,False,False,False,False
2022-02-04 00:00:00+00:00,15.8295442422,15.8295442422,15.5607673516,15.709301949,2694,,,,,,,,,,,,,,,,,,,,,,,,,,,,,,,,,,,,,,,,,,,,,,,,,,,,,,,#000000,,15.773051667336667,,47.548636692861706,-10.487784990214372,False,False,False,False,True,,0.0,0.0,0.0,0.0,1,,,False,False,False,False,,,False,False,False,False,4112,2217.859658125605,False,False,False,False,3888.663251016509,False,False,False,False
2022-02-07 00:00:00+00:00,15.6597904166,15.8295442422,15.6597904166,15.6668634926,1285,,,,,,,,,,,,,,,,,,,,,,,,,,,,,,,,,,,,,,,,,,,,,,,,,,,,,,,#000000,,15.77119722668986,,46.94860130748249,-10.487784990214372,False,False,False,False,True,,0.0,0.0,0.0,0.0,1,,,False,False,False,False,,,False,False,False,False,2827,2241.7475146696993,False,False,False,False,3786.558809800176,False,False,False,False
2022-02-08 00:00:00+00:00,15.8295442422,15.8295442422,15.6880827208,15.6880827208,1057,,,,,,,,,,,,,,,,,,,,,,,,,,,,,,,,,,,,,,,,,,,,,,,,,,,,,,,#000000,,15.771371362434,,48.02298767471225,-8.943616188333436,False,False,False,False,True,,0.0,0.0,0.0,0.0,1,,,False,False,False,False,,,False,False,False,False,3884,2306.1495729179464,False,False,False,False,3679.517287847228,False,False,False,False
2022-02-09 00:00:00+00:00,15.7517404054,15.808325014,15.6456442644,15.808325014,1348,,,,,,,,,,,,,,,,,,,,,,,,,,,,,,,,,,,,,,,,,,,,,,,,,,,,,,,#000000,,15.770167770335439,,48.07893902983663,-8.345929997832542,False,False,False,False,True,,0.0,0.0,0.0,0.0,1,,,False,False,False,False,,,False,False,False,False,2536,2315.1633151564583,False,False,False,False,3588.0852373434154,False,False,False,False
2022-02-10 00:00:00+00:00,15.5183288952,15.6244250362,15.5183288952,15.6244250362,1078,,,,,,,,,,,,,,,,,,,,,,,,,,,,,,,,,,,,,,,,,,,,,,,,,,,,,,,#000000,,15.764997766042608,,46.26452791338238,-8.345929997832542,False,False,False,True,True,,0.0,0.0,0.0,0.0,1,,,False,False,False,False,,,False,False,False,False,1458,2281.549067503264,False,False,False,False,3489.650522153478,False,False,False,False
2022-02-11 00:00:00+00:00,15.3697942977,15.709301949,15.3697942977,15.5678404277,3450,,,,,,,,,,,,,,,,,,,,,,,,,,,,,,,,,,,,,,,,,,,,,,,,,,,,,,,#000000,,15.745100831155803,,43.993765902514575,-8.345929997832542,False,False,False,True,False,,0.0,0.0,0.0,0.0,1,,,False,False,False,False,,,False,False,False,False,-1992,2113.958907993332,False,False,False,False,3488.0955997160872,False,False,False,False
2022-02-14 00:00:00+00:00,15.2778443088,15.4513468648,15.2778443088,15.3415019935,1418,,,,,,,,,,,,,,,,,,,,,,,,,,,,,,,,,,,,,,,,,,,,,,,,,,,,,,,#000000,,15.733631965172775,,41.84363438701898,-8.345929997832542,False,False,False,True,False,,0.0,0.0,0.0,0.0,1,,,False,False,False,False,,,False,False,False,False,-3410,1897.333068464182,False,False,False,False,3406.915380119378,False,False,False,False
2022-02-15 00:00:00+00:00,15.8295442422,15.8295442422,15.3061366131,15.3061366131,5150,,,,,,,,,,,,,,,,,,,,,,,,,,,,,,,,,,,,,,,,,,,,,,,,,,,,,,,#000000,,15.72627147599836,,45.44928332873852,-8.345929997832542,False,False,False,True,True,,0.0,0.0,0.0,0.0,1,,,False,False,False,False,,,False,False,False,False,1740,1891.1631442106845,False,False,False,False,3475.2716397225395,False,False,False,False
2022-02-16 00:00:00+00:00,16.3034403388,16.4802672405,15.8967384649,15.8967384649,5048,,,,,,,,,,,,,,,,,,,,,,,,,,,,,,,,,,,,,,,,,,,,,,,,,,,,,,,#000000,,15.92051319912337,,50.79017023680767,-5.158150233085522,False,False,False,False,True,,0.0,0.0,0.0,0.0,1,,,False,False,False,False,,,False,False,False,False,6788,2083.195962084775,False,False,False,False,3536.947261694205,False,False,False,False
2022-02-17 00:00:00+00:00,16.1053942089,16.1686982397,15.7375942533,16.1686982397,1181,,,,,,,,,,,,,,,,,,,,,,,,,,,,,,,,,,,,,,,,,,,,,,,,,,,,,,,#000000,,15.909378473518421,,52.73567442461095,-3.426076018705494,False,False,True,False,True,,0.0,0.0,0.0,0.0,1,,,False,False,False,False,,,False,False,False,False,5607,2221.3843557285095,False,False,False,False,3444.557173000315,False,False,False,False
2022-02-18 00:00:00+00:00,15.9002750029,16.1053942089,15.8224711661,16.1053942089,1552,,,,,,,,,,,,,,,,,,,,,,,,,,,,,,,,,,,,,,,,,,,,,,,,,,,,,,,#000000,,15.896026512847007,,52.47733396663746,-3.426076018705494,False,False,True,False,True,,0.0,0.0,0.0,0.0,1,,,False,False,False,False,,,False,False,False,False,4055,2293.2908515822933,False,False,False,False,3370.3392446473617,False,False,False,False
2022-02-22 00:00:00+00:00,16.0275903721,16.0275903721,15.8507634704,15.8507634704,1344,,,,,,,,,,,,,,,,,,,,,,,,,,,,,,,,,,,,,,,,,,,,,,,,,,,,,,,#000000,,15.89040613884868,,53.15800855451427,-2.886944863726889,False,False,True,False,True,,0.0,0.0,0.0,0.0,1,,,False,False,False,False,,,False,False,False,False,5399,2415.083367206517,False,False,False,False,3290.8749605435437,False,False,False,False
2022-02-23 00:00:00+00:00,15.7517404054,16.2468557303,15.7517404054,16.2468557303,1684,,,,,,,,,,,,,,,,,,,,,,,,,,,,,,,,,,,,,,,,,,,,,,,,,,,,,,,#000000,,15.88254457307085,,51.56470846442039,-2.886944863726889,False,False,False,False,True,,0.0,0.0,0.0,0.0,1,,,False,False,False,False,,,False,False,False,False,3715,2466.0604900611634,False,False,False,False,3227.860256208503,False,False,False,False
2022-02-24 00:00:00+00:00,15.5819865798,16.218563426,15.0161404943,15.702228873,2254,,,,,,,,,,,,,,,,,,,,,,,,,,,,,,,,,,,,,,,,,,,,,,,,,,,,,,,#000000,,15.78986798978919,,49.360000004793314,-2.886944863726889,False,False,False,False,False,,0.0,0.0,0.0,0.0,1,,,False,False,False,False,,,False,False,False,False,1461,2426.64635319602,False,False,False,False,3189.669657925817,False,False,False,False
2022-02-25 00:00:00+00:00,16.2114903499,16.222099964,15.6102788841,15.6102788841,2356,,,,,,,,,,,,,,,,,,,,,,,,,,,,,,,,,,,,,,,,,,,,,,,,,,,,,,,#000000,,15.84658335732733,,52.00434860043336,-2.886944863726889,False,False,False,False,False,,0.0,0.0,0.0,0.0,1,,,False,False,False,False,,,False,False,False,False,3817,2481.170025619705,False,False,False,False,3156.9767301640204,False,False,False,False
2022-02-28 00:00:00+00:00,15.6314981123,15.9356403832,15.6314981123,15.9356403832,2867,,,,,,,,,,,,,,,,,,,,,,,,,,,,,,,,,,,,,,,,,,,,,,,,,,,,,,,#000000,,15.827184828401174,,50.23118192103257,-2.886944863726889,False,False,False,False,False,,0.0,0.0,0.0,0.0,1,,,False,False,False,False,,,False,False,False,False,950,2421.1241422620697,False,False,False,False,3145.605093687,False,False,False,False
2022-03-01 00:00:00+00:00,15.6739365687,15.7375942533,15.6739365687,15.7375942533,4168,,,,,,,,,,,,,,,,,,,,,,,,,,,,,,,,,,,,,,,,,,,,,,,,,,,,,,,#000000,,15.804679677888391,,49.310031239093334,-2.886944863726889,False,False,False,False,False,,0.0,0.0,0.0,0.0,1,,,False,False,False,False,,,False,False,False,False,5118,2526.88397982042,False,False,False,False,3185.699011581628,False,False,False,False
2022-03-02 00:00:00+00:00,16.1973441978,16.1973441978,15.5607673516,15.5607673516,3881,,,,,,,,,,,,,,,,,,,,,,,,,,,,,,,,,,,,,,,,,,,,,,,,,,,,,,,#000000,,15.826832296469433,,51.60481807750095,-2.886944863726889,False,False,False,False,False,,0.0,0.0,0.0,0.0,1,,,False,False,False,False,,,False,False,False,False,8999,2780.6924512000114,False,False,False,False,3212.9657170097994,False,False,False,False
2022-03-03 00:00:00+00:00,15.5819865798,16.2539288063,15.5819865798,16.2539288063,3905,,,,,,,,,,,,,,,,,,,,,,,,,,,,,,,,,,,,,,,,,,,,,,,,,,,,,,,#000000,,15.82327654775538,,49.822166528702134,-2.886944863726889,False,False,False,False,False,,0.0,0.0,0.0,0.0,1,,,False,False,False,False,,,False,False,False,False,5094,2871.4103942902075,False,False,False,False,3240.1043163427485,False,False,False,False
2022-03-04 00:00:00+00:00,16.0700288285,16.0700288285,15.5607673516,15.6456442644,2594,,,,,,,,,,,,,,,,,,,,,,,,,,,,,,,,,,,,,,,,,,,,,,,,,,,,,,,#000000,,15.827434300115408,,51.028143384183934,-2.886944863726889,False,False,False,False,False,,0.0,0.0,0.0,0.0,1,,,False,False,False,False,,,False,False,False,False,7688,3060.2962611807875,False,False,False,False,3214.7668921724444,False,False,False,False
2022-03-07 00:00:00+00:00,15.7800327097,16.2097220809,15.6288810741,16.0700288285,6356,,,,,,,,,,,,,,,,,,,,,,,,,,,,,,,,,,,,,,,,,,,,,,,,,,,,,,,#000000,,15.831701592044901,,50.40094182727964,-2.886944863726889,False,False,False,False,False,,0.0,0.0,0.0,0.0,1,,,False,False,False,False,,,False,False,False,False,1332,2992.519937212913,False,False,False,False,3337.9525042441137,False,False,False,False
2022-03-08 00:00:00+00:00,16.0346634482,16.0912480568,15.6880827208,15.7800327097,2754,,,,,,,,,,,,,,,,,,,,,,,,,,,,,,,,,,,,,,,,,,,,,,,,,,,,,,,#000000,,15.836613774898492,,51.20349120414931,-2.886944863726889,False,False,False,False,False,,0.0,0.0,0.0,0.0,1,,,False,False,False,False,,,False,False,False,False,4086,3035.401508302603,False,False,False,False,3315.0524060384623,False,False,False,False
2022-03-09 00:00:00+00:00,15.8578365465,16.0346634482,15.6567489938,16.0346634482,3405,,,,,,,,,,,,,,,,,,,,,,,,,,,,,,,,,,,,,,,,,,,,,,,,,,,,,,,#000000,,15.836617973484971,,50.820696282341565,-2.886944863726889,False,False,False,False,False,,0.0,0.0,0.0,0.0,1,,,False,False,False,False,,,False,False,False,False,681,2943.0720373887752,False,False,False,False,3318.579762664405,False,False,False,False
2022-03-10 00:00:00+00:00,15.5961327319,16.218563426,15.5961327319,15.7446673294,6568,,,,,,,,,,,,,,,,,,,,,,,,,,,,,,,,,,,,,,,,,,,,,,,,,,,,,,,#000000,,15.832063594878402,,49.26000340097217,-2.886944863726889,False,False,False,False,False,,0.0,0.0,0.0,0.0,1,,,False,False,False,False,,,False,False,False,False,-5887,2596.7947025892154,False,False,False,False,3446.0080072658006,False,False,False,False
2022-03-11 00:00:00+00:00,16.0771019046,16.248743562,15.8267911543,15.912611983,4171,,,,,,,,,,,,,,,,,,,,,,,,,,,,,,,,,,,,,,,,,,,,,,,,,,,,,,,#000000,,15.844630190212143,,50.671589606881426,-2.886944863726889,False,False,False,False,False,,0.0,0.0,0.0,0.0,1,,,False,False,False,False,,,False,False,False,False,-1716,2427.665498566109,False,False,False,False,3474.4390658043967,False,False,False,False
2022-03-14 00:00:00+00:00,15.7981842114,16.3774032876,15.7695772685,16.1986814119,9979,,,,,,,,,,,,,,,,,,,,,,,,,,,,,,,,,,,,,,,,,,,,,,,,,,,,,,,#000000,,15.860299764261427,,50.18363379734329,-2.886944863726889,False,False,False,False,False,,0.0,0.0,0.0,0.0,1,,,False,False,False,False,,,False,False,False,False,-11695,1873.8354790144972,False,False,False,False,3729.519886753244,False,False,False,False
2022-03-15 00:00:00+00:00,15.7552737971,16.0949812439,15.7552737971,16.0127362831,6105,,,,,,,,,,,,,,,,,,,,,,,,,,,,,,,,,,,,,,,,,,,,,,,,,,,,,,,#000000,,15.86013815304528,,49.63885381610141,-2.886944863726889,False,False,False,False,False,0.0,0.0,0.0,0.0,0.0,1,,,False,False,False,False,-0.023465922629512227,-0.023465922629512227,False,False,False,False,-17800,1102.3125190531443,False,False,False,False,3822.675969625666,False,False,False,False
2022-03-16 00:00:00+00:00,15.8482463615,16.2701987691,15.78388074,15.8124876829,19355,,,,,,,,,,,,,,,,,,,,,,,,,,,,,,,,,,,,,,,,,,,,,,,,,,,,,,,#000000,,15.877749781562867,,49.80569239012542,-2.886944863726889,False,False,False,False,False,0.0,0.0,0.0,0.0,0.0,1,0.9156695905510522,0.9620102914960017,False,False,False,False,0.026727290888069345,0.0016306841292785586,False,False,False,False,1555,1120.0649692863544,False,False,False,False,4431.786715914855,False,False,False,False
2022-03-17 00:00:00+00:00,16.4418404265,16.4418404265,15.9984328117,16.2701987691,6741,,,,,,,,,,,,,,,,,,,,,,,,,,,,,,,,,,,,,,,,,,,,,,,,,,,,,,,#000000,,15.901485792851313,,52.88095104650378,-1.1318634558396994,True,False,True,False,True,3.914944145143984,0.0,0.0,0.0,0.0,1,0.9144085849165515,0.9570673904277324,False,False,False,False,0.16778550154387326,0.0847080928365759,False,False,False,False,8296,1401.4741861770856,False,False,False,False,4522.344099604469,False,False,False,False
2022-03-18 00:00:00+00:00,17.1641657345,17.1641657345,16.0055845474,16.0055845474,12605,,,,,,,,,,,,,,,,,,,,,,,,,,,,,,,,,,,,,,,,,,,,,,,,,,,,,,,#000000,,16.144466914899244,,57.56284356623608,3.2933495722946446,True,False,True,False,True,9.399848779811318,0.0,0.0,0.0,0.0,1,0.9178517287508946,0.9164536481155644,False,False,False,False,0.3428281966541879,0.21376814474538192,False,False,False,False,20901,2166.1614729936705,False,False,False,False,4839.310997659196,False,False,False,False
2022-03-21 00:00:00+00:00,17.0354344915,17.1641657345,16.8780963056,17.1570139987,9387,,,,,,,,,,,,,,,,,,,,,,,,,,,,,,,,,,,,,,,,,,,,,,,,,,,,,,,#000000,,16.35523323271533,,59.8719724665494,5.350398472692746,True,False,True,False,True,8.231948163584104,0.0,0.0,0.0,0.0,0,0.9606767392456554,0.9144955877270767,False,False,False,False,0.3428282113170974,0.2782981780312397,False,False,False,False,11514,2532.7433760135264,False,False,False,False,5017.6517428490315,False,False,False,False
2022-03-22 00:00:00+00:00,17.149862263,17.1641657345,16.867368702,17.1641657345,5248,,,,,,,,,,,,,,,,,,,,,,,,,,,,,,,,,,,,,,,,,,,,,,,,,,,,,,,#000000,,16.483158521893976,,61.81823407742443,7.085015338105315,True,False,True,False,True,9.05958026626924,0.0,0.0,0.0,0.0,0,0.9765461760223256,0.9007213749969016,False,False,False,False,0.3405182622150532,0.30940822012314645,False,False,False,False,16762,3090.7534396992705,False,False,False,False,5026.685007835345,False,False,False,False
2022-03-23 00:00:00+00:00,16.8566410984,17.1641657345,16.8566410984,17.02113102,2215,,,,,,,,,,,,,,,,,,,,,,,,,,,,,,,,,,,,,,,,,,,,,,,,,,,,,,,#000000,,16.544413266940523,,61.18105681731447,7.085015338105315,True,False,True,False,True,6.420573056369772,0.0,0.0,0.0,0.0,0,0.9765619070521537,0.8878105372001736,False,False,False,False,0.338211807512062,0.3238100138176042,False,False,False,False,14547,3540.0180106914563,False,False,False,False,4916.422850665332,False,False,False,False
2022-03-24 00:00:00+00:00,16.9567653985,17.1641657345,16.6606120222,16.6606120222,1142,,,,,,,,,,,,,,,,,,,,,,,,,,,,,,,,,,,,,,,,,,,,,,,,,,,,,,,#000000,,16.58629565147289,,61.185420747709216,7.085015338105315,True,False,True,False,True,7.162635462502834,0.0,0.0,0.0,0.0,0,0.9819957300527608,0.8877999281200077,False,False,False,False,0.2966431712671462,0.31022659254237517,False,False,False,False,15689,4016.4486769388504,False,False,False,False,4768.4062682863,False,False,False,False
2022-03-25 00:00:00+00:00,16.6778477053,17.0926483772,16.6778477053,17.0568896986,2987,,,,,,,,,,,,,,,,,,,,,,,,,,,,,,,,,,,,,,,,,,,,,,,,,,,,,,,#000000,,16.56648532456846,,59.36100634747591,7.085015338105315,True,False,True,False,False,4.710893548083323,0.0,0.0,0.0,0.0,0,0.9861679445448216,0.8873073416779567,False,False,False,False,0.2853119510732768,0.297769271807826,False,False,False,False,12702,4357.05853274517,False,False,False,False,4698.547198941739,False,False,False,False
2022-03-28 00:00:00+00:00,17.1069518487,17.1069518487,16.6635442339,16.6921511768,3740,,,,,,,,,,,,,,,,,,,,,,,,,,,,,,,,,,,,,,,,,,,,,,,,,,,,,,,#000000,,16.58402590324258,,60.088150087598024,7.085015338105315,True,False,True,False,False,7.8562270419115094,0.0,0.0,0.0,0.0,0,0.9953216441736791,0.8728502975530565,False,False,False,False,0.2853119510940857,0.29154061145095583,False,False,False,False,16442,4830.97780597085,False,False,False,False,4660.95711270873,False,False,False,False
2022-03-29 00:00:00+00:00,16.9496136628,17.1641657345,16.8351858912,17.1641657345,4245,,,,,,,,,,,,,,,,,,,,,,,,,,,,,,,,,,,,,,,,,,,,,,,,,,,,,,,#000000,,16.638697332823444,,59.53859742091981,7.085015338105315,True,False,True,False,False,6.491838239708379,0.0,0.0,0.0,0.0,0,1.013363672513274,0.8814645183252732,False,False,False,False,0.33360925191769786,0.3125749316843268,False,False,False,False,12197,5119.841421422973,False,False,False,False,4644.6450690730935,False,False,False,False
2022-03-30 00:00:00+00:00,16.6993029125,16.9796509528,16.6993029125,16.8995515127,2112,,,,,,,,,,,,,,,,,,,,,,,,,,,,,,,,,,,,,,,,,,,,,,,,,,,,,,,#000000,,16.628080034381718,,57.59279941180755,7.085015338105315,True,False,True,False,False,4.370112348735361,0.0,0.0,0.0,0.0,0,0.9915353381272368,0.8897956845836054,False,False,False,False,0.2663614315123172,0.289468181598322,False,False,False,False,10085,5314.5535225436415,False,False,False,False,4545.325654599639,False,False,False,False
2022-03-31 00:00:00+00:00,16.8208824198,16.9782206057,16.6993029125,16.9496136628,3502,,,,,,,,,,,,,,,,,,,,,,,,,,,,,,,,,,,,,,,,,,,,,,,,,,,,,,,#000000,,16.623795238077516,,56.93639638873427,11.195592041405845,True,False,True,False,False,5.269920909554568,0.0,0.0,0.0,0.0,0,0.9871184589733916,0.8824829363521235,False,False,False,False,0.2660668404157687,0.27776751100704533,False,False,False,False,13587,5638.963188326245,False,False,False,False,4504.410923046712,False,False,False,False
2022-04-01 00:00:00+00:00,16.6706959696,16.9567653985,16.6706959696,16.9567653985,3401,,,,,,,,,,,,,,,,,,,,,,,,,,,,,,,,,,,,,,,,,,,,,,,,,,,,,,,#000000,,16.616454286146528,,55.508566252056,9.691317860054191,True,False,True,False,False,4.001276207827008,0.0,0.0,0.0,0.0,0,1.0146041777643322,0.8809952969531035,False,False,False,False,0.2526063786980478,0.26518694485254657,False,False,False,False,10186,5817.278357411489,False,False,False,False,4461.139906456645,False,False,False,False
2022-04-04 00:00:00+00:00,16.6778477053,16.7994272126,16.6778477053,16.7994272126,1250,,,,,,,,,,,,,,,,,,,,,,,,,,,,,,,,,,,,,,,,,,,,,,,,,,,,,,,#000000,,16.61307154402212,,54.60070757060762,8.689840381925606,True,False,True,False,False,4.05575894902513,0.0,0.0,0.0,0.0,0,0.9974899764218693,0.8949980944754252,False,False,False,False,0.2209762466564255,0.24308159575448604,False,False,False,False,11436,6037.620382611039,False,False,False,False,4335.212851301482,False,False,False,False
2022-04-05 00:00:00+00:00,16.9424619271,16.9424619271,16.6635442339,16.9067032484,4784,,,,,,,,,,,,,,,,,,,,,,,,,,,,,,,,,,,,,,,,,,,,,,,,,,,,,,,#000000,,16.61732229186193,,55.60020865135111,8.689840381925606,True,False,True,False,False,6.053308175234239,0.0,0.0,0.0,0.0,0,0.9968128675206217,0.8944508958795421,False,False,False,False,0.24805877522223896,0.2455701854883625,False,False,False,False,16220,6436.929387214527,False,False,False,False,4352.812347328875,False,False,False,False
2022-04-06 00:00:00+00:00,15.9197637187,16.9496136628,15.826719637,16.9496136628,2664,,,,,,,,,,,,,,,,,,,,,,,,,,,,,,,,,,,,,,,,,,,,,,,,,,,,,,,#000000,,16.554953093462842,,50.46056476062054,4.705567008532583,True,False,False,False,False,0.0,0.0,0.0,0.0,0.0,0,0.9554400902783278,0.9044099528695346,False,False,False,False,0.07797072907234494,0.16177045728035372,False,False,False,False,13556,6716.108626931605,False,False,False,False,4286.584412139508,False,False,False,False
2022-04-07 00:00:00+00:00,16.3560195978,16.5991786124,16.2058331476,16.4418404265,16523,,,,,,,,,,,,,,,,,,,,,,,,,,,,,,,,,,,,,,,,,,,,,,,,,,,,,,,#000000,,16.49574081364051,,49.51187908665049,3.892450741932045,False,False,False,False,False,1.164602375098628,0.0,0.0,0.0,0.0,0,0.9588818946249085,0.9147310647368967,False,False,False,False,0.0837212300300725,0.1227458436552131,False,False,False,False,30079,7632.300445483306,False,False,False,False,4766.443846957566,False,False,False,False
2022-04-08 00:00:00+00:00,16.6277855553,16.6277855553,16.0414147434,16.4346886908,2843,,,,,,,,,,,,,,,,,,,,,,,,,,,,,,,,,,,,,,,,,,,,,,,,,,,,,,,#000000,,16.49044287685351,,50.24963075055778,3.892450741932045,False,False,False,False,False,3.0707859553207832,0.0,0.0,0.0,0.0,0,0.9561581292374338,0.9133983946334511,False,False,False,False,0.0565311840036915,0.0896385138294523,False,False,False,False,32922,8624.053369189844,False,False,False,False,4691.014676488641,False,False,False,False
2022-04-11 00:00:00+00:00,16.5419647266,16.5848751409,16.1629227333,16.4489921622,5349,,,,,,,,,,,,,,,,,,,,,,,,,,,,,,,,,,,,,,,,,,,,,,,,,,,,,,,#000000,,16.48158054042353,,50.283968118267765,3.892450741932045,False,False,False,False,False,2.4266726413976336,0.0,0.0,0.0,0.0,0,0.9583460395794113,0.9060001146984826,False,False,False,False,0.07225401287223196,0.08094626335084212,False,False,False,False,27573,9367.149315496124,False,False,False,False,4716.818022508695,False,False,False,False
2022-04-12 00:00:00+00:00,16.6420890267,16.6420890267,16.2344400905,16.506206048,6674,,,,,,,,,,,,,,,,,,,,,,,,,,,,,,,,,,,,,,,,,,,,,,,,,,,,,,,#000000,,16.47891155808673,,50.851838698355124,3.892450741932045,False,False,False,False,False,3.1325458506210886,0.0,0.0,0.0,0.0,0,0.9597442805224793,0.9065388570538973,False,False,False,False,0.09808656622508341,0.08951641478796277,False,False,False,False,34247,10342.829734496278,False,False,False,False,4793.570256920119,False,False,False,False
2022-04-13 00:00:00+00:00,16.3131091835,16.556268198,16.3131091835,16.4704473694,5386,,,,,,,,,,,,,,,,,,,,,,,,,,,,,,,,,,,,,,,,,,,,,,,,,,,,,,,#000000,,16.47017068569072,,49.38724193637849,3.4752733546080847,False,False,False,False,False,0.6650924958895317,0.0,0.0,0.0,0.0,0,0.9636873922264801,0.9062312750120245,False,False,False,False,0.09664831246883843,0.0930823636284006,False,False,False,False,28861,11069.032490006228,False,False,False,False,4816.802795864428,False,False,False,False
2022-04-14 00:00:00+00:00,16.2058331476,16.5491164623,16.1629942506,16.5491164623,6996,,,,,,,,,,,,,,,,,,,,,,,,,,,,,,,,,,,,,,,,,,,,,,,,,,,,,,,#000000,,16.454327500929985,,47.84173739618891,1.8819086309313064,False,False,False,True,False,0.0,0.0,0.0,0.0,0.0,0,0.9549247790371119,0.9092464159304365,False,False,False,False,0.06511112069352676,0.07909674216096368,False,False,False,False,21865,11492.403764907946,False,False,False,False,4902.2615097520975,False,False,False,False
2022-04-18 00:00:00+00:00,15.9269154544,16.3917782764,15.9269154544,16.2344400905,6104,,,,,,,,,,,,,,,,,,,,,,,,,,,,,,,,,,,,,,,,,,,,,,,,,,,,,,,#000000,,16.42956532802784,,45.39268443297663,-0.5085198026222386,False,True,False,True,False,0.0,0.0,0.0,0.0,0.0,0,0.9454536716312689,0.9164409245115178,False,False,False,False,-0.013354495975745416,0.03287112309260913,False,False,False,False,15761,11659.799695695869,False,False,False,False,4949.388509369662,False,False,False,False
2022-04-19 00:00:00+00:00,15.912611983,15.9483706616,15.912611983,15.9483706616,1331,,,,,,,,,,,,,,,,,,,,,,,,,,,,,,,,,,,,,,,,,,,,,,,,,,,,,,,#000000,,16.42265547166497,,43.6879502524977,-2.1443367603649506,False,True,False,True,False,0.0,0.0,0.0,0.0,0.0,0,0.9470821459990235,0.9302515925921604,False,False,False,False,-0.1049180422333983,-0.036023459570394586,False,False,False,False,14430,11768.435001747011,False,False,False,False,4807.49092076693,False,False,False,False
2022-04-20 00:00:00+00:00,16.0127362831,16.0198880188,15.912611983,15.9912810759,2795,,,,,,,,,,,,,,,,,,,,,,,,,,,,,,,,,,,,,,,,,,,,,,,,,,,,,,,"rgba(239, 83, 80, 0.5)",0.48147758319685974,16.410298379178936,-0.8257125771863528,43.33717190706693,-2.5337941997523714,False,True,False,True,False,0.0,0.0,0.0,0.0,0.0,0,0.9425219210348604,0.9268702775594944,False,False,False,False,-0.09053426273060967,-0.06327886115050213,False,False,False,False,17225,11982.417942854972,False,False,False,False,4728.569708187835,False,False,False,False
2022-04-21 00:00:00+00:00,15.9197637187,16.2534637075,15.9197637187,15.9912810759,1716,,,,,,,,,,,,,,,,,,,,,,,,,,,,,,,,,,,,,,,,,,,,,,,,,,,,,,,"rgba(239, 83, 80, 1.0)",0.48135979008771,16.40385513768212,-1.0056748173625178,42.55257800670841,-3.3945611429170413,False,True,False,True,False,0.0,0.0,0.0,0.0,0.0,0,0.9432552177201734,0.9183187548555438,False,False,False,False,-0.04235749519279461,-0.05281817817164837,False,False,False,False,15509,12120.715278429287,False,False,False,False,4610.429719631449,False,False,False,False
2022-04-22 00:00:00+00:00,15.9269154544,16.0484949617,15.912611983,15.9197637187,1648,,,,,,,,,,,,,,,,,,,,,,,,,,,,,,,,,,,,,,,,,,,,,,,,,,,,,,,"rgba(239, 83, 80, 0.5)",0.4806137497736448,16.396894635429973,-0.9778729411119017,42.093810414592184,-3.9805755168160317,False,True,False,True,False,0.0,0.0,0.0,0.0,0.0,0,0.9456396187710584,0.9272321958316573,False,False,False,False,-0.08479152487527988,-0.06880485152346413,False,False,False,False,17157,12318.21664005951,False,False,False,False,4494.256005136099,False,False,False,False
2022-04-25 00:00:00+00:00,15.6694529684,15.912611983,15.4835078396,15.912611983,16645,,,,,,,,,,,,,,,,,,,,,,,,,,,,,,,,,,,,,,,,,,,,,,,,,,,,,,,"rgba(239, 83, 80, 1.0)",0.47994806364628917,16.303785035560807,-1.3216681453856132,40.21511392386344,-5.900124622571852,False,True,False,True,False,0.0,0.0,0.0,0.0,0.0,0,0.9359846408078369,0.9307584109375577,False,False,False,False,-0.19975569074341487,-0.1342802711334395,False,False,False,False,512,11855.22775221404,False,False,False,False,4970.755769640566,False,False,False,False
2022-04-26 00:00:00+00:00,15.5121147825,15.912611983,15.3655042002,15.7910324757,11234,,,,,,,,,,,,,,,,,,,,,,,,,,,,,,,,,,,,,,,,,,,,,,,,,,,,,,,"rgba(255, 0, 0, 1.0)",0.4834221209136818,16.24790714321551,-1.5220494240620226,38.09346071742699,-7.981253307061976,False,True,False,True,False,0.0,0.0,0.0,0.0,0.0,0,0.9378921178481113,0.9350787558286411,False,False,False,False,-0.22433730944164865,-0.17930879028754407,False,False,False,False,-10722,10969.846271735058,False,False,False,False,5216.373190438975,False,False,False,False
2022-04-27 00:00:00+00:00,15.3762318038,15.6909081756,15.2761075037,15.5550251969,11868,,,,,,,,,,,,,,,,,,,,,,,,,,,,,,,,,,,,,,,,,,,,,,,,,,,,,,,"rgba(255, 0, 0, 1.0)",0.4893212660365023,16.187489082111288,-1.6579236068819665,35.96113301728865,-10.016780724601368,False,True,False,True,False,0.0,0.0,0.0,0.0,0.0,0,0.9386476769252583,0.9341919806497344,False,False,False,False,-0.34282825441539394,-0.261068522351469,False,False,False,False,-22590,9653.773868921919,False,False,False,False,5477.221300617839,False,False,False,False
2022-04-28 00:00:00+00:00,15.3118661823,15.7644280188,15.1759832036,15.3529886627,11876,,,,,,,,,,,,,,,,,,,,,,,,,,,,,,,,,,,,,,,,,,,,,,,,,,,,,,,"rgba(255, 0, 0, 1.0)",0.4965269446561243,16.1342375786888,-1.6562472696387998,34.200559717392046,-11.675141782649263,False,True,False,True,False,0.0,0.0,0.0,0.0,0.0,0,0.9344384150615765,0.948616593917207,False,False,False,False,-0.34282825441539394,-0.30194838838343147,False,False,False,False,-34466,7923.586658375962,False,False,False,False,5728.153798632826,False,False,False,False
2022-04-29 00:00:00+00:00,15.1831349393,15.6050873469,15.0901623749,15.5192665182,9173,,,,,,,,,,,,,,,,,,,,,,,,,,,,,,,,,,,,,,,,,,,,,,,,,,,,,,,"rgba(255, 0, 0, 1.0)",0.5050874261113376,16.092050137440644,-1.799520540707916,32.35253098007171,-13.41275124890793,False,True,False,True,False,0.0,0.0,0.0,0.0,0.0,0,0.9076971713408616,0.9804523051097249,False,False,False,False,-0.34282825441539394,-0.3223883213994127,False,False,False,False,-43639,5901.524436478866,False,False,False,False,5863.245806529578,False,False,False,False
2022-05-02 00:00:00+00:00,15.4048387467,15.4200719438,15.0186450177,15.2331970893,8749,,,,,,,,,,,,,,,,,,,,,,,,,,,,,,,,,,,,,,,,,,,,,,,,,,,,,,,"rgba(239, 83, 80, 1.0)",0.5066974138689243,16.055370305668745,-1.2838659546366453,33.76128442035177,-13.41275124890793,False,True,False,True,False,0.0,0.0,0.0,0.0,0.0,0,0.9167248289608219,0.9806690500850755,False,False,False,False,-0.34282825441539394,-0.3326082879074033,False,False,False,False,-34890,4301.856811518911,False,False,False,False,5976.412637646065,False,False,False,False
2022-05-03 00:00:00+00:00,16.3417161264,16.3417161264,15.3404731252,15.3404731252,14930,,,,,,,,,,,,,,,,,,,,,,,,,,,,,,,,,,,,,,,,,,,,,,,,,,,,,,,"rgba(38, 166, 154, 0.5)",0.5051659499244157,16.052595768106734,0.5723274863171727,41.89764190382816,-13.024883141914735,False,True,False,True,True,1.7182546816827617,0.0,0.0,0.0,0.0,0,0.9292630445766447,0.9396426190249907,False,False,False,False,-0.10261300563760567,-0.2176106467725045,False,False,False,False,-19960,3350.411446361307,False,False,False,False,6327.533710679552,False,False,False,False
2022-05-04 00:00:00+00:00,17.0497379629,17.0497379629,16.4489921622,16.4489921622,9719,,,,,,,,,,,,,,,,,,,,,,,,,,,,,,,,,,,,,,,,,,,,,,,,,,,,,,,"rgba(0, 255, 255, 0.75)",0.5182610738809542,16.151803227671383,1.7325915074124874,50.39753857135152,-5.521131441626736,False,False,False,False,True,6.507164423455194,0.0,0.0,0.0,0.0,0,0.9710196446187799,0.9129286599386921,False,False,False,False,0.23466516228383727,0.008527257755666387,False,False,False,False,-10241,2817.4149190530206,False,False,False,False,6460.532388692119,False,False,False,False
2022-05-05 00:00:00+00:00,16.4418404265,16.8137306841,16.0341914903,16.4847508408,8984,,,,,,,,,,,,,,,,,,,,,,,,,,,,,,,,,,,,,,,,,,,,,,,,,,,,,,,"rgba(38, 166, 154, 0.5)",0.5162331647680477,16.147486518334034,0.5701956562558794,52.19077931968545,-4.404687260318013,True,False,True,False,True,2.0933370093564214,0.0,0.0,0.0,0.0,0,0.9493090911873953,0.9236313807137634,False,False,False,False,0.11171551791700776,0.060121387836337074,False,False,False,False,-19225,1953.006490854863,False,False,False,False,6559.491902861055,False,False,False,False
2022-05-06 00:00:00+00:00,15.5907838755,16.4561438979,15.1876405328,16.4561438979,19242,,,,,,,,,,,,,,,,,,,,,,,,,,,,,,,,,,,,,,,,,,,,,,,,,,,,,,,"rgba(239, 83, 80, 0.5)",0.5176959453249733,16.08417500704605,-0.9530519526018947,49.48545319022831,-4.404687260318013,False,False,False,False,True,0.0,0.0,0.0,0.0,0.0,0,0.9449680326940402,0.9371199975071562,False,False,False,False,-0.10972657671158134,-0.024802594437622134,False,False,False,False,-38467,367.90819709584866,False,False,False,False,7056.845161572386,False,False,False,False
2022-05-09 00:00:00+00:00,14.725423853,15.2188936179,14.0531606951,14.0531606951,19673,,,,,,,,,,,,,,,,,,,,,,,,,,,,,,,,,,,,,,,,,,,,,,,,,,,,,,,"rgba(255, 26, 202, 1.0)",0.53720411879807,15.848247006142445,-2.090123872569383,44.88954816648828,2.538522851988418,False,True,False,True,False,0.0,0.0,0.0,0.0,0.0,0,0.8662111247606662,0.9742485282674915,False,False,False,False,-0.34282825441539394,-0.18381542442650803,False,False,False,False,-58140,-1926.5195753392827,False,False,False,False,7551.596331706802,True,False,False,False
2022-05-10 00:00:00+00:00,15.2975627108,15.3333213895,14.5180235171,14.5180235171,11271,,,,,,,,,,,,,,,,,,,,,,,,,,,,,,,,,,,,,,,,,,,,,,,,,,,,,,,"rgba(239, 83, 80, 0.5)",0.5393124724564895,15.820219571452643,-0.9691169541694784,44.428611182249405,2.2794105212733413,False,True,False,True,False,0.0,0.0,0.0,0.0,0.0,0,0.895184240975508,0.9696582798140831,False,False,False,False,-0.2552529018111945,-0.21953416311885127,False,False,False,False,-46869,-3688.9697880710755,False,False,False,False,7697.455299090849,False,False,False,False
2022-05-11 00:00:00+00:00,15.8625498329,16.1486192618,15.0830106392,15.319017918,10311,,,,,,,,,,,,,,,,,,,,,,,,,,,,,,,,,,,,,,,,,,,,,,,,,,,,,,,#000000,0.537779311808643,15.831875558245693,0.057038777767673965,46.31594297494863,2.2794105212733413,False,True,False,True,False,0.0,0.0,0.0,0.0,0.0,0,0.9199453401725701,0.9346203538981501,False,False,False,False,-0.05894374287826777,-0.1392389529985595,False,False,False,False,-36558,-4977.951365009465,False,False,False,False,7799.94724814611,False,False,False,False
2022-05-12 00:00:00+00:00,15.6623012327,16.0771019046,15.6623012327,15.7695772685,1598,,,,,,,,,,,,,,,,,,,,,,,,,,,,,,,,,,,,,,,,,,,,,,,,,,,,,,,#000000,0.5395962379121786,15.833877897367488,-0.3179723145056693,46.84848375140889,2.2794105212733413,False,True,False,False,False,0.0,0.0,0.0,0.0,0.0,0,0.9452555491259088,0.9540058420417082,False,False,False,False,0.011379787223624588,-0.06392958288746746,False,False,False,False,-38156,-6279.051311479682,False,False,False,False,7556.733630571753,False,False,False,False
2022-05-13 00:00:00+00:00,15.9197637187,16.0237499561,15.7669311263,16.0213898833,1912,,,,,,,,,,,,,,,,,,,,,,,,,,,,,,,,,,,,,,,,,,,,,,,,,,,,,,,#000000,0.5396747017048996,15.837140563937787,0.15309806907975632,48.208922980538844,2.2794105212733413,False,False,False,False,False,0.0,0.0,0.0,0.0,0.0,1,0.9438050200466913,0.9536652249270858,False,False,False,False,0.018476150447650875,-0.022726716219908294,False,False,False,False,-36244,-7454.1473384804785,False,False,False,False,7335.371527412076,False,False,False,False
2022-05-16 00:00:00+00:00,15.4048387467,16.0842536403,15.4048387467,16.0842536403,3248,,,,,,,,,,,,,,,,,,,,,,,,,,,,,,,,,,,,,,,,,,,,,,,,,,,,,,,"rgba(239, 83, 80, 0.5)",0.5432924606095291,15.83741257382319,-0.7962080435238857,47.19749305590901,2.2794105212733413,False,True,False,False,False,0.0,0.0,0.0,0.0,0.0,1,0.9313107700306716,0.9447457139055625,False,False,False,False,-0.02325757873356282,-0.022992147476735558,False,False,False,False,-39492,-8710.533717363596,False,False,False,False,7175.08244790572,False,False,False,False
2022-05-17 00:00:00+00:00,15.7767290043,16.2558952977,15.5049630468,15.5049630468,2524,,,,,,,,,,,,,,,,,,,,,,,,,,,,,,,,,,,,,,,,,,,,,,,,,,,,,,,#000000,0.5439057185766275,15.840222782766963,-0.11673673634673853,48.02868128789869,2.2794105212733413,False,True,False,False,False,0.0,0.0,0.0,0.0,0.0,1,0.9294609090769197,0.9403726702290162,False,False,False,False,0.014348796312331649,-0.004321675582201955,False,False,False,False,-36968,-9818.669650016005,False,False,False,False,6992.687057791771,False,False,False,False
2022-05-18 00:00:00+00:00,15.7409703256,16.0556466974,15.1446586011,15.7481220614,5752,,,,,,,,,,,,,,,,,,,,,,,,,,,,,,,,,,,,,,,,,,,,,,,,,,,,,,,#000000,0.5449208175882145,15.839986073064377,-0.18170667052621614,48.43973239116262,2.2794105212733413,False,False,False,False,False,0.0,0.0,0.0,0.0,0.0,1,0.9154040242030066,0.9444779674861157,False,False,False,False,-0.0632939924867012,-0.033807834034451575,False,False,False,False,-42720,-11108.917899034986,False,False,False,False,6944.0326633685645,False,False,False,False
2022-05-19 00:00:00+00:00,15.2832592394,16.0270397546,15.2832592394,15.7481220614,5334,,,,,,,,,,,,,,,,,,,,,,,,,,,,,,,,,,,,,,,,,,,,,,,,,,,,,,,"rgba(239, 83, 80, 1.0)",0.5496480334186427,15.836336456544444,-1.0062388720004574,46.933230049324166,2.2794105212733413,False,True,False,True,False,0.0,0.0,0.0,0.0,0.0,1,0.9226664177585964,0.9442008974269631,False,False,False,False,-0.04802791062329246,-0.04091787232887202,False,False,False,False,-48054,-12557.744648092437,False,False,False,False,6880.894127550189,False,False,False,False
2022-05-20 00:00:00+00:00,15.1759832036,16.0399128789,14.9399759247,15.7338185899,3329,,,,,,,,,,,,,,,,,,,,,,,,,,,,,,,,,,,,,,,,,,,,,,,,,,,,,,,"rgba(239, 83, 80, 1.0)",0.5576414213094251,15.831759591168387,-1.1759822038121324,45.530756320217556,1.593573226631861,False,True,False,True,False,0.0,0.0,0.0,0.0,0.0,1,0.9139332011352255,0.951225832650464,False,False,False,False,-0.09398188401158958,-0.06744987817023079,False,False,False,False,-51383,-14080.303681500576,False,False,False,False,6741.6041617639075,False,False,False,False
2022-05-23 00:00:00+00:00,16.0627984332,16.0627984332,16.0627984332,16.0627984332,861,,,,,,,,,,,,,,,,,,,,,,,,,,,,,,,,,,,,,,,,,,,,,,,,,,,,,,,#000000,0.555710316322754,15.833255459095405,0.4130622868827199,48.38092363194757,1.593573226631861,False,True,False,False,False,0.29970987188943354,0.0,0.0,0.0,0.0,1,0.9229617493263536,0.9303724242219824,False,False,False,False,0.06490355865741344,-0.0012731597564086747,False,False,False,False,-50522,-15509.38981163781,False,False,False,False,6510.992233851598,False,False,False,False
2022-05-24 00:00:00+00:00,15.9912810759,15.9912810759,15.6050873469,15.6050873469,1352,,,,,,,,,,,,,,,,,,,,,,,,,,,,,,,,,,,,,,,,,,,,,,,,,,,,,,,#000000,0.5552434014722571,15.834321909426514,0.28268533413868707,49.96945492451131,1.593573226631861,False,False,False,False,True,0.0,0.0,0.0,0.0,0.0,1,0.9108953794278443,0.9345608246764835,False,False,False,False,-0.008411006440662089,-0.004842083098535382,False,False,False,False,-51874,-16935.452956279467,False,False,False,False,6308.678812916241,False,False,False,False
2022-05-25 00:00:00+00:00,15.6050873469,16.2701272518,15.6050873469,16.2701272518,5515,,,,,,,,,,,,,,,,,,,,,,,,,,,,,,,,,,,,,,,,,,,,,,,,,,,,,,,#000000,0.5557721713801493,15.837395659228065,-0.41799198356976747,49.37902252064557,1.593573226631861,False,False,False,False,True,0.0,0.0,0.0,0.0,0.0,1,0.9124118494433628,0.9156460199101817,False,False,False,False,0.030179158757517165,0.012668537829490891,False,False,False,False,-57389,-18521.866565837136,False,False,False,False,6277.554153586193,False,False,False,False
2022-05-26 00:00:00+00:00,15.6193908184,15.8697015687,15.5907838755,15.5907838755,3702,,,,,,,,,,,,,,,,,,,,,,,,,,,,,,,,,,,,,,,,,,,,,,,,,,,,,,,#000000,0.5573211531351432,15.8370665830102,-0.3905750990890834,49.05065310102733,1.593573226631861,False,False,False,False,True,0.0,0.0,0.0,0.0,0.0,1,0.9111765077417038,0.9362854436314293,False,False,False,False,-0.027218126305182652,-0.00727479423784588,False,False,False,False,-53687,-19900.891406392544,False,False,False,False,6176.552029916146,False,False,False,False
2022-05-27 00:00:00+00:00,15.8196394186,16.2701987691,15.7338185899,16.0627984332,4503,,,,,,,,,,,,,,,,,,,,,,,,,,,,,,,,,,,,,,,,,,,,,,,,,,,,,,,#000000,0.5569235980576881,15.84115018607536,-0.03862427009805495,49.777771302523156,1.593573226631861,False,False,False,False,True,0.0,0.0,0.0,0.0,0.0,1,0.9100951660738161,0.9296073611910901,False,False,False,False,0.04802788287379688,0.0203765443179755,False,False,False,False,-49184,-21049.248606141857,False,False,False,False,6110.922538546886,False,False,False,False
2022-05-31 00:00:00+00:00,15.8267911543,16.1271640547,15.4405974253,16.0020086795,7964,,,,,,,,,,,,,,,,,,,,,,,,,,,,,,,,,,,,,,,,,,,,,,,,,,,,,,,#000000,0.5542449125423348,15.84302246993323,-0.02928545714344184,50.297562632547994,1.593573226631861,False,False,False,False,True,0.0,0.0,0.0,0.0,0.0,1,0.8978068320272696,0.9594360058960801,False,False,False,False,-0.012369459729997936,0.004003542293988782,False,False,False,False,-41220,-21840.258464724528,False,False,False,False,6183.592242917596,False,False,False,False
2022-06-01 00:00:00+00:00,15.6193908184,16.0914053761,15.576480404,16.0914053761,9763,,,,,,,,,,,,,,,,,,,,,,,,,,,,,,,,,,,,,,,,,,,,,,,,,,,,,,,#000000,0.550956741360403,15.843337077246538,-0.4064679529895186,49.54295898840263,1.593573226631861,False,False,False,False,True,0.0,0.0,0.0,0.0,0.0,1,0.8724480325528555,0.9610374419929307,False,False,False,False,0.002231394697670223,0.0031174684958295024,False,False,False,False,-50983,-22983.111073951015,False,False,False,False,6323.961174567887,False,False,False,False
2022-06-02 00:00:00+00:00,16.1343157904,16.1343157904,15.6050873469,15.6050873469,4882,,,,,,,,,,,,,,,,,,,,,,,,,,,,,,,,,,,,,,,,,,,,,,,,,,,,,,,"rgba(38, 166, 154, 0.5)",0.543882357515476,15.846819419742078,0.5286002877005265,51.628977960362114,-2.755018376510108,False,False,False,False,True,0.8752408103184628,0.0,0.0,0.0,0.0,1,0.8748805245636526,0.959843641637426,False,False,False,False,0.01292239154565181,0.008019930020740657,False,False,False,False,-46101,-23889.694953403916,False,False,False,False,6267.4136775260085,False,False,False,False
2022-06-03 00:00:00+00:00,16.2701987691,16.2701987691,15.7278588102,16.2701987691,10669,,,,,,,,,,,,,,,,,,,,,,,,,,,,,,,,,,,,,,,,,,,,,,,,,,,,,,,"rgba(38, 166, 154, 0.5)",0.5438882978266656,15.858486377650236,0.7569796833190434,53.632298303424534,-0.7004102633871838,True,False,True,False,True,1.63743136114876,0.0,0.0,0.0,0.0,1,0.8805769431273831,0.9554211392975389,False,False,False,False,0.05063322456141147,0.029326577291076066,False,False,False,False,-35432,-24342.334366995918,False,False,False,False,6440.024905858322,False,False,False,False
2022-06-06 00:00:00+00:00,16.8414635259,16.8486947254,15.0408948621,15.0408948621,16403,,,,,,,,,,,,,,,,,,,,,,,,,,,,,,,,,,,,,,,,,,,,,,,,,,,,,,,"rgba(0, 255, 255, 0.75)",0.5507507832683712,15.882068984682272,1.741975808957192,57.245248796290326,2.7674305444710257,True,False,True,False,True,4.736808565898897,0.0,0.0,0.0,0.0,1,0.8693660386539079,0.9380165245317202,False,False,False,False,0.03546113459186483,0.03239385594147045,False,False,False,False,-19029,-24133.968313388235,False,False,False,False,6830.729811510937,False,False,False,False
2022-06-07 00:00:00+00:00,16.5594467472,17.1017867062,16.364204362,16.364204362,7712,,,,,,,,,,,,,,,,,,,,,,,,,,,,,,,,,,,,,,,,,,,,,,,,,,,,,,,"rgba(38, 166, 154, 1.0)",0.5537501305262711,15.90241255322318,1.186517452108571,57.923245429974756,3.412540684421465,True,False,True,False,True,3.075216000943165,0.0,0.0,0.0,0.0,1,0.9139798150287061,0.9279371216485659,False,False,False,False,0.26132563271720183,0.14685974432933613,False,False,False,False,-26741,-24236.20485011811,False,False,False,False,6865.289426745802,False,False,False,False
2022-06-08 00:00:00+00:00,16.8053075286,16.8053075286,16.1302027477,16.4509787555,2027,,,,,,,,,,,,,,,,,,,,,,,,,,,,,,,,,,,,,,,,,,,,,,,,,,,,,,,"rgba(0, 255, 255, 0.75)",0.5599276783905086,15.906946033685745,1.6044241597353461,59.3483404555217,4.82133730234515,True,False,True,False,True,4.38426353847813,0.0,0.0,0.0,0.0,1,0.9074197280169249,0.9386910898541799,False,False,False,False,0.18350453239272646,0.1651821383610313,False,False,False,False,-24714,-24254.94191481936,False,False,False,False,6675.552586481261,False,False,False,False
2022-06-09 00:00:00+00:00,16.6606835396,17.1270959043,16.6462211407,16.9427003183,5698,,,,,,,,,,,,,,,,,,,,,,,,,,,,,,,,,,,,,,,,,,,,,,,,,,,,,,,"rgba(38, 166, 154, 1.0)",0.5639220353508444,15.923322879180773,1.3075578079875496,59.37928529187777,4.964135151299189,True,False,True,False,True,3.5264013034966766,0.0,0.0,0.0,0.0,1,0.9191319520207608,0.9303502460186319,False,False,False,False,0.342828221506514,0.25400517993377264,False,False,False,False,-30412,-24496.395173061737,False,False,False,False,6637.217190932975,False,False,False,False
2022-06-10 00:00:00+00:00,16.7763827308,16.8414635259,16.747457933,16.8414635259,1630,,,,,,,,,,,,,,,,,,,,,,,,,,,,,,,,,,,,,,,,,,,,,,,,,,,,,,,"rgba(38, 166, 154, 1.0)",0.5681108025751733,15.927762052139597,1.4937590956090188,59.90753547275194,5.648683246420731,True,False,True,False,True,4.151398861704571,0.0,0.0,0.0,0.0,1,0.9237966570916479,0.9305931073834331,False,False,False,False,0.3127787032098035,0.28339194157178804,False,False,False,False,-28782,-24664.45810745147,False,False,False,False,6440.8557324650155,False,False,False,False
2022-06-13 00:00:00+00:00,16.3569731626,16.7836139303,16.3280483648,16.5956027445,7434,,,,,,,,,,,,,,,,,,,,,,,,,,,,,,,,,,,,,,,,,,,,,,,,,,,,,,,"rgba(38, 166, 154, 0.5)",0.5656101774729709,15.940755684047899,0.7358733897110447,57.613418071054745,5.648683246420731,True,False,True,False,False,1.671419257865125,0.0,0.0,0.0,0.0,1,0.9105653651457585,0.9328316254769538,False,False,False,False,0.2373429628311475,0.2603674522014678,False,False,False,False,-36216,-25117.45975029651,False,False,False,False,6479.802566485996,False,False,False,False
2022-06-14 00:00:00+00:00,16.6896083374,16.7727671311,16.5522155478,16.7113019358,1956,,,,,,,,,,,,,,,,,,,,,,,,,,,,,,,,,,,,,,,,,,,,,,,,,,,,,,,"rgba(38, 166, 154, 1.0)",0.5694509014382315,15.945100774754259,1.307413089987877,57.681423422269326,5.648683246420731,True,False,True,False,False,3.4848107307775678,0.0,0.0,0.0,0.0,0,0.9128091862220714,0.9264332747475412,False,False,False,False,0.27068564374211157,0.26552654797178965,False,False,False,False,-34260,-25475.990740480964,False,False,False,False,6302.398544270859,False,False,False,False
2022-06-15 00:00:00+00:00,16.3569731626,16.6715303388,16.2412739713,16.5739091462,2293,,,,,,,,,,,,,,,,,,,,,,,,,,,,,,,,,,,,,,,,,,,,,,,,,,,,,,,"rgba(38, 166, 154, 0.5)",0.5672607028911474,15.948457214591441,0.7201555579762222,55.78223183787242,5.648683246420731,True,False,True,False,False,1.5530440166113273,0.0,0.0,0.0,0.0,1,0.9031352197424513,0.9250354227072388,False,False,False,False,0.2067220547320425,0.2361243013519161,False,False,False,False,-36553,-25910.383260462102,False,False,False,False,6145.167228809257,False,False,False,False
2022-06-16 00:00:00+00:00,16.1255747801,16.3822823606,16.0894187828,16.1038811817,5715,,,,,,,,,,,,,,,,,,,,,,,,,,,,,,,,,,,,,,,,,,,,,,,,,,,,,,,#000000,0.5647882419283278,15.952921122773157,0.30569626721930265,53.274139454439485,7.373092205053759,True,False,True,False,False,0.23849961283489307,0.0,0.0,0.0,0.0,1,0.898761987675925,0.9389490252200561,False,False,False,False,0.14005855288001684,0.18809142711596646,False,False,False,False,-42268,-26551.85842671849,False,False,False,False,6128.297925718698,False,False,False,False
2022-06-17 00:00:00+00:00,16.0171067883,16.0749563839,15.2867556435,16.0749563839,89518,,,,,,,,,,,,,,,,,,,,,,,,,,,,,,,,,,,,,,,,,,,,,,,,,,,,,,,#000000,0.5648901815276651,15.924203985983258,0.1644617048671317,51.02877651810451,5.244151413211945,False,False,False,False,False,0.0,0.0,0.0,0.0,0.0,1,0.898234079467612,0.9469372040476554,False,False,False,False,-0.023607243865857584,0.08224209162505444,False,False,False,False,-131786,-30678.687508023646,False,False,False,False,9398.482320788553,False,False,False,False
2022-06-21 00:00:00+00:00,15.3807612364,17.3548786871,15.3807612364,15.9303323948,8897,,,,,,,,,,,,,,,,,,,,,,,,,,,,,,,,,,,,,,,,,,,,,,,,,,,,,,,"rgba(239, 83, 80, 0.5)",0.5679959185095803,15.934687521052682,-0.9752293398624826,46.63116797667939,1.176765214606192,False,True,False,True,False,0.0,0.0,0.0,0.0,0.0,1,0.9023615490440259,0.9072670476331381,False,True,False,False,0.17976160893763954,0.13100185028134698,False,False,False,False,-140683,-34992.58211555213,False,False,False,False,9378.816347424296,False,False,False,False
2022-06-22 00:00:00+00:00,15.7206276107,15.9158699959,15.3156804413,15.5832348211,6911,,,,,,,,,,,,,,,,,,,,,,,,,,,,,,,,,,,,,,,,,,,,,,,,,,,,,,,#000000,0.5698990531238975,15.91895806161293,-0.3480097919548796,45.75047376674672,0.47251667029450317,False,True,False,True,False,0.0,0.0,0.0,0.0,0.0,1,0.9054915166933389,0.952929419377408,False,False,False,False,-0.042713827484124216,0.04414401139861138,False,False,False,False,-133772,-38866.284777687346,False,False,False,False,9282.0392357606,False,False,False,False
2022-06-23 00:00:00+00:00,15.8797139987,15.8797139987,15.6410844167,15.836326802,2122,,,,,,,,,,,,,,,,,,,,,,,,,,,,,,,,,,,,,,,,,,,,,,,,,,,,,,,#000000,0.5692058117509416,15.917914259772983,-0.0671115092016983,46.068738371676936,0.47251667029450317,False,True,False,True,False,0.0,0.0,0.0,0.0,0.0,1,0.9125487598987145,0.9537279520422923,False,False,False,False,-0.0002767356687699239,0.021933637864920728,False,False,False,False,-131650,-42504.86184522902,False,False,False,False,9001.253383377833,False,False,False,False
2022-06-24 00:00:00+00:00,17.2825666925,17.2825666925,15.8797139987,15.8797139987,13842,,,,,,,,,,,,,,,,,,,,,,,,,,,,,,,,,,,,,,,,,,,,,,,,,,,,,,,"rgba(0, 255, 0, 1.0)",0.5846002390803818,15.971571122372422,2.242550519975615,51.964056660784365,-3.147904748783418,True,False,False,False,True,6.222128970594369,0.0,0.0,0.0,0.0,1,0.9202646781812917,0.9142718993272807,False,False,False,False,0.24520544979127346,0.1335695438280971,False,False,False,False,-117808,-45457.92608659259,False,True,False,False,9191.086584029681,False,False,False,False
2022-06-27 00:00:00+00:00,16.4726723538,16.8486947254,16.4220539576,16.4220539576,3708,,,,,,,,,,,,,,,,,,,,,,,,,,,,,,,,,,,,,,,,,,,,,,,,,,,,,,,"rgba(38, 166, 154, 0.5)",0.5848967083654889,15.97836805390399,0.8451138343338567,52.30585437107689,-2.9509472264468855,True,False,False,False,True,1.916951441573854,0.0,0.0,0.0,0.0,1,0.9249854922320466,0.9156333708223329,False,False,False,False,0.26215559450565407,0.19786256916687558,False,False,False,False,-121516,-48440.59565182426,False,False,False,False,8976.0635807344,False,False,False,False
2022-06-28 00:00:00+00:00,16.4726723538,16.6245275423,16.4148227582,16.6245275423,1927,,,,,,,,,,,,,,,,,,,,,,,,,,,,,,,,,,,,,,,,,,,,,,,,,,,,,,,"rgba(38, 166, 154, 0.5)",0.5824628777317528,15.981128063025311,0.8439066412075528,52.53371951127191,-2.69663204519523,True,False,False,False,True,1.916951441573854,0.0,0.0,0.0,0.0,1,0.928879730521268,0.9217047154230369,False,False,False,False,0.22616034944898336,0.21201145930792947,False,False,False,False,-121516,-51306.29778312527,False,False,False,False,8699.629714823248,False,False,False,False
2022-06-29 00:00:00+00:00,16.3858979604,16.3931291598,16.2738143689,16.3931291598,2777,,,,,,,,,,,,,,,,,,,,,,,,,,,,,,,,,,,,,,,,,,,,,,,,,,,,,,,"rgba(38, 166, 154, 0.5)",0.5829589058268708,15.983399308485302,0.6904408662284593,52.30725325470018,-2.69663204519523,True,False,False,False,True,1.464794405972416,0.0,0.0,0.0,0.0,1,0.9300907516081625,0.9209080904814029,False,False,False,False,0.16937878743917256,0.19069512337355102,False,False,False,False,-124293,-54168.521399473306,False,False,False,False,8467.36972600665,False,False,False,False
2022-06-30 00:00:00+00:00,16.7691515314,16.7836139303,16.1617307773,16.2991235669,3653,,,,,,,,,,,,,,,,,,,,,,,,,,,,,,,,,,,,,,,,,,,,,,,,,,,,,,,"rgba(38, 166, 154, 1.0)",0.5854945794747792,15.989131263867447,1.332241654965059,53.66907372327586,-1.2881695969129652,True,False,True,False,True,3.3627016226012287,0.0,0.0,0.0,0.0,1,0.9284007854004537,0.897478526173013,False,False,False,False,0.2117052205076992,0.20120017194062512,False,False,False,False,-120640,-56775.24605047435,False,False,False,False,8278.570913222075,False,False,False,False
2022-07-01 00:00:00+00:00,16.7546891325,16.7546891325,16.3425107637,16.7113019358,5956,,,,,,,,,,,,,,,,,,,,,,,,,,,,,,,,,,,,,,,,,,,,,,,,,,,,,,,"rgba(38, 166, 154, 1.0)",0.5871318884738661,15.998757284699476,1.2874992188985366,54.50368888942703,-0.29629004889159205,True,False,True,False,True,3.2849005256296984,0.0,0.0,0.0,0.0,1,0.9339761300486826,0.9009773093381304,False,False,False,False,0.2351018586955661,0.2181510153180956,False,False,False,False,-126596,-59513.3148328087,False,False,False,False,8187.489700938857,False,False,False,False
2022-07-05 00:00:00+00:00,16.1183435806,16.4076638707,16.0966499823,16.4076638707,3233,,,,,,,,,,,,,,,,,,,,,,,,,,,,,,,,,,,,,,,,,,,,,,,,,,,,,,,#000000,0.5858307419380102,15.999477456897008,0.20290181991775905,52.08846523747907,-0.29629004889159205,True,False,False,False,True,0.0,0.0,0.0,0.0,0.0,1,0.9170852462392569,0.9087332716854487,False,False,False,False,0.14493817568259923,0.1815445955003474,False,False,False,False,-129829,-62270.79268250248,False,False,False,False,7993.195987176549,False,False,False,False
2022-07-06 00:00:00+00:00,15.9375635943,16.4799035533,15.9375635943,16.284661168,1674,,,,,,,,,,,,,,,,,,,,,,,,,,,,,,,,,,,,,,,,,,,,,,,,,,,,,,,#000000,0.5858435593813239,15.999409128692438,-0.10556663703489262,49.73397506668221,-0.29629004889159205,False,False,False,False,False,0.0,0.0,0.0,0.0,0.0,1,0.9136743095554319,0.9018062232432227,False,False,False,False,0.13195841396350425,0.15675150473192584,False,False,False,False,-131503,-64985.78120475728,False,False,False,False,7745.384379836293,False,False,False,False
2022-07-07 00:00:00+00:00,16.5088283511,16.5160595505,16.1761931762,16.2412739713,1811,,,,,,,,,,,,,,,,,,,,,,,,,,,,,,,,,,,,,,,,,,,,,,,,,,,,,,,"rgba(38, 166, 154, 0.5)",0.5758813670005553,16.000939572240803,0.8819329951661855,50.749528311898274,-0.29629004889159205,False,False,False,False,False,1.9083319309904567,0.0,0.0,0.0,0.0,1,0.9267517212375349,0.890796997372134,False,False,False,False,0.17319971493528816,0.16497560983360698,False,False,False,False,-129692,-67523.27998104131,False,False,False,False,7512.663423764282,False,False,False,False
2022-07-08 00:00:00+00:00,16.284661168,16.6317587418,16.284661168,16.6317587418,1057,,,,,,,,,,,,,,,,,,,,,,,,,,,,,,,,,,,,,,,,,,,,,,,,,,,,,,,#000000,0.5672484139674636,16.001824849442215,0.49861103458987766,50.41670485614365,-0.29629004889159205,False,False,False,False,False,0.7584019642847473,0.0,0.0,0.0,0.0,1,0.9328740582862213,0.8868216083235956,False,False,False,False,0.20727523585449198,0.18612542284404948,False,False,False,False,-130749,-70002.7199817848,False,False,False,False,7259.500152244113,False,False,False,False
2022-07-11 00:00:00+00:00,16.4292851571,16.8486947254,16.1113293171,16.4148227582,8993,,,,,,,,,,,,,,,,,,,,,,,,,,,,,,,,,,,,,,,,,,,,,,,,,,,,,,,"rgba(38, 166, 154, 0.5)",0.5564041145439623,16.01074690469975,0.7522199089834023,50.85041483902554,-0.29629004889159205,False,False,False,False,False,1.4820602742941311,0.0,0.0,0.0,0.0,1,0.9310905099575565,0.8753060074803141,False,False,False,False,0.2139565630485165,0.200040992946283,False,False,False,False,-121756,-72032.26037465599,False,False,False,False,7327.480538430619,False,False,False,False
2022-07-12 00:00:00+00:00,16.3714355615,16.6100651434,16.2051179741,16.443747556,4464,,,,,,,,,,,,,,,,,,,,,,,,,,,,,,,,,,,,,,,,,,,,,,,,,,,,,,,"rgba(38, 166, 154, 0.5)",0.5509782493005656,16.014138274975057,0.6484780242750257,50.84768834409016,-0.29629004889159205,False,False,False,False,False,1.1789816409333937,0.0,0.0,0.0,0.0,1,0.9363087889539135,0.883633352447552,False,False,False,False,0.19183207103179745,0.1959365319890402,False,False,False,False,-126220,-74157.26977172832,False,False,False,False,7215.18718398236,False,False,False,False
2022-07-13 00:00:00+00:00,16.2918923675,16.3425107637,16.219580373,16.219580373,774,,,,,,,,,,,,,,,,,,,,,,,,,,,,,,,,,,,,,,,,,,,,,,,,,,,,,,,"rgba(38, 166, 154, 0.5)",0.5431582936507204,16.014482594910387,0.5107346713332215,50.422731842529444,-0.29629004889159205,False,False,False,False,False,0.7577707892582737,0.0,0.0,0.0,0.0,1,0.9377119989225635,0.8847108991959207,False,False,False,False,0.15360001488535743,0.1747682734371988,False,False,False,False,-126994,-76229.29840813112,False,False,False,False,6962.591608139915,False,False,False,False
2022-07-14 00:00:00+00:00,16.3135859658,16.3135859658,16.1479191864,16.1479191864,1360,,,,,,,,,,,,,,,,,,,,,,,,,,,,,,,,,,,,,,,,,,,,,,,,,,,,,,,"rgba(38, 166, 154, 0.5)",0.53993699644704,16.014990321919804,0.5530194186452376,50.264396801260204,-0.29629004889159205,False,False,False,False,False,0.8718351917135791,0.0,0.0,0.0,0.0,1,0.9372776234071741,0.8793424132844353,False,False,False,False,0.13853436393421534,0.15665131868570709,False,False,False,False,-125634,-78166.73768624362,False,False,False,False,6742.882133310898,False,False,False,False
2022-07-15 00:00:00+00:00,16.5522155478,16.5594467472,16.1038811817,16.4509787555,2498,,,,,,,,,,,,,,,,,,,,,,,,,,,,,,,,,,,,,,,,,,,,,,,,,,,,,,,"rgba(38, 166, 154, 1.0)",0.5302085488091135,16.016913957181398,1.009605733104318,51.5358516670415,-0.29629004889159205,False,False,False,False,False,2.128511357654993,0.0,0.0,0.0,0.0,1,0.9253675125502436,0.8974994538101758,False,False,False,False,0.16883334285911214,0.16274233077240963,False,False,False,False,-123136,-79930.23816913604,False,False,False,False,6576.416167298707,False,False,False,False
2022-07-18 00:00:00+00:00,16.4292851571,16.6606835396,16.3714355615,16.6606835396,2435,,,,,,,,,,,,,,,,,,,,,,,,,,,,,,,,,,,,,,,,,,,,,,,,,,,,,,,"rgba(38, 166, 154, 0.5)",0.5227101466485057,16.01929541854828,0.7843538932245337,51.57807804876876,-0.29629004889159205,False,False,False,False,False,1.4472544353592767,0.0,0.0,0.0,0.0,1,0.9023089306900426,0.9112628237375275,False,False,False,False,0.2250451846619372,0.19389375771717343,False,False,False,False,-125571,-81720.07196642483,False,False,False,False,6414.007690149738,False,False,False,False
2022-07-19 00:00:00+00:00,16.1183435806,16.6100651434,16.1183435806,16.2557363702,4992,,,,,,,,,,,,,,,,,,,,,,,,,,,,,,,,,,,,,,,,,,,,,,,,,,,,,,,#000000,0.5183644550283877,16.02142834512566,0.18696350518291996,49.70212682363451,2.8995284935830057,False,True,False,False,False,0.0,0.0,0.0,0.0,0.0,1,0.9129227839932116,0.9113894897456227,False,False,False,False,0.17866691058302583,0.18628033415009965,False,False,False,False,-130563,-83635.48090891798,False,False,False,False,6358.242682692886,False,False,False,False
2022-07-20 00:00:00+00:00,16.8486947254,16.8486947254,16.2557363702,16.52329075,4515,,,,,,,,,,,,,,,,,,,,,,,,,,,,,,,,,,,,,,,,,,,,,,,,,,,,,,,"rgba(0, 255, 255, 0.75)",0.5188846290748741,16.06911601081571,1.5024124263889136,52.45481744185888,2.8995284935830057,True,False,False,False,True,3.5598195225820213,0.0,0.0,0.0,0.0,1,0.9378260114598377,0.8870591045865527,False,False,False,False,0.2362221195428858,0.21125122684649272,False,False,False,False,-126048,-85298.71695170552,False,False,False,False,6285.958655920616,False,False,False,False
2022-07-21 00:00:00+00:00,16.7619203319,16.7619203319,16.2575441701,16.5883715451,1734,,,,,,,,,,,,,,,,,,,,,,,,,,,,,,,,,,,,,,,,,,,,,,,,,,,,,,,"rgba(38, 166, 154, 1.0)",0.520304631574444,16.069971630373878,1.3298914895919394,53.74471799282494,0.3987446105437513,True,False,True,False,True,3.0797588569216003,0.0,0.0,0.0,0.0,1,0.9815461612909253,0.8558625093002613,False,False,False,False,0.20600516794253992,0.20862819739451632,False,False,False,False,-127782,-86964.72805163864,False,False,False,False,6107.450473335494,False,False,False,False
2022-07-22 00:00:00+00:00,16.2991235669,16.2991235669,16.2991235669,16.2991235669,867,,,,,,,,,,,,,,,,,,,,,,,,,,,,,,,,,,,,,,,,,,,,,,,,,,,,,,,#000000,0.5166265257219136,16.067598189995177,0.4481484503361473,51.93778834140168,0.3987446105437513,False,False,False,False,False,0.5667218703549359,0.0,0.0,0.0,0.0,1,0.952578287989081,0.8579271989218811,False,False,False,False,0.052415538168443326,0.13052186778147984,False,False,False,False,-128649,-88599.40538294693,False,False,False,False,5901.942611636064,False,False,False,False
2022-07-25 00:00:00+00:00,16.0966499823,16.4075915587,15.7851299098,16.2340427719,6946,,,,,,,,,,,,,,,,,,,,,,,,,,,,,,,,,,,,,,,,,,,,,,,,,,,,,,,#000000,0.5074330863686362,16.050880986660026,0.09019710552875695,49.70249992430492,3.319611862586875,False,True,False,False,False,0.0,0.0,0.0,0.0,0.0,1,0.9163582268921051,0.8791282278594577,False,False,False,False,-0.04347284104857433,0.04352451336645276,False,False,False,False,-135595,-90442.36987773333,False,False,False,False,5942.886038630728,False,False,False,False
2022-07-26 00:00:00+00:00,15.7495524085,16.0098755888,15.7495524085,15.9881819905,1176,,,,,,,,,,,,,,,,,,,,,,,,,,,,,,,,,,,,,,,,,,,,,,,,,,,,,,,"rgba(239, 83, 80, 0.5)",0.508638688345256,16.04752378717486,-0.5858213020410324,46.58898477415321,0.4792848795907574,False,True,False,True,False,0.0,0.0,0.0,0.0,0.0,1,0.8930164237165137,0.8867594132548771,False,False,False,False,-0.146866125155936,-0.05167080589474162,False,False,False,False,-136771,-92259.17890213594,False,False,False,False,5755.949331233444,False,False,False,False
2022-07-27 00:00:00+00:00,16.1111123812,16.1111123812,15.7278588102,16.1038811817,1288,,,,,,,,,,,,,,,,,,,,,,,,,,,,,,,,,,,,,,,,,,,,,,,,,,,,,,,#000000,0.5077569599654551,16.041593031795138,0.1369146164133201,46.6964533849716,0.4792848795907574,False,True,False,True,False,0.0,0.0,0.0,0.0,0.0,1,0.8923779555631609,0.8851933327036414,False,False,False,False,-0.12771553010808218,-0.0896931680014119,False,False,False,False,-135483,-93954.23070989532,False,False,False,False,5580.735631969388,False,False,False,False
2022-07-28 00:00:00+00:00,16.1183435806,16.1183435806,15.7495524085,15.7495524085,585,,,,,,,,,,,,,,,,,,,,,,,,,,,,,,,,,,,,,,,,,,,,,,,,,,,,,,,#000000,0.5039473988375044,16.041077838874358,0.1533210448230873,46.81075072050517,0.4792848795907574,False,True,False,True,False,0.0,0.0,0.0,0.0,0.0,1,0.9040513276205535,0.885780100257989,False,False,False,False,-0.12077543570173001,-0.10523430185157095,False,False,False,False,-134898,-95559.86872127198,False,False,False,False,5384.8244307156865,False,False,False,False
2022-07-29 00:00:00+00:00,16.4509787555,16.4509787555,15.7571451679,15.7640148074,1466,,,,,,,,,,,,,,,,,,,,,,,,,,,,,,,,,,,,,,,,,,,,,,,,,,,,,,,"rgba(38, 166, 154, 0.5)",0.5029526030924593,16.04754199792915,0.8021367323486802,48.8058902493235,0.4792848795907574,False,True,False,False,True,1.435437408094753,0.0,0.0,0.0,0.0,1,0.9038003708793878,0.8831398572412437,False,False,False,False,-0.039827400866958906,-0.07253085135926493,False,False,False,False,-133432,-97045.05034004564,False,False,False,False,5231.145041275855,False,False,False,False
2022-08-01 00:00:00+00:00,16.4003603593,16.5533725397,16.364204362,16.5533725397,1986,,,,,,,,,,,,,,,,,,,,,,,,,,,,,,,,,,,,,,,,,,,,,,,,,,,,,,,"rgba(38, 166, 154, 0.5)",0.5001239197814427,16.05809466705246,0.6843617725725111,49.821489165403065,0.4792848795907574,False,True,False,False,True,1.158376459347501,0.0,0.0,0.0,0.0,1,0.934620648287168,0.8698567034472603,False,False,False,False,0.12851818285820055,0.027993665749467808,False,False,False,False,-135418,-98549.87189533797,False,False,False,False,5103.8844514219,False,False,False,False
2022-08-02 00:00:00+00:00,16.4870624407,16.4870624407,16.4870624407,16.4870624407,896,,,,,,,,,,,,,,,,,,,,,,,,,,,,,,,,,,,,,,,,,,,,,,,,,,,,,,,"rgba(38, 166, 154, 0.5)",0.5015958307783946,16.061725290331047,0.8479678742722002,51.02132913067967,-2.933462854794662,False,False,False,False,True,1.6232492265607874,0.0,0.0,0.0,0.0,1,0.9295146587002686,0.8651331512349019,False,False,False,False,0.14212505914989532,0.08505936244968157,False,False,False,False,-134522,-99960.54358571688,False,False,False,False,4938.869374895551,False,False,False,False
2022-08-03 00:00:00+00:00,15.9375635943,16.1255747801,15.9375635943,16.0532627855,1657,,,,,,,,,,,,,,,,,,,,,,,,,,,,,,,,,,,,,,,,,,,,,,,,,,,,,,,#000000,0.5016980425340354,16.056664774311187,-0.23739614252751864,48.52581999276535,-2.933462854794662,False,True,False,False,False,0.0,0.0,0.0,0.0,0.0,1,0.9336853729112509,0.8629358735471109,False,False,False,False,-0.11456693052019185,-0.014753784035255138,False,False,False,False,-136179,-101380.87520980641,False,False,False,False,4810.168615095726,False,False,False,False
2022-08-04 00:00:00+00:00,16.4148227582,16.8486947254,15.7929396052,16.0171067883,8325,,,,,,,,,,,,,,,,,,,,,,,,,,,,,,,,,,,,,,,,,,,,,,,,,,,,,,,"rgba(38, 166, 154, 0.5)",0.502795031280288,16.06686847568179,0.6920400180411466,49.68997146655978,-2.933462854794662,False,True,False,False,False,1.1849397579841217,0.0,0.0,0.0,0.0,1,0.9205364287975125,0.868771842834648,False,False,False,False,0.036160816768788566,0.010703516366766714,False,False,False,False,-127854,-102419.03696628459,False,False,False,False,4948.005139993932,False,False,False,False
2022-08-05 00:00:00+00:00,16.2340427719,16.3063547664,15.9749488955,15.9749488955,1234,,,,,,,,,,,,,,,,,,,,,,,,,,,,,,,,,,,,,,,,,,,,,,,,,,,,,,,#000000,0.5026276273619921,16.066268169720228,0.33379502646984666,49.444554466961556,-2.933462854794662,False,True,False,False,False,0.21079897210333698,0.0,0.0,0.0,0.0,1,0.9368595549311163,0.8841409630205085,False,False,False,False,-0.05748231035140142,-0.023389396992317353,False,False,False,False,-129088,-103464.87865388127,False,False,False,False,4802.357879602013,False,False,False,False
2022-08-08 00:00:00+00:00,16.2123491735,16.6100651434,16.2123491735,16.2738143689,1100,,,,,,,,,,,,,,,,,,,,,,,,,,,,,,,,,,,,,,,,,,,,,,,,,,,,,,,#000000,0.5027154587970745,16.067170880090153,0.28878820189305415,49.15502581291205,-2.933462854794662,False,True,False,False,False,0.09322572024343145,0.0,0.0,0.0,0.0,1,0.9447889860495656,0.8821332276422259,False,False,False,False,0.08327872816855061,0.02994466558811663,False,False,False,False,-130188,-104512.84419686632,False,False,False,False,4657.167374519581,False,False,False,False
2022-08-09 00:00:00+00:00,16.4148227582,16.9716251161,16.1978867746,16.2340427719,7664,,,,,,,,,,,,,,,,,,,,,,,,,,,,,,,,,,,,,,,,,,,,,,,,,,,,,,,"rgba(38, 166, 154, 0.5)",0.5035994663807943,16.080736003106654,0.6633977543588722,50.2203067771689,-2.933462854794662,False,False,False,False,False,1.1920847134086365,0.0,0.0,0.0,0.0,1,0.9457485454509914,0.8572734804984402,False,False,False,False,0.17497896513084166,0.10246181535947914,False,False,False,False,-122524,-105219.16403228334,False,False,False,False,4775.082379440382,False,False,False,False
2022-08-10 00:00:00+00:00,17.6513578646,17.6513578646,16.986087515,16.986087515,8043,,,,,,,,,,,,,,,,,,,,,,,,,,,,,,,,,,,,,,,,,,,,,,,,,,,,,,,"rgba(0, 255, 0, 1.0)",0.5338571838766815,16.1273589705684,2.8546939894390113,56.17619297186065,2.072673796992163,True,False,True,False,True,7.374306829780821,0.0,0.0,0.0,0.0,1,0.9533670197296199,0.8356906959743226,False,False,False,False,0.34282821092270993,0.22264501314109453,False,False,False,False,-114481,-105582.37328591928,False,False,False,False,4903.23601161919,False,False,False,False
2022-08-11 00:00:00+00:00,18.7649625804,18.8011185777,17.8129751724,18.294934616,9555,,,,,,,,,,,,,,,,,,,,,,,,,,,,,,,,,,,,,,,,,,,,,,,,,,,,,,,"rgba(0, 255, 0, 1.0)",0.6119461338115912,16.212156043186855,4.171619683766338,62.76913155780939,8.011604222048831,True,False,True,False,True,12.207642826748096,0.0,0.0,0.0,0.0,0,0.9867554525450587,0.7997479670600897,False,False,False,False,0.34282822689466497,0.28273662001787975,False,False,False,False,-104926,-105556.63315705971,False,False,False,False,5085.658128810595,False,False,False,False
2022-08-12 00:00:00+00:00,19.8930296951,20.0195756855,17.9695306406,18.3961714083,7451,,,,,,,,,,,,,,,,,,,,,,,,,,,,,,,,,,,,,,,,,,,,,,,,,,,,,,,"rgba(0, 255, 0, 1.0)",0.7434204293418784,16.290641778167902,4.845694004025629,68.89165359270562,13.301897290522014,True,False,True,False,True,16.527456776474992,0.0,0.0,0.0,0.0,0,0.9880829153789984,0.7690964654290798,False,False,False,False,0.3428282324945218,0.3127824262562008,False,False,False,False,-97475,-105239.70636658679,False,False,False,False,5178.416633563121,False,False,False,False
2022-08-15 00:00:00+00:00,20.0014976868,20.4642944518,19.4157705312,19.8496424983,15350,,,,,,,,,,,,,,,,,,,,,,,,,,,,,,,,,,,,,,,,,,,,,,,,,,,,,,,"rgba(0, 255, 0, 1.0)",0.8553302152785194,16.457418868234463,4.143521128166257,73.11345964471776,16.7492203976889,True,False,True,False,True,16.919495728092507,0.0,0.0,0.0,0.0,0,1.033415069906498,0.760121190845181,False,False,False,False,0.3428282372874214,0.3278053317718111,False,False,False,False,-82125,-104333.2472933873,False,False,False,False,5577.302255776332,False,False,False,False
2022-08-16 00:00:00+00:00,20.3341328617,20.7896984272,19.8858708076,19.8858708076,17683,,,,,,,,,,,,,,,,,,,,,,,,,,,,,,,,,,,,,,,,,,,,,,,,,,,,,,,"rgba(0, 255, 0, 1.0)",0.967129455432532,16.63081223941089,3.8291881210802976,76.35783683840613,19.36218187040039,True,False,True,False,True,18.113018267162524,0.0,0.0,0.0,0.0,0,1.0439674244554749,0.7568852026207415,False,False,False,False,0.34282823873017304,0.33531678525099207,False,False,False,False,-64442,-102768.88465443095,False,True,False,False,6052.035500647848,False,True,False,False
2022-08-17 00:00:00+00:00,19.8279489,20.5066692806,19.602335477,20.2473584682,9744,,,,,,,,,,,,,,,,,,,,,,,,,,,,,,,,,,,,,,,,,,,,,,,,,,,,,,,"rgba(0, 255, 0, 1.0)",1.037223890778604,16.70362077845106,3.012202234566373,75.6273052329762,19.36218187040039,True,False,True,False,True,15.233741939194559,0.0,0.0,0.0,0.0,0,1.0583243919466323,0.7776804246930491,False,False,False,False,0.2990088836922033,0.31716283447159765,False,False,False,False,-74186,-101647.98721700229,False,False,False,False,6196.81842219107,False,False,False,False
2022-08-18 00:00:00+00:00,19.8279489,20.2473584682,19.1771409492,20.1027344792,38972,,,,,,,,,,,,,,,,,,,,,,,,,,,,,,,,,,,,,,,,,,,,,,,,,,,,,,,"rgba(0, 255, 0, 1.0)",1.1025635184939082,16.926075424941693,2.6319331506834533,75.14028416268958,19.36218187040039,True,False,True,False,True,15.233741939194559,0.0,0.0,0.0,0.0,0,1.00165950483768,0.796474247547485,False,False,False,False,0.24750122672615651,0.28233203059887707,False,False,False,False,-74186,-100571.04654182572,False,False,False,False,7482.119660536518,False,False,False,False
2022-08-19 00:00:00+00:00,19.0180545612,20.6448535258,19.0180545612,20.6448535258,13529,,,,,,,,,,,,,,,,,,,,,,,,,,,,,,,,,,,,,,,,,,,,,,,,,,,,,,,"rgba(0, 255, 255, 0.75)",1.14079509388772,16.986418419645354,1.780894879755334,70.6465001953826,19.36218187040039,True,False,True,False,False,10.813012634991932,0.0,0.0,0.0,0.0,0,1.0039404883246636,0.7809139209030113,False,False,False,False,0.26528238750146027,0.27380720905016864,False,False,False,False,-87715,-100066.88785391099,False,False,False,False,7719.252222868419,False,False,False,False
2022-08-22 00:00:00+00:00,19.6068008532,20.9392266717,19.3511610159,19.3511610159,10664,,,,,,,,,,,,,,,,,,,,,,,,,,,,,,,,,,,,,,,,,,,,,,,,,,,,,,,"rgba(0, 255, 0, 1.0)",1.1940505539039235,17.212630806942034,2.0050826478244796,69.16928382169775,26.779795499953664,True,False,True,False,False,13.063843951136729,0.0,0.0,0.0,0.0,0,0.9884098595464196,0.7812073860639502,False,False,False,False,0.31290919296032627,0.29335820100524745,False,False,False,False,-77051,-99164.30401650272,False,False,False,False,7834.732527853971,False,False,False,False
2022-08-23 00:00:00+00:00,18.9096012969,19.8701873522,18.9096012969,19.8701873522,3604,,,,,,,,,,,,,,,,,,,,,,,,,,,,,,,,,,,,,,,,,,,,,,,,,,,,,,,"rgba(38, 166, 154, 1.0)",1.2247451574708341,17.213068340993352,1.3852130343671503,65.22601230689605,22.992223899107444,True,False,True,False,False,9.483927483764418,0.0,0.0,0.0,0.0,0,0.9754052103930725,0.8114885594031495,False,False,False,False,0.20014265070656517,0.2467504258559063,False,False,False,False,-80655,-98438.44895703203,False,False,False,False,7668.821448330285,False,False,False,False
2022-08-24 00:00:00+00:00,19.5370808975,19.6455341618,18.9018546352,18.9018546352,6337,,,,,,,,,,,,,,,,,,,,,,,,,,,,,,,,,,,,,,,,,,,,,,,,,,,,,,,"rgba(0, 255, 255, 0.75)",1.2657976145908716,17.22674658294594,1.8252004016462011,64.26309716726591,22.00194852824302,True,False,True,False,False,11.841805821915411,0.0,0.0,0.0,0.0,0,0.9874871071964618,0.8178682884059483,False,False,False,False,0.18329659004657248,0.2150235079512394,False,False,False,False,-74318,-97492.54899793274,False,False,False,False,7616.593156238901,False,False,False,False
2022-08-25 00:00:00+00:00,19.8314540435,19.8314540435,19.6222941766,19.6765208088,3393,,,,,,,,,,,,,,,,,,,,,,,,,,,,,,,,,,,,,,,,,,,,,,,,,,,,,,,"rgba(0, 255, 255, 0.75)",1.2987713455882175,17.24143902990452,1.9942040008762696,64.3368707776964,21.847901685602878,True,False,True,False,False,12.911494129403298,0.0,0.0,0.0,0.0,0,1.004997843648104,0.8147166056565956,False,False,False,False,0.24967423299919675,0.23234887047521807,False,False,False,False,-70925,-96450.68433134715,False,False,False,False,7450.96205207267,False,False,False,False
2022-08-26 00:00:00+00:00,18.994814576,19.6222941766,18.9343131479,19.6222941766,8083,,,,,,,,,,,,,,,,,,,,,,,,,,,,,,,,,,,,,,,,,,,,,,,,,,,,,,,"rgba(38, 166, 154, 1.0)",1.3148989544399405,17.257537924856678,1.3212244524776326,61.13453154440414,18.54557565967741,True,False,True,False,False,8.795612217926056,0.0,0.0,0.0,0.0,0,0.9886954752693689,0.8147165371586281,False,False,False,False,0.18396280049019625,0.20815583548270716,False,False,False,False,-79008,-95766.65749482374,False,False,False,False,7475.7478539521735,False,False,False,False
2022-08-29 00:00:00+00:00,19.0103078995,19.3314070285,18.8594803955,18.9483346056,4375,,,,,,,,,,,,,,,,,,,,,,,,,,,,,,,,,,,,,,,,,,,,,,,,,,,,,,,"rgba(38, 166, 154, 1.0)",1.3362846121521297,17.26553753908326,1.3056876840082203,59.045994780976926,16.355786017338474,True,False,True,False,False,8.854131653955122,0.0,0.0,0.0,0.0,0,0.9909433119290925,0.815706610804908,False,False,False,False,0.1576499492910847,0.18290289238689594,False,False,False,False,-74633,-94937.8866126738,False,False,False,False,7354.149898895226,False,False,False,False
2022-08-30 00:00:00+00:00,17.8638019626,19.211643638,17.8328153157,19.025801223,3043,,,,,,,,,,,,,,,,,,,,,,,,,,,,,,,,,,,,,,,,,,,,,,,,,,,,,,,#000000,1.3353359434852823,17.26371599357051,0.449389512771775,53.995033302257234,11.452373739368909,False,False,False,False,False,3.6074726986548598,0.0,0.0,0.0,0.0,0,0.9854142837941904,0.8146584840442954,False,False,False,False,0.07638624621356258,0.12964456930022927,False,False,False,False,-77676,-94260.94988276502,False,False,False,False,7185.085196977766,False,False,False,False
2022-08-31 00:00:00+00:00,18.762414724,19.1616150372,18.1753554397,18.2458025538,4818,,,,,,,,,,,,,,,,,,,,,,,,,,,,,,,,,,,,,,,,,,,,,,,,,,,,,,,"rgba(38, 166, 154, 1.0)",1.3496946401384262,17.26834070939538,1.106971881025909,53.37875024431225,10.782763980187163,False,False,False,False,False,7.009791015477852,0.0,0.0,0.0,0.0,0,0.9833336485641453,0.8401528132555247,False,False,False,False,0.09698326613003495,0.1133139177151321,False,False,False,False,-72858,-93421.61851481345,False,False,False,False,7092.25832650805,False,False,False,False
2022-09-01 00:00:00+00:00,16.7977229861,18.2066652682,16.758663975,18.1362181541,8509,,,,,,,,,,,,,,,,,,,,,,,,,,,,,,,,,,,,,,,,,,,,,,,,,,,,,,,#000000,1.338966180645176,17.242798533174824,-0.3324023814106847,48.42563199873409,5.999706108774021,False,True,False,True,False,0.0,0.0,0.0,0.0,0.0,0,0.9316230639899933,0.8177705023129498,False,False,False,False,-0.08185384251761449,0.01573003759875881,False,False,False,False,-81367,-92948.88837697764,False,False,False,False,7147.816823507735,False,False,False,False
2022-09-02 00:00:00+00:00,16.6098640151,16.9347034857,16.602036558,16.883903289,20021,,,,,,,,,,,,,,,,,,,,,,,,,,,,,,,,,,,,,,,,,,,,,,,,,,,,,,,#000000,1.333159721897529,17.176377074683117,-0.42494012553633076,44.78008715993092,2.56566320776237,False,True,False,True,False,0.0,0.0,0.0,0.0,0.0,0,0.9186025068922476,0.8520723457193109,False,False,False,False,-0.20110593428343768,-0.09268794834233943,False,False,False,False,-101388,-93279.83393082167,False,False,False,False,7652.647536311353,False,False,False,False
2022-09-06 00:00:00+00:00,16.2263186161,16.6714661027,16.093251845,16.602036558,5721,,,,,,,,,,,,,,,,,,,,,,,,,,,,,,,,,,,,,,,,,,,,,,,,,,,,,,,"rgba(239, 83, 80, 0.5)",1.328687592675683,17.156396265600353,-0.699997241358583,41.641535987768584,-0.38073168902652554,False,True,False,True,False,0.0,0.0,0.0,0.0,0.0,0,0.8957878076457321,0.8953217214364501,False,False,False,False,-0.26137949741666694,-0.1770337228795032,False,False,False,False,-107109,-93822.15416882867,False,False,False,False,7576.896652534438,False,False,False,False
2022-09-07 00:00:00+00:00,16.6803111292,16.6959660435,15.8506006742,16.1950087876,5077,,,,,,,,,,,,,,,,,,,,,,,,,,,,,,,,,,,,,,,,,,,,,,,,,,,,,,,#000000,1.3155231734190767,17.1409599615433,-0.350163981639382,41.029714806918804,-1.029729589218519,False,True,False,True,False,0.0,0.0,0.0,0.0,0.0,0,0.8859047703516614,0.8945907714697457,False,False,False,False,-0.2787346751969603,-0.22788419903823176,False,False,False,False,-102032,-94144.10890730597,False,False,False,False,7478.86148968995,False,False,False,False
2022-09-08 00:00:00+00:00,16.4298325013,16.4298325013,16.0854243879,16.1950087876,1556,,,,,,,,,,,,,,,,,,,,,,,,,,,,,,,,,,,,,,,,,,,,,,,,,,,,,,,"rgba(239, 83, 80, 0.5)",1.3010377251475047,17.13610587684852,-0.5428538787900606,40.09061973317985,-2.1369548953519484,False,True,False,True,False,0.0,0.0,0.0,0.0,0.0,0,0.8868895606435628,0.8899359460032654,False,False,False,False,-0.28123880927780315,-0.2545615041580175,False,False,False,False,-103588,-94514.4575776077,False,False,False,False,7246.592411662893,False,False,False,False
2022-09-09 00:00:00+00:00,16.6255189294,16.6255189294,16.0697694736,16.0697694736,5853,,,,,,,,,,,,,,,,,,,,,,,,,,,,,,,,,,,,,,,,,,,,,,,,,,,,,,,#000000,1.2975887058215778,17.120352865979914,-0.38134883138228914,40.14959258915889,-2.40572544530049,False,True,False,True,False,0.0,0.0,0.0,0.0,0.0,0,0.8924311960059528,0.8814740454834322,False,False,False,False,-0.2668858664458594,-0.26072368530193846,False,False,False,False,-97735,-94640.75335887799,False,False,False,False,7191.941728852584,False,False,False,False
2022-09-12 00:00:00+00:00,16.664656215,16.8212053575,16.1402165877,16.7155346863,3475,,,,,,,,,,,,,,,,,,,,,,,,,,,,,,,,,,,,,,,,,,,,,,,,,,,,,,,#000000,1.2932774901594046,17.112321214267624,-0.346147677257141,40.33354475448705,-2.6408402415763774,False,True,False,True,False,0.0,0.0,0.0,0.0,0.0,0,0.8976078782646868,0.8870046835566734,False,False,False,False,-0.2458617692398108,-0.2532927272708746,False,False,False,False,-94260,-94625.82185460828,False,False,False,False,7046.179308113266,False,False,False,False
2022-09-13 00:00:00+00:00,15.9601850739,17.2122651153,15.9601850739,16.4454874155,8138,,,,,,,,,,,,,,,,,,,,,,,,,,,,,,,,,,,,,,,,,,,,,,,,,,,,,,,"rgba(239, 83, 80, 0.5)",1.288944104515548,17.091909329366988,-0.8780243080380501,38.75016929329958,-4.578442443332612,False,True,False,True,False,0.0,0.0,0.0,0.0,0.0,0,0.890590885772918,0.8786364277743007,False,False,False,False,-0.2293419042125622,-0.24131731574171839,False,False,False,False,-102398,-94930.61315442757,False,False,False,False,7088.9958058343145,False,False,False,False
2022-09-14 00:00:00+00:00,16.3672128443,16.8290328146,15.9288752454,16.2576284446,6959,,,,,,,,,,,,,,,,,,,,,,,,,,,,,,,,,,,,,,,,,,,,,,,,,,,,,,,"rgba(239, 83, 80, 0.5)",1.28137462839774,17.075783885357822,-0.5529772678142038,39.28361541882327,-4.578442443332612,False,True,False,True,False,0.0,0.0,0.0,0.0,0.0,0,0.9062493031952118,0.8896231570034971,False,False,False,False,-0.2619188909064219,-0.25161810332407014,False,False,False,False,-95439,-94950.54989346962,False,False,False,False,7083.897931095714,False,False,False,False
2022-09-15 00:00:00+00:00,16.4376599584,16.8212053575,16.4376599584,16.8212053575,2427,,,,,,,,,,,,,,,,,,,,,,,,,,,,,,,,,,,,,,,,,,,,,,,,,,,,,,,#000000,1.2759116949320608,17.071373692738202,-0.4966752298417837,39.9154926712756,-4.578442443332612,False,True,False,True,False,0.0,0.0,0.0,0.0,0.0,0,0.9219733388909065,0.8896196476601728,False,False,False,False,-0.22261291978866707,-0.23711551155636862,False,False,False,False,-93012,-94874.52832901983,False,False,False,False,6901.274482817451,False,False,False,False
2022-09-16 00:00:00+00:00,15.9523576168,16.5941308263,15.3355539955,15.9367027025,15697,,,,,,,,,,,,,,,,,,,,,,,,,,,,,,,,,,,,,,,,,,,,,,,,,,,,,,,"rgba(239, 83, 80, 0.5)",1.2744740354649777,17.026753100757706,-0.843010884537733,39.029257415707036,-5.4378619137620845,False,True,False,True,False,0.0,0.0,0.0,0.0,0.0,0,0.8944738311483655,0.9047431930768611,False,False,False,False,-0.3287499119048033,-0.282932711730586,False,False,False,False,-108709,-95417.05662984258,False,False,False,False,7246.204895255982,False,False,False,False
2022-09-19 00:00:00+00:00,15.9210477883,15.9210477883,15.6549142461,15.7918947458,3598,,,,,,,,,,,,,,,,,,,,,,,,,,,,,,,,,,,,,,,,,,,,,,,,,,,,,,,"rgba(239, 83, 80, 0.5)",1.2706216055888857,17.0164198363431,-0.8620757298829632,38.3550467167871,-6.4603379955393265,False,True,False,True,False,0.0,0.0,0.0,0.0,0.0,0,0.8990499937803996,0.9245012548087702,False,False,False,False,-0.34282825441539394,-0.31288048307299,False,False,False,False,-112307,-96079.40735024092,False,False,False,False,7103.138036618492,False,False,False,False
2022-09-20 00:00:00+00:00,15.6157769605,15.8506006742,15.459227818,15.4748827323,5813,,,,,,,,,,,,,,,,,,,,,,,,,,,,,,,,,,,,,,,,,,,,,,,,,,,,,,,"rgba(239, 83, 80, 1.0)",1.2766534542587995,16.998214271142814,-1.0828602750661342,37.07692395405616,-8.01781857968453,False,True,False,True,False,0.0,0.0,0.0,0.0,0.0,0,0.8958609351031754,0.929686869722631,False,False,False,False,-0.34282825441539394,-0.32785436874419194,False,False,False,False,-118120,-96943.74431689814,False,False,False,False,7052.54438812365,False,False,False,False
2022-09-21 00:00:00+00:00,14.504278049,15.682310346,14.504278049,15.2244041043,22352,,,,,,,,,,,,,,,,,,,,,,,,,,,,,,,,,,,,,,,,,,,,,,,,,,,,,,,"rgba(255, 0, 0, 1.0)",1.305651140252944,16.905157670301065,-1.838836996562453,33.78529610736737,-11.365399744749695,False,True,False,True,False,0.0,0.0,0.0,0.0,0.0,0,0.8707743514188796,0.9292728005976215,False,False,False,False,-0.34282825441539394,-0.33534131157979297,False,False,False,False,-140472,-98650.7347358433,False,False,False,False,7652.523039569782,False,False,False,False
2022-09-22 00:00:00+00:00,14.1676973927,14.6686546486,13.7450147081,14.6686546486,9403,,,,,,,,,,,,,,,,,,,,,,,,,,,,,,,,,,,,,,,,,,,,,,,,,,,,,,,"rgba(255, 26, 202, 1.0)",1.344426618641648,16.85821688247351,-2.0012393777890964,30.9927843246779,-14.0987615763065,False,True,False,True,False,0.0,0.0,0.0,0.0,0.0,0,0.854388511672057,0.9503464307277985,False,False,False,False,-0.34282825441539394,-0.3390847829975935,False,False,False,False,-149875,-100659.52945208474,False,False,False,False,7721.169194880771,False,False,False,False
2022-09-23 00:00:00+00:00,13.2597123665,14.1911797641,12.9231317102,14.1911797641,5088,,,,,,,,,,,,,,,,,,,,,,,,,,,,,,,,,,,,,,,,,,,,,,,,,,,,,,,"rgba(255, 26, 202, 1.0)",1.408477899859033,16.827445346119813,-2.5330415052851647,27.744734939288133,-17.171409771822084,False,True,False,True,False,0.0,0.0,0.0,0.0,0.0,0,0.8398170557396624,0.9627825808852883,False,False,False,False,-0.34282825441539394,-0.3409565187064937,False,False,False,False,-154963,-102789.07731670888,False,False,False,False,7617.907657826624,False,False,False,False
2022-09-26 00:00:00+00:00,13.5728106514,13.5728106514,12.782237482,12.9934222751,5403,,,,,,,,,,,,,,,,,,,,,,,,,,,,,,,,,,,,,,,,,,,,,,,,,,,,,,,"rgba(255, 26, 202, 1.0)",1.4588772583336453,16.794305506258084,-2.2082014346688297,27.11400416195631,-17.768991471655013,False,True,False,True,False,0.0,0.0,0.0,0.0,0.0,0,0.8387585082601161,0.9842677988649657,False,False,False,False,-0.34282825441539394,-0.3418923865609438,False,False,False,False,-149560,-104623.23114742618,False,False,False,False,7531.048533990286,False,False,False,False
2022-09-27 00:00:00+00:00,12.8370296818,13.5415008229,12.7352727392,13.5415008229,9073,,,,,,,,,,,,,,,,,,,,,,,,,,,,,,,,,,,,,,,,,,,,,,,,,,,,,,,"rgba(255, 26, 202, 1.0)",1.5296712808005826,16.736606411699384,-2.549290673652751,25.56218661871163,-19.310609703765873,False,True,False,True,False,0.0,0.0,0.0,0.0,0.0,0,0.8325335212753966,0.986924501148995,False,False,False,False,-0.34282825441539394,-0.3423603204881689,False,False,False,False,-158633,-106741.26129850751,False,False,False,False,7591.517218931844,False,False,False,False
2022-09-28 00:00:00+00:00,12.656998168,13.5258459086,12.5325415997,12.8996493388,21008,,,,,,,,,,,,,,,,,,,,,,,,,,,,,,,,,,,,,,,,,,,,,,,,12.90512855876667,,,,,,12.90512855876667,"rgba(255, 26, 202, 1.0)",1.601722411242336,16.402066671538634,-2.338150778969163,24.272148085160048,-20.628484495609733,False,True,False,True,False,0.0,0.0,0.0,0.0,0.0,0,0.835743663164207,0.9862458409432187,True,False,False,False,-0.34282825441539394,-0.34259428745178144,False,False,False,False,-179641,-109600.07458091898,False,False,False,False,8117.653798581576,True,False,False,False
2022-09-29 00:00:00+00:00,12.9387866244,12.9387866244,12.5635383299,12.5708961396,2953,,,,,,,,,,,,,,,,,,,,,,,,,,,,,,,,,,,,,,,,,,,,,,,,12.893861201947772,,,,,,12.893861201947772,"rgba(255, 26, 202, 1.0)",1.6596520316033077,16.38483859535825,-2.076370169974238,24.860805549269088,-20.628484495609733,False,True,False,True,False,0.0,0.0,0.0,0.0,0.0,0,0.8350850726072752,1.009335229070427,False,False,False,False,-0.34282825441539394,-0.34271127093358766,False,False,False,False,-176688,-112230.97361696138,False,False,False,False,7915.118355499946,False,False,False,False
2022-09-30 00:00:00+00:00,12.7117903678,12.9622689958,12.6961354536,12.9622689958,9042,,,,,,,,,,,,,,,,,,,,,,,,,,,,,,,,,,,,,,,,,,,,,,,,12.865423611153876,,,,,,12.865423611153876,"rgba(255, 26, 202, 1.0)",1.7214318422138866,16.333392258997375,-2.103831126151199,24.846411004250008,-20.628484495609733,False,True,False,True,False,0.0,0.0,0.0,0.0,0.0,0,0.8390672392983547,1.0088386041359632,False,False,False,False,-0.33522844469857366,-0.3389698578160807,False,False,False,False,-185730,-115113.28837708053,False,False,False,False,7959.309792539165,False,False,False,False
2022-10-03 00:00:00+00:00,13.6823950511,13.6980499654,12.9857513672,12.9857513672,6225,,,,,,,,,,,,,,,,,,,,,,,,,,,,,,,,,,,,,,,,,,,,,,,,12.959045399589295,,,,,,12.959045399589295,"rgba(239, 83, 80, 1.0)",1.7542835571550388,16.311210936802517,-1.4985125266554553,29.363837628050952,-20.628484495609733,False,True,False,True,True,0.0,0.0,0.0,0.0,0.0,0,0.85156461506768,0.9856383136073595,False,False,False,False,-0.2861729341179635,-0.3125713959670221,False,False,False,False,-179505,-117638.45353876366,False,False,False,False,7891.297643812139,False,False,False,False
2022-10-04 00:00:00+00:00,14.0972502786,14.2068346783,13.3771242233,14.2068346783,23538,,,,,,,,,,,,,,,,,,,,,,,,,,,,,,,,,,,,,,,,,,,,,,,,13.309565691026004,,,,,,13.309565691026004,"rgba(239, 83, 80, 1.0)",1.7768952886787555,16.24695952589327,-1.209812002423467,33.98288308067153,-21.199405265583334,False,True,False,True,True,0.0,0.0,0.0,0.0,0.0,0,0.8739038526716079,0.9761564222265945,False,False,False,False,-0.24419469474912828,-0.2783830453580752,False,False,False,False,-155967,-119141.53379214548,False,False,False,False,8504.893814643036,False,False,False,False
2022-10-05 00:00:00+00:00,14.183352307,14.3007641638,13.3458143948,13.5649831943,19378,,,,,,,,,,,,,,,,,,,,,,,,,,,,,,,,,,,,,,,,,,,,,,,,13.459067819124185,,,,,,13.459067819124185,"rgba(239, 83, 80, 1.0)",1.7968922525251616,16.192833468944567,-1.1183092136552182,37.39455853997242,-18.147095831591344,False,True,False,True,True,0.0,0.0,0.0,0.0,0.0,0,0.877848288377687,0.9669738785632397,False,False,False,False,-0.24130720094107325,-0.2598451231495742,False,False,False,False,-136589,-119825.74815323782,False,False,False,False,8931.290135637426,False,False,False,False
2022-10-06 00:00:00+00:00,13.5101909944,13.932873679,13.5028331847,13.5415008229,5633,,,,,,,,,,,,,,,,,,,,,,,,,,,,,,,,,,,,,,,,,,,,,,,,13.471232948027723,,,,,,13.471232948027723,"rgba(239, 83, 80, 1.0)",1.8258079380497347,16.173987994286946,-1.4589689004925253,37.73535331849991,-17.930325514084444,False,True,False,True,True,0.0,0.0,0.0,0.0,0.0,0,0.8770201055967377,0.9723105904760374,False,False,False,False,-0.25104687865087755,-0.25544600090022584,False,False,False,False,-142222,-120704.03253938536,False,False,False,False,8801.945424435959,False,False,False,False
2022-10-07 00:00:00+00:00,13.6432577655,13.6432577655,13.103163224,13.228402538,5373,,,,,,,,,,,,,,,,,,,,,,,,,,,,,,,,,,,,,,,,,,,,,,,,13.470771112498491,,,,,,13.470771112498491,"rgba(239, 83, 80, 1.0)",1.8534168991722249,16.15440825527152,-1.3548762239585994,38.531887488277484,-17.128917322147515,False,True,False,True,True,0.0,0.0,0.0,0.0,0.0,0,0.8677068933593594,0.9793273245689675,False,False,False,False,-0.283222325028746,-0.2693341629644859,False,False,False,False,-136849,-121337.168518233,False,False,False,False,8667.476976418862,False,False,False,False
2022-10-10 00:00:00+00:00,14.0033207931,14.0502855359,13.609756249,13.7571472666,7443,,,,,,,,,,,,,,,,,,,,,,,,,,,,,,,,,,,,,,,,,,,,,,,,13.501626670695302,,,,,,13.501626670695302,"rgba(239, 83, 80, 1.0)",1.874141341387176,16.133608874414307,-1.1366741847429391,40.58488358243023,-15.086374920162811,False,True,False,True,True,0.0,0.0,0.0,0.0,0.0,0,0.8786010779301513,0.977463709681583,False,False,False,False,-0.24068690658224656,-0.2550105347733662,False,False,False,False,-129406,-121653.59328222387,False,False,False,False,8619.45827146126,False,False,False,False
2022-10-11 00:00:00+00:00,13.9720109647,14.4025211064,13.9720109647,13.995493336,9423,,,,,,,,,,,,,,,,,,,,,,,,,,,,,,,,,,,,,,,,,,,,,,,,13.55420687318845,,,,,,13.55420687318845,"rgba(239, 83, 80, 1.0)",1.8932113232503058,16.111470250342293,-1.130068925411466,41.845673201467505,-13.780375652756632,False,True,False,True,True,0.0,0.0,0.0,0.0,0.0,0,0.8735857723354294,0.9717759056308449,False,False,False,False,-0.2080150850421582,-0.2315128099077622,False,False,False,False,-138829,-122327.13864370529,False,False,False,False,8650.969711796113,False,False,False,False
2022-10-12 00:00:00+00:00,14.3868661922,14.3868661922,14.0659404501,14.2381445068,2563,,,,,,,,,,,,,,,,,,,,,,,,,,,,,,,,,,,,,,,,,,,,,,,,13.570727967492234,,,,,,13.570727967492234,"rgba(239, 83, 80, 0.5)",1.9075168521817063,16.10622331139343,-0.9013588096099537,44.45656589920099,-11.199382622516318,False,False,False,True,True,0.0,0.0,0.0,0.0,0.0,0,0.873708809333461,0.9706529667580618,False,False,False,False,-0.20446343925549137,-0.2179881245816268,False,False,False,False,-136266,-122873.76065767763,False,False,False,False,8412.2258015296,False,False,False,False
2022-10-13 00:00:00+00:00,14.2303170497,14.9191332765,14.0972502786,14.1285601071,10931,,,,,,,,,,,,,,,,,,,,,,,,,,,,,,,,,,,,,,,,,,,,,,,,13.645498706900907,,,,,,13.645498706900907,"rgba(239, 83, 80, 0.5)",1.923556044885244,16.08643462909348,-0.9649407327272396,45.56595855346456,-10.046093332930589,False,False,False,False,True,0.0,0.0,0.0,0.0,0.0,0,0.8795320767370922,0.9586201136854123,False,False,False,False,-0.17903552538792195,-0.19851182498477438,False,False,False,False,-147197,-123827.61318090596,False,False,False,False,8511.001260293144,False,False,False,False
2022-10-14 00:00:00+00:00,13.8232892793,14.6451722772,13.8207062185,14.6451722772,3932,,,,,,,,,,,,,,,,,,,,,,,,,,,,,,,,,,,,,,,,,,,,,,,,13.659410146208455,,,,,,13.659410146208455,"rgba(239, 83, 80, 1.0)",1.9455520492770004,16.077266560660277,-1.1585283889978126,44.73981546391421,-10.046093332930589,False,False,False,True,True,0.0,0.0,0.0,0.0,0.0,0,0.8758452488447275,0.9814058958073796,False,False,False,False,-0.20387081217184622,-0.2011913185783103,False,False,False,False,-151129,-124898.2558012626,False,False,False,False,8331.432583418904,False,False,False,False
2022-10-17 00:00:00+00:00,14.5355878775,14.5355878775,14.058112993,14.058112993,1973,,,,,,,,,,,,,,,,,,,,,,,,,,,,,,,,,,,,,,,,,,,,,,,,13.670341486069614,,,,,,13.670341486069614,"rgba(239, 83, 80, 0.5)",1.9555951676773864,16.073597368323018,-0.786466195173552,47.2076389760915,-8.258293127400137,False,False,False,False,True,0.0,0.0,0.0,0.0,0.0,0,0.8749937399422071,0.9687017169904157,False,False,False,False,-0.19808321208336388,-0.1996372653308371,False,False,False,False,-149156,-125849.5398874876,False,False,False,False,8082.082286029928,False,False,False,False
2022-10-18 00:00:00+00:00,15.2478864757,15.2478864757,14.7355011324,14.8878234481,1687,,,,,,,,,,,,,,,,,,,,,,,,,,,,,,,,,,,,,,,,,,,,,,,,13.68844332310839,,,,,,13.68844332310839,#000000,1.9584582746173567,16.072390274051045,-0.4209963566939598,51.22905486178547,-4.400308968431503,False,False,True,False,True,0.0,0.0,0.0,0.0,0.0,0,0.8813544405310331,0.9641752499899673,False,False,False,False,-0.13591522624881167,-0.16777624578982436,False,False,False,False,-147469,-126697.36185268417,False,False,False,False,7831.294745401303,False,False,False,False
2022-10-19 00:00:00+00:00,14.1363875642,15.1617844474,14.1363875642,15.1617844474,4784,,,,,,,,,,,,,,,,,,,,,,,,,,,,,,,,,,,,,,,,,,,,,,,,13.716247007661067,,,,,,13.716247007661067,"rgba(239, 83, 80, 0.5)",1.973794808673332,16.06429131138128,-0.9767498316996295,49.887011195867885,-4.400308968431503,False,False,False,False,True,0.0,0.0,0.0,0.0,0.0,0,0.8671061924767969,0.9726169441508887,False,False,False,False,-0.16640892830548643,-0.1670925870476554,False,False,False,False,-152253,-127699.5437408142,False,False,False,False,7711.7929906796835,False,False,False,False
2022-10-20 00:00:00+00:00,14.3164190781,14.4964505919,14.1050777357,14.245971964,4537,,,,,,,,,,,,,,,,,,,,,,,,,,,,,,,,,,,,,,,,,,,,,,,,13.735301078476594,,,,,,13.735301078476594,"rgba(239, 83, 80, 0.5)",1.985990486875778,16.055400032449665,-0.8756240102062671,49.608435496020576,-4.400308968431503,False,False,False,False,True,0.0,0.0,0.0,0.0,0.0,0,0.8588018342487107,1.0155540364555145,False,False,False,False,-0.19772922595423856,-0.182410906500947,False,False,False,False,-147716,-128484.5028098019,False,False,False,False,7587.291304770677,False,False,False,False
2022-10-21 00:00:00+00:00,15.1774393616,15.3183335898,14.3555563637,15.3183335898,7993,,,,,,,,,,,,,,,,,,,,,,,,,,,,,,,,,,,,,,,,,,,,,,,,13.800743013431504,,,,,,13.800743013431504,#000000,1.9893067555102857,15.990104652054775,-0.40851683040020415,52.064091871726234,-3.5352778319653453,False,False,True,False,True,0.0,0.0,0.0,0.0,0.0,0,0.8478289286425886,1.0185450422460054,False,False,False,False,-0.14965417502578746,-0.1660325407633672,False,False,False,False,-139723,-128925.22818980967,False,False,False,False,7603.201449681631,False,False,False,False
2022-10-24 00:00:00+00:00,15.0522000476,15.26354139,14.2919191373,14.8173763339,1639,,,,,,,,,,,,,,,,,,,,,,,,,,,,,,,,,,,,,,,,,,,,,,,,13.812413628173251,,,,,,13.812413628173251,#000000,1.9936887767122835,15.987702426549005,-0.4692319031316947,53.24006032710957,-2.293594464742739,True,False,True,False,True,0.0,0.0,0.0,0.0,0.0,0,0.8387206737220061,1.0491964009390295,False,False,False,False,-0.15492598347878836,-0.16047926212107777,False,False,False,False,-141362,-129412.94473138577,False,False,False,False,7369.311196752939,False,False,False,False
2022-10-25 00:00:00+00:00,14.9817529335,15.0365451334,14.6764821057,14.8721685338,6584,,,,,,,,,,,,,,,,,,,,,,,,,,,,,,,,,,,,,,,,,,,,,,,,13.858054962010334,,,,,,13.858054962010334,#000000,1.9982853330940369,15.980402957076613,-0.4997534671539416,53.749760201896436,-1.6270215909705001,True,False,True,False,True,0.0,0.0,0.0,0.0,0.0,0,0.8101595363970615,1.0657948970212674,False,False,False,False,-0.14791383198849944,-0.1541965470547886,False,False,False,False,-147946,-130139.7312125079,False,False,False,False,7338.514679233216,False,False,False,False
2022-10-26 00:00:00+00:00,14.5825526203,15.0991647904,14.3313695212,14.9191332765,3612,,,,,,,,,,,,,,,,,,,,,,,,,,,,,,,,,,,,,,,,,,,,,,,,13.876379104407112,,,,,,13.876379104407112,"rgba(239, 83, 80, 0.5)",2.006446178748429,15.973269004441976,-0.6931241908564278,52.54746874345351,-1.6270215909705001,True,False,True,False,True,0.0,0.0,0.0,0.0,0.0,0,0.7898364651279475,1.0723611701810407,False,False,False,False,-0.15593337041417143,-0.15506495873448,False,False,False,False,-151558,-130979.66332182132,False,False,False,False,7192.376848675051,False,False,False,False
2022-10-27 00:00:00+00:00,14.245971964,14.4807956777,14.1129051929,14.4807956777,3747,,,,,,,,,,,,,,,,,,,,,,,,,,,,,,,,,,,,,,,,,,,,,,,,13.88559847821778,,,,,,13.88559847821778,"rgba(239, 83, 80, 0.5)",2.018240665576553,15.961325553228745,-0.8499251939999521,50.53166231788578,-1.6270215909705001,False,False,False,False,False,0.0,0.0,0.0,0.0,0.0,1,0.7867095966981216,1.078833597968295,False,False,False,False,-0.19444410885602503,-0.17475453379525252,False,False,False,False,-155305,-131933.59809351462,False,False,False,False,7057.264031079952,False,False,False,False
2022-10-28 00:00:00+00:00,14.4025211064,14.4025211064,13.8937363934,14.2851092496,3820,,,,,,,,,,,,,,,,,,,,,,,,,,,,,,,,,,,,,,,,,,,,,,,,13.893504614061984,,,,,,13.893504614061984,"rgba(239, 83, 80, 0.5)",2.027725305961411,15.950014468425751,-0.7631671595142585,49.82688873535282,-1.6270215909705001,False,False,False,False,False,0.0,0.0,0.0,0.0,0.0,1,0.7888458521632081,1.0754469735021657,False,False,False,False,-0.20826490947596918,-0.19150972163561086,False,False,False,False,-151485,-132700.3197369062,False,False,False,False,6930.312500449366,False,False,False,False
2022-10-31 00:00:00+00:00,13.9563560504,14.5512427918,13.9407011362,13.9407011362,6945,,,,,,,,,,,,,,,,,,,,,,,,,,,,,,,,,,,,,,,,,,,,,,,,13.903675101552675,,,,,,13.903675101552675,"rgba(239, 83, 80, 0.5)",2.041804945510868,15.930217037263455,-0.9667235801359012,47.72695285193327,2.6511636932235803,False,False,False,False,False,0.0,0.0,0.0,0.0,0.0,1,0.7886290475275123,1.0837131316455255,False,False,False,False,-0.19916377128230814,-0.1953367464589595,False,False,False,False,-158430,-133709.32680604715,False,False,False,False,6930.888480823901,False,False,False,False
2022-11-01 00:00:00+00:00,13.6354303084,14.7329963462,13.6354303084,14.1520424785,11414,,,,,,,,,,,,,,,,,,,,,,,,,,,,,,,,,,,,,,,,,,,,,,,,13.909659336175848,,,,,,13.909659336175848,"rgba(239, 83, 80, 1.0)",2.060262062991197,15.89786792127792,-1.0981309870809315,45.25330011120405,0.20268976604182853,False,False,False,True,False,0.0,0.0,0.0,0.0,0.0,1,0.7761935186443206,1.097064817460239,False,False,False,False,-0.19691980057550493,-0.19612827351723222,False,False,False,False,-169844,-135126.37281365314,False,False,False,False,7106.696775693553,False,False,False,False
2022-11-02 00:00:00+00:00,13.5728106514,14.0033207931,13.5728106514,13.9250462219,5193,,,,,,,,,,,,,,,,,,,,,,,,,,,,,,,,,,,,,,,,,,,,,,,,13.90441273448928,,,,,,13.90441273448928,"rgba(239, 83, 80, 1.0)",2.0794383642749414,15.881055857679954,-1.1100330002254206,43.394136908340414,-1.6215409286984794,False,False,False,True,False,0.0,0.0,0.0,0.0,0.0,1,0.7830405465783243,1.0894916360445877,False,False,False,False,-0.23619063806710994,-0.21615945579217108,False,False,False,False,-175037,-136691.49544841185,False,False,False,False,7031.649843313414,False,False,False,False
2022-11-03 00:00:00+00:00,13.9485285933,13.9485285933,13.2362299951,13.2362299951,11154,,,,,,,,,,,,,,,,,,,,,,,,,,,,,,,,,,,,,,,,,,,,,,,13.711095727233335,13.893765809191871,,,,,,13.802430768212602,"rgba(239, 83, 80, 0.5)",2.0900510589901447,15.740827775487727,-0.8575384675308918,44.03557564544738,-1.6215409286984794,False,False,False,True,False,0.0,0.0,0.0,0.0,0.0,1,0.7742045822359803,1.0850938858835555,False,False,False,False,-0.25584924443396895,-0.23600435011307003,False,False,False,False,-163883,-137757.82896023884,False,False,False,False,7193.310633771711,False,False,False,False
2022-11-04 00:00:00+00:00,14.5355878775,14.5355878775,13.54932828,13.54932828,1643,,,,,,,,,,,,,,,,,,,,,,,,,,,,,,,,,,,,,,,,,,,,,,,13.774743386579845,13.896285178884325,,,,,,13.835514282732085,"rgba(239, 83, 80, 0.5)",2.094080721773485,15.741210316377666,-0.575728732107624,46.987712632935384,-1.6215409286984794,False,False,False,False,True,0.0,0.0,0.0,0.0,0.0,1,0.7699152201984859,1.0754035414436638,False,False,False,False,-0.20213787577334794,-0.21907111294320897,False,False,False,False,-162240,-138717.914099053,False,False,False,False,6975.651393231644,False,False,False,False
2022-11-07 00:00:00+00:00,14.0268031645,14.4455721206,14.0002680849,14.1089914643,2103,,,,,,,,,,,,,,,,,,,,,,,,,,,,,,,,,,,,,,,,,,,,,,,13.828772759760556,13.898948849176545,,,,,,13.863860804468551,"rgba(239, 83, 80, 0.5)",2.1048457194402674,15.740142238965271,-0.8139974624462698,46.89939382058637,-1.6215409286984794,True,False,False,True,True,0.0,0.0,0.0,0.0,0.0,1,0.8005764412768164,1.076115583174461,False,False,False,False,-0.1787724940492235,-0.19892180349621624,False,False,False,False,-164343,-139722.81942850194,False,False,False,False,6784.567024869619,False,False,False,False
2022-11-08 00:00:00+00:00,14.245971964,14.245971964,13.9093913077,14.0894228215,5185,,,,,,,,,,,,,,,,,,,,,,,,,,,,,,,,,,,,,,,,,,,,,,,13.90751083824415,13.90470700709535,,,,,,13.90610892266975,"rgba(239, 83, 80, 0.5)",2.113148640054672,15.734661794306579,-0.7044889328126308,47.770628116829485,-1.6215409286984794,True,False,False,False,True,0.0,0.0,0.0,0.0,0.0,1,0.7994492945650775,1.0739944815086029,False,False,False,False,-0.18409607417229001,-0.19150893883425313,False,False,False,False,-159158,-140484.98337248227,False,False,False,False,6721.838906247281,False,False,False,False
2022-11-09 00:00:00+00:00,14.2616268782,14.2616268782,14.2616268782,14.2616268782,1071,,,,,,,,,,,,,,,,,,,,,,,,,,,,,,,,,,,,,,,,,,,,,,,13.925437586154564,13.906505663174856,,,,,,13.91597162466471,"rgba(239, 83, 80, 0.5)",2.1211608892475056,15.733892880456688,-0.6940850218952432,48.42042000576647,-6.199248827407445,True,False,False,False,True,0.0,0.0,0.0,0.0,0.0,1,0.8290510017884167,1.073481244874587,False,False,False,False,-0.1629546649940303,-0.17723180191414173,False,False,False,False,-158087,-141175.25853434572,False,False,False,False,6500.237380512093,False,False,False,False
2022-11-10 00:00:00+00:00,14.5121055061,14.5199329633,14.2616268782,14.2616268782,2915,,,,,,,,,,,,,,,,,,,,,,,,,,,,,,,,,,,,,,,,,,,,,,,13.986688092259175,13.913605275077558,,,,,,13.950146683668367,"rgba(239, 83, 80, 0.5)",2.1264214566176114,15.733358994603213,-0.5743233471909179,49.9811657596244,-4.5264997121213355,True,False,False,False,True,0.0,0.0,0.0,0.0,0.0,1,0.8232181026241054,1.0757061627736892,False,False,False,False,-0.1016373454017178,-0.13943457365792977,False,False,False,False,-155172,-141724.15035652823,False,False,False,False,6359.639836178286,False,False,False,False
2022-11-11 00:00:00+00:00,14.0737679073,14.5121055061,13.6589126797,14.5121055061,2015,,,,,,,,,,,,,,,,,,,,,,,,,,,,,,,,,,,,,,,,,,,,,,,13.99401915694125,13.915161911960043,,,,,,13.954590534450647,"rgba(239, 83, 80, 0.5)",2.1356048967829557,15.729941713031398,-0.7755057165425278,48.99211595283701,-4.5264997121213355,True,False,False,False,True,0.0,0.0,0.0,0.0,0.0,1,0.8569003399806436,1.0669192375879826,False,False,False,False,-0.11123237812697824,-0.125333475892454,False,False,False,False,-157187,-142330.53661705655,False,False,False,False,6189.26180338698,False,False,False,False
2022-11-14 00:00:00+00:00,14.0737679073,14.0737679073,14.0424580788,14.0424580788,1198,,,,,,,,,,,,,,,,,,,,,,,,,,,,,,,,,,,,,,,,,,,,,,,13.997062550312778,13.915973728456592,,,,,,13.956518139384684,"rgba(239, 83, 80, 0.5)",2.1433003523236733,15.727817610382251,-0.7717302436352431,48.33274941497875,-4.5264997121213355,True,False,False,False,True,0.0,0.0,0.0,0.0,0.0,1,0.8713805543071593,1.043221278167498,False,False,False,False,-0.10800250452816486,-0.11666799021030944,False,False,False,False,-157187,-142913.1430242308,False,False,False,False,5993.526046391413,False,False,False,False
2022-11-15 00:00:00+00:00,14.3633838208,14.3633838208,13.9015638505,13.9015638505,2114,,,,,,,,,,,,,,,,,,,,,,,,,,,,,,,,,,,,,,,,,,,,,,,14.012334814641596,13.918783899297214,,,,,,13.965559356969404,"rgba(239, 83, 80, 0.5)",2.147964808841867,15.725145947273395,-0.6339778570244019,49.37621412090739,-4.5264997121213355,True,False,False,False,True,0.0,0.0,0.0,0.0,0.0,1,0.8816969342004113,1.0272076001007,False,False,False,False,-0.09521658170699199,-0.10594228595865071,False,False,False,False,-155073,-143390.00016053548,False,False,False,False,5841.387770062338,False,False,False,False
2022-11-16 00:00:00+00:00,14.2068346783,14.5198546887,14.1520424785,14.5198546887,1493,,,,,,,,,,,,,,,,,,,,,,,,,,,,,,,,,,,,,,,,,,,,,,,14.02589538795369,13.921297031096284,,,,,,13.973596209524988,"rgba(239, 83, 80, 0.5)",2.15326219593842,15.723631341463749,-0.7044180063277009,49.25611912955188,-4.5264997121213355,True,False,False,False,True,0.0,0.0,0.0,0.0,0.0,1,0.894641091928101,1.0236804611277386,False,False,False,False,-0.060376005108682435,-0.08315914553366657,False,False,False,False,-156566,-143906.70603659292,False,False,False,False,5670.862759471659,False,False,False,False
2022-11-17 00:00:00+00:00,14.3164190781,14.3164190781,13.9563560504,14.2068346783,7231,,,,,,,,,,,,,,,,,,,,,,,,,,,,,,,,,,,,,,,,,,,,,,,14.058236421626681,13.929965113661765,,,,,,13.994100767644223,"rgba(239, 83, 80, 0.5)",2.1589893964331064,15.713502322261334,-0.647100558469381,49.77634694534744,-3.924362591879458,True,False,False,False,True,0.0,0.0,0.0,0.0,0.0,1,0.8885279918524608,1.0294523140771625,False,False,False,False,-0.0945445335550286,-0.08885183954434758,False,False,False,False,-149335,-144119.5803096677,False,False,False,False,5732.044612041398,False,False,False,False
2022-11-18 00:00:00+00:00,14.8721685338,14.8721685338,14.2851092496,14.504278049,4017,,,,,,,,,,,,,,,,,,,,,,,,,,,,,,,,,,,,,,,,,,,,,,,14.11717215605456,13.942807268598628,,,,,,14.029989712326593,#000000,2.1592411624910404,15.71327262714809,-0.38953689284884585,52.82187212082538,-0.889209337582578,True,False,True,False,True,0.0,0.0,0.0,0.0,0.0,1,0.8989041569251139,1.0186858287479845,False,False,False,False,-0.019004253292772316,-0.05392804641855995,False,False,False,False,-145318,-144166.577160269,False,False,False,False,5664.787960588795,False,False,False,False
2022-11-21 00:00:00+00:00,15.2557139328,15.2557139328,14.7938939626,14.7938939626,17240,,,,,,,,,,,,,,,,,,,,,,,,,,,,,,,,,,,,,,,,,,,,,,,14.40303979953697,14.022490878352135,,,,,,14.212765338944553,#000000,2.1586770934847306,15.724930581427836,-0.2173630553842509,56.373593927917256,2.462418525276128,True,False,True,False,True,0.0,0.0,0.0,0.0,0.0,0,0.9113985327136699,1.0131689641110404,False,False,False,False,0.056987549645652405,0.001529751613546227,False,False,False,False,-128078,-143535.65256574863,False,False,False,False,6118.717844487273,False,False,False,False
2022-11-22 00:00:00+00:00,15.3026786756,15.6549142461,15.0208902191,15.2478864757,12590,,,,,,,,,,,,,,,,,,,,,,,,,,,,,,,,,,,,,,,,,,,,,,,14.564527335902909,14.08481817291328,,,,,,14.324672754408095,#000000,2.158008807397589,15.734130199027167,-0.19993038116812342,58.92087935278178,4.767119797980051,True,False,True,False,True,0.06602502778231667,0.0,0.0,0.0,0.0,0,0.9221740691989821,1.013168921346618,False,False,False,False,0.11065815603096926,0.05609395382225774,False,False,False,False,-115488,-142435.7446219938,False,False,False,False,6372.493615291694,False,False,False,False
2022-11-23 00:00:00+00:00,15.2870237613,15.4905376465,14.9269607337,14.9269607337,18141,,,,,,,,,,,,,,,,,,,,,,,,,,,,,,,,,,,,,,,,,,,,,,,14.699475232795992,14.158935548623209,,,,,,14.429205390709601,#000000,2.1564239498090756,15.738457922724658,-0.20934388224756378,60.50434859686107,6.165554264796803,True,False,True,False,True,0.0007694329640202113,0.0,0.0,0.0,0.0,0,0.9194290552846754,1.006541671709678,False,False,False,False,0.0884595639135051,0.07227675886788142,False,False,False,False,-133629,-142090.38208779797,False,False,False,False,6834.003669593981,False,False,False,False
2022-11-25 00:00:00+00:00,15.4435729038,15.8819105027,15.1774393616,15.3496434183,3456,,,,,,,,,,,,,,,,,,,,,,,,,,,,,,,,,,,,,,,,,,,,,,,14.72907979667933,14.175213189120756,,,,,,14.452146492900042,#000000,2.1433359860773966,15.740622028745964,-0.1385919551929912,62.236152621744274,7.745066979286989,True,False,True,False,True,0.6602008583119954,0.0,0.0,0.0,0.0,0,0.9142864001951101,0.9964085944082812,False,False,False,False,0.24544139906249476,0.15885907896518808,False,False,False,False,-130173,-141623.03377062944,False,False,False,False,6701.532937453041,False,False,False,False
2022-11-28 00:00:00+00:00,15.1461295331,16.2028362447,15.1187334332,15.3560619332,17307,,,,,,,,,,,,,,,,,,,,,,,,,,,,,,,,,,,,,,,,,,,,,,,14.84773783522009,14.250456427455955,,,,,,14.549097131338023,#000000,2.1113823021687907,15.7232381512402,-0.2733321282211181,61.10207651540453,7.745066979286989,True,False,True,False,True,0.0,0.0,0.0,0.0,0.0,0,0.9459983925538129,0.9794917467387165,False,False,False,True,0.31211073160604696,0.23548490528561752,False,False,False,False,-147480,-141852.71872080083,False,False,False,False,7117.43360657253,False,False,False,False
2022-11-29 00:00:00+00:00,15.1774393616,15.4435729038,15.138302076,15.3496434183,1617,,,,,,,,,,,,,,,,,,,,,,,,,,,,,,,,,,,,,,,,,,,,,,,14.853564827401296,14.255792050396844,,,,,,14.55467843889907,#000000,2.049345282259289,15.722205645328035,-0.26582454818324286,60.510082250672625,7.745066979286989,True,False,True,False,True,0.0,0.0,0.0,0.0,0.0,0,0.9377348155656038,0.9831186160940656,False,False,False,False,0.2512636980698291,0.24337430167772334,False,False,False,False,-145863,-142009.98465331845,False,False,False,False,6901.7303278834115,False,False,False,False
2022-11-30 00:00:00+00:00,15.6705691604,15.6705691604,14.6718378937,15.171203527,10608,,,,,,,,,,,,,,,,,,,,,,,,,,,,,,,,,,,,,,,,,,,,,,,14.8952817375493,14.292286834679704,,,,,,14.593784286114502,#000000,1.9800211500527087,15.720870861522815,-0.025404628188682183,62.441839069390056,7.882908990106856,True,False,True,False,True,1.6465106312958468,0.0,0.0,0.0,0.0,0,0.9326734951910202,0.976509703300015,False,False,False,False,0.22254930479613474,0.23296180323692905,False,False,False,False,-135255,-141745.0832943648,False,False,False,False,7047.074236593866,False,False,False,False
2022-12-01 00:00:00+00:00,15.0840127022,15.4961875106,14.8699988593,15.3059529836,5314,,,,,,,,,,,,,,,,,,,,,,,,,,,,,,,,,,,,,,,,,,,,,,,14.905825343051196,14.306541046560167,,,,,,14.60618319480568,#000000,1.894945372525905,15.717458446438172,-0.3342817969437333,59.67739297430545,7.882908990106856,True,False,True,False,False,0.0,0.0,0.0,0.0,0.0,0,0.9619180403576313,0.971075117963651,False,False,False,False,0.2253838398679345,0.2291728215524318,False,False,False,False,-140569,-141698.9623808603,False,False,False,False,6979.110541041165,False,False,False,False
2022-12-02 00:00:00+00:00,14.7431758413,14.7431758413,14.2596630852,14.4353922295,3682,,,,,,,,,,,,,,,,,,,,,,,,,,,,,,,,,,,,,,,,,,,,,,,14.896799143616692,14.309676659770844,,,,,,14.603237901693767,"rgba(239, 83, 80, 0.5)",1.822160133501298,15.709301052710865,-0.530208730642376,55.94104403211191,10.877740385816772,True,False,True,False,False,0.0,0.0,0.0,0.0,0.0,0,0.9637013553861578,0.9524789504833652,False,False,False,False,0.06711761222976396,0.1481452168910979,False,False,False,False,-144251,-141799.0422874932,False,False,False,False,6849.812088451315,False,False,False,False
2022-12-05 00:00:00+00:00,15.107792018,15.1394977725,14.5846470688,14.7511022799,4401,,,,,,,,,,,,,,,,,,,,,,,,,,,,,,,,,,,,,,,,,,,,,,,14.898320359350134,14.318191031213178,,,,,,14.608255695281656,#000000,1.7428486355732529,15.704871601848074,-0.3425883187220587,55.33752209686387,10.369285510965852,True,False,True,False,False,0.0,0.0,0.0,0.0,0.0,0,0.998968247241527,0.9239223382677558,False,False,False,False,0.14993881248833027,0.14904201468971406,False,False,False,False,-139850,-141722.60925661115,False,False,False,False,6753.780241845381,False,False,False,False
2022-12-06 00:00:00+00:00,14.8937781752,15.298026545,14.2675895238,15.0602333863,5829,,,,,,,,,,,,,,,,,,,,,,,,,,,,,,,,,,,,,,,,,,,,,,,14.895104412928168,14.32695315308277,,,,,,14.61102878300547,#000000,1.685515668997273,15.69765345769298,-0.4769313612914745,53.739923135007956,8.831067381926438,True,False,True,False,False,0.0,0.0,0.0,0.0,0.0,1,0.9934752462680035,0.9002333794174757,False,False,False,False,0.13159985845420993,0.14032093657196198,False,False,False,False,-145679,-141877.76183478325,False,False,False,False,6717.514350008308,False,False,False,False
2022-12-07 00:00:00+00:00,15.4565553175,15.4565553175,14.8937781752,14.8937781752,5881,,,,,,,,,,,,,,,,,,,,,,,,,,,,,,,,,,,,,,,,,,,,,,,14.909939688246128,14.34326754471245,,,,,,14.62660361647929,#000000,1.6038693816128928,15.697455426123316,-0.15019933130780327,55.32568657027443,8.831067381926438,True,False,True,False,False,0.7977610052063326,0.0,0.0,0.0,0.0,1,1.0156061183468366,0.8943771060155097,False,False,False,False,0.22349375681301306,0.18190734669248754,False,False,False,False,-139798,-141796.2025471447,False,False,False,False,6684.709865694257,False,False,False,False
2022-12-08 00:00:00+00:00,15.1791299657,15.3810956218,14.9651161228,15.2187621588,2075,,,,,,,,,,,,,,,,,,,,,,,,,,,,,,,,,,,,,,,,,,,,,,,14.91360109692668,14.348319736119874,,,,,,14.630960416523276,#000000,1.5410484646216633,15.6968799351352,-0.3359725416308121,54.81899749454601,8.831067381926438,True,False,True,False,False,0.0,0.0,0.0,0.0,0.0,1,1.0222124964518025,0.8921797959226841,False,False,False,False,0.22300259291604138,0.20245496980426447,False,False,False,False,-141873,-141799.21421196256,False,False,False,False,6503.936929784678,False,False,False,False
2022-12-09 00:00:00+00:00,15.1553506498,15.2901001064,14.980969,14.980969,3335,,,,,,,,,,,,,,,,,,,,,,,,,,,,,,,,,,,,,,,,,,,,,,,14.918562702048089,14.355993664867546,,,,,,14.637278183457816,#000000,1.4493521614979612,15.695694064665114,-0.37281720013902436,54.34659835225248,8.831067381926438,True,False,True,False,False,0.0,0.0,0.0,0.0,0.0,1,1.0217739449001222,0.8760428866585731,False,False,False,False,0.21063258978538937,0.2065437797948269,False,False,False,False,-145208,-141932.89208600324,False,False,False,False,6379.664893322534,False,False,False,False
2022-12-12 00:00:00+00:00,15.0760862635,15.2623575712,15.0760862635,15.1632770884,2013,,,,,,,,,,,,,,,,,,,,,,,,,,,,,,,,,,,,,,,,,,,,,,,14.92140334111477,14.360531254272999,,,,,,14.640967297693884,#000000,1.3346829707498535,15.694963552512615,-0.46368860813809265,53.55493209208736,8.26786652738106,True,False,True,False,False,0.0,0.0,0.0,0.0,0.0,1,1.0206248235620723,0.8773715565239218,False,False,False,False,0.19243210942604974,0.19948794461043834,False,False,False,False,-147221,-142140.2688669443,False,False,False,False,6208.423132800082,False,False,False,False
2022-12-13 00:00:00+00:00,15.4565553175,15.4565553175,15.0840127022,15.0840127022,16684,,,,,,,,,,,,,,,,,,,,,,,,,,,,,,,,,,,,,,,,,,,,,,,14.961195357396026,14.40511479650584,,,,,,14.683155076950932,#000000,1.2491469305406133,15.695648244651531,-0.19140496710667637,55.010556763522715,8.26786652738106,True,False,True,False,False,0.845447222005614,0.0,0.0,0.0,0.0,1,1.0205211876192282,0.899877528780638,False,False,False,False,0.22085680321872755,0.21017237391458293,False,False,False,False,-130537,-141685.23871529943,False,False,False,False,6619.230068768707,False,False,False,False
2022-12-14 00:00:00+00:00,15.2266885974,15.341939015,14.9690793421,15.2425414746,5373,,,,,,,,,,,,,,,,,,,,,,,,,,,,,,,,,,,,,,,,,,,,,,,14.967788657338174,14.41638507154312,,,,,,14.692086864440647,#000000,1.153256638049931,15.69397555077477,-0.4051890428872065,54.512241109702046,8.26786652738106,True,False,True,False,False,0.0,0.0,0.0,0.0,0.0,1,1.000162935252116,0.9156136310579127,False,False,False,False,0.18634772088908166,0.19826004740183228,False,False,False,False,-135910,-141458.75876567984,False,False,False,False,6570.358301366013,False,False,False,False
2022-12-15 00:00:00+00:00,15.2187621588,15.2187621588,14.8858517365,15.1315713339,2103,,,,,,,,,,,,,,,,,,,,,,,,,,,,,,,,,,,,,,,,,,,,,,,14.969426292038719,14.420302618271114,,,,,,14.694864455154917,#000000,1.09870676074099,15.693022997070187,-0.43165369980096935,54.12870622226431,8.26786652738106,True,False,True,False,False,0.0,0.0,0.0,0.0,0.0,1,0.9981405005019869,0.920940420887645,False,False,False,False,0.1556907322769221,0.1769753898393772,False,False,False,False,-138013,-141323.6309709473,False,False,False,False,6395.167779743816,False,False,False,False
2022-12-16 00:00:00+00:00,15.8528772487,16.0510382143,14.8937781752,15.0285276318,21339,,,,,,,,,,,,,,,,,,,,,,,,,,,,,,,,,,,,,,,,,,,,,,,15.036246794520746,14.484397776392653,,,,,,14.760322285456699,#000000,1.0044163654314686,15.702386924744392,0.1498286259911369,57.01390573356677,8.26786652738106,True,False,True,False,True,2.5848024309258584,0.0,0.0,0.0,0.0,1,1.0015476113285602,0.8905581932457493,False,False,False,False,0.282968697801881,0.22997204382062908,False,False,False,False,-116674,-140356.9787760082,False,True,False,False,6981.200415832294,False,True,False,False
2022-12-19 00:00:00+00:00,15.6309369672,16.1620083551,15.107792018,15.8925094418,4096,,,,,,,,,,,,,,,,,,,,,,,,,,,,,,,,,,,,,,,,,,,,,,,15.048168816800247,14.496266485009594,,,,,,14.77221765090492,#000000,0.981299392600007,15.687828026674135,-0.05797523151766996,57.42698118944469,8.26786652738106,True,False,True,False,True,1.5689067172494404,0.0,0.0,0.0,0.0,1,1.0216215257055228,0.8792806983640116,False,False,False,False,0.3335874070570445,0.2817797254388368,False,False,False,False,-120770,-139588.8619612628,False,False,False,False,6868.055301485931,False,False,False,False
2022-12-20 00:00:00+00:00,15.2663207905,15.9100268712,15.2663207905,15.678495599,935,,,,,,,,,,,,,,,,,,,,,,,,,,,,,,,,,,,,,,,,,,,,,,,15.050131359238058,14.498582353336147,,,,,,14.774356856287103,#000000,0.958912824623765,15.686553416055208,-0.4382386122743626,55.46204873017099,8.26786652738106,True,False,True,False,True,0.0,0.0,0.0,0.0,0.0,1,1.0101538134368657,0.9015205624659015,False,False,False,False,0.3170430470594293,0.29941138624913305,False,False,False,False,-121705,-138887.53404121328,False,False,False,False,6635.386466133542,False,False,False,False
2022-12-21 00:00:00+00:00,14.9413368069,15.3218058609,14.9413368069,15.1949828429,4396,,,,,,,,,,,,,,,,,,,,,,,,,,,,,,,,,,,,,,,,,,,,,,,15.050507762132565,14.504812044932057,,,,,,14.77765990353231,"rgba(239, 83, 80, 0.5)",0.9432216485627831,15.671607690530436,-0.7742304099393525,52.406487676009704,6.5848336875030995,False,False,False,False,False,0.0,0.0,0.0,0.0,0.0,1,0.9877735900510757,0.9320089934120184,False,False,False,False,0.16255190185770527,0.23098164405341914,False,False,False,False,-126101,-138386.10133371473,False,False,False,False,6547.567389030266,False,False,False,False
2022-12-22 00:00:00+00:00,14.6956172096,15.1853918522,14.6956172096,15.0206011932,2786,,,,,,,,,,,,,,,,,,,,,,,,,,,,,,,,,,,,,,,,,,,,,,,15.048005241767914,14.507249396550563,,,,,,14.777627319159238,"rgba(239, 83, 80, 1.0)",0.9147746868760432,15.6634632446435,-1.0580157594310964,49.166799966829586,3.589402140464486,False,True,False,False,False,0.0,0.0,0.0,0.0,0.0,1,0.9798149887156371,0.9391541526287596,False,False,False,False,0.10050540742415992,0.16574352573878953,False,False,False,False,-128887,-138013.587555922,False,False,False,False,6400.054942401628,False,False,False,False
2022-12-23 00:00:00+00:00,14.0773549969,14.5767206302,14.0773549969,14.5767206302,5048,,,,,,,,,,,,,,,,,,,,,,,,,,,,,,,,,,,,,,,,,,,,,,,15.029416415777197,14.504003966262921,,,,,,14.76671019102006,"rgba(255, 0, 0, 1.0)",0.8943953373276805,15.639363818019252,-1.7464411495997956,44.48236352717773,-0.6578923214413024,False,True,False,True,False,0.0,0.0,0.0,0.0,0.0,1,0.9623131738309995,0.9721968306675641,False,False,False,False,-0.09587316587170348,0.034935179933543024,False,False,False,False,-133935,-137853.64294588583,False,False,False,False,6347.033179954506,False,False,False,False
2022-12-27 00:00:00+00:00,14.5925735074,14.5925735074,14.1566193831,14.3468539101,3082,,,,,,,,,,,,,,,,,,,,,,,,,,,,,,,,,,,,,,,,,,,,,,,15.021315002279586,14.503580318171862,,,,,,14.762447660225725,"rgba(239, 83, 80, 1.0)",0.8642596446846491,15.630912746170159,-1.2014204818611296,44.38506576776636,-0.6578923214413024,False,True,False,True,False,0.0,0.0,0.0,0.0,0.0,1,0.9710707902024716,0.9597103246149277,False,False,False,False,-0.08057913546734073,-0.022821977766898854,False,False,False,False,-130853,-137579.10792840013,False,False,False,False,6218.992663093545,False,False,False,False
2022-12-28 00:00:00+00:00,14.0694285582,15.5278932651,14.0694285582,15.5278932651,3348,,,,,,,,,,,,,,,,,,,,,,,,,,,,,,,,,,,,,,,,,,,,,,,15.01437930673084,14.503998654405763,,,,,,14.7591889805683,"rgba(255, 0, 0, 1.0)",0.833125562463742,15.62429295622206,-1.8663025936018238,42.32967777418341,-2.4798118490594447,False,True,False,True,False,0.0,0.0,0.0,0.0,0.0,1,0.9688706786562173,0.9345427200649883,False,False,False,False,0.05496327452247026,0.016070648377785705,False,False,False,False,-134201,-137446.63310767856,False,False,False,False,6106.404715521249,False,False,False,False
2022-12-29 00:00:00+00:00,14.7511022799,14.7709183765,14.0695078226,14.0773549969,13972,,,,,,,,,,,,,,,,,,,,,,,,,,,,,,,,,,,,,,,,,,,,,,,14.986067279269694,14.504859751292592,,,,,,14.745463515281143,"rgba(239, 83, 80, 1.0)",0.8179372827061021,15.60076869749065,-1.038791647667135,44.30098355071577,-2.4798118490594447,False,True,False,True,False,0.0,0.0,0.0,0.0,0.0,1,0.9534485116376449,0.9754880670140719,False,False,False,False,-0.06594496211142378,-0.02493715686681904,False,False,False,False,-120229,-136771.43180933822,False,False,False,False,6414.859432559632,False,False,False,False
2022-12-30 00:00:00+00:00,14.6480585778,14.6480585778,14.4968221289,14.4968221289,1274,,,,,,,,,,,,,,,,,,,,,,,,,,,,,,,,,,,,,,,,,,,,,,,14.984005961603133,14.505133745058354,,,,,,14.744569853330743,"rgba(239, 83, 80, 1.0)",0.790820072170009,15.599121495270373,-1.2026287027093998,45.19270445012387,-2.4798118490594447,False,True,False,True,True,0.0,0.0,0.0,0.0,0.0,0,0.9856338967391957,0.975448365891251,False,False,False,False,-0.017277616423531837,-0.02110738664517544,False,False,False,False,-121503,-136172.66977759948,False,False,False,False,6213.25710187102,False,False,False,False
2023-01-03 00:00:00+00:00,14.2675895238,14.6163528233,14.2596630852,14.4736769281,2754,,,,,,,,,,,,,,,,,,,,,,,,,,,,,,,,,,,,,,,,,,,,,,,14.977169060585071,14.504347660350716,,,,,,14.740758360467893,"rgba(255, 0, 0, 1.0)",0.7601971905484265,15.59401391298934,-1.7448425299130899,44.27743191933359,-2.4798118490594447,False,True,False,True,True,0.0,0.0,0.0,0.0,0.0,0,0.9777460280219803,0.9533579089719335,False,False,False,False,-0.06024421759121756,-0.0406758021181965,False,False,False,False,-124257,-135705.3886098505,False,False,False,False,6077.599960621176,False,False,False,False
2023-01-04 00:00:00+00:00,13.9584584175,14.2992952783,13.6255479953,13.6255479953,11051,,,,,,,,,,,,,,,,,,,,,,,,,,,,,,,,,,,,,,,,,,,,,,13.9611005637,14.932939269003283,14.490864062406494,,,,,,14.46163463170326,"rgba(255, 26, 202, 1.0)",0.7444251203288051,15.466213856022794,-2.025395701124156,42.54473595685792,-2.4798118490594447,False,True,False,True,True,0.0,0.0,0.0,0.0,0.0,0,0.9491239376480756,0.9923852671419451,False,False,False,False,-0.21518552957399184,-0.12793066584609417,False,False,False,False,-135308,-135689.80474279754,False,False,False,False,6272.635256283091,False,False,False,False
2023-01-05 00:00:00+00:00,14.2992952783,14.3259281121,13.6750089723,13.6750089723,1808,,,,,,,,,,,,,,,,,,,,,,,,,,,,,,,,,,,,,,,,,,,,,,13.9806409803797,14.927049751521835,14.489283597293035,,,,,,14.465658109731523,"rgba(255, 0, 0, 1.0)",0.7259662431877719,15.463393701383513,-1.6035159127673337,43.172023265525155,-2.4798118490594447,False,True,False,True,True,0.0,0.0,0.0,0.0,0.0,0,0.9524076865692505,0.9895397148198752,False,False,False,False,-0.2025078692116674,-0.16521926752888078,False,False,False,False,-133500,-135603.93004700154,False,False,False,False,6097.551520742578,False,False,False,False
2023-01-06 00:00:00+00:00,14.307221717,14.6322057006,14.307221717,14.307221717,4380,,,,,,,,,,,,,,,,,,,,,,,,,,,,,,,,,,,,,,,,,,,,,,14.09114044336786,14.91843483181135,14.488568189442757,,,,,,14.499381154873989,"rgba(255, 0, 0, 1.0)",0.713928571115215,15.463123093849532,-1.619071464031647,43.631716145646884,-2.4798118490594447,False,True,False,True,True,0.0,0.0,0.0,0.0,0.0,0,0.9610158709692298,0.9716671752963191,False,False,False,False,-0.05009643328604789,-0.10765785040746434,False,False,False,False,-129120,-135349.65828045248,False,False,False,False,6030.19655914483,False,False,False,False
2023-01-09 00:00:00+00:00,14.0694285582,14.4419711736,14.0694285582,14.0852814355,2200,,,,,,,,,,,,,,,,,,,,,,,,,,,,,,,,,,,,,,,,,,,,,,14.102737324410647,14.912354475961992,14.487137698597252,,,,,,14.500743166323296,"rgba(255, 0, 0, 1.0)",0.7153505030741936,15.45976983529248,-1.9435804841368494,42.915848562468696,-2.4798118490594447,False,True,False,True,True,0.0,0.0,0.0,0.0,0.0,0,0.9641813912586406,0.9799900840423663,False,False,False,False,-0.11890062538619897,-0.11327923789683166,False,False,False,False,-131320,-135191.63246553278,False,False,False,False,5879.9927725116995,False,False,False,False
2023-01-10 00:00:00+00:00,14.7986609117,14.8303666662,14.3864861032,14.8303666662,2674,,,,,,,,,,,,,,,,,,,,,,,,,,,,,,,,,,,,,,,,,,,,,,14.171555436936298,14.909926895418499,14.488220072560281,,,,,,14.523234134971693,"rgba(239, 83, 80, 0.5)",0.7156137905843559,15.461300816462304,-0.9259741965302322,46.11459692140258,-2.4798118490594447,False,True,False,True,True,0.0,0.0,0.0,0.0,0.0,0,0.9754564287641503,0.9385175024856307,False,False,False,False,-0.005793310961420015,-0.05953627442912583,False,False,False,False,-128646,-134934.9409962962,False,False,False,False,5754.267565746535,False,False,False,False
2023-01-11 00:00:00+00:00,14.4419711736,14.8066666147,14.4419711736,14.8066666147,4636,,,,,,,,,,,,,,,,,,,,,,,,,,,,,,,,,,,,,,,,,,,,,,14.239491560784645,14.903969687360004,14.488977586333458,,,,,,14.544146278159369,"rgba(239, 83, 80, 1.0)",0.7015823157552944,15.460315606325263,-1.4514967237008465,46.6355879960161,-2.4798118490594447,False,True,False,True,True,0.0,0.0,0.0,0.0,0.0,0,0.9847469379859426,0.93634379693889,False,False,False,False,-0.0007221635001626199,-0.030129218964644225,False,False,False,False,-133282,-134870.11978075517,False,False,False,False,5710.41393571726,False,False,False,False
2023-01-12 00:00:00+00:00,15.0602333863,15.0602333863,14.6361689199,14.8739620786,1823,,,,,,,,,,,,,,,,,,,,,,,,,,,,,,,,,,,,,,,,,,,,,,14.28283898158702,14.904069834316113,14.490671141270337,,,,,,14.55919331905782,"rgba(239, 83, 80, 0.5)",0.6965663973708619,15.462117170951805,-0.5769497153016354,49.58726566007344,-5.06844556481996,False,True,False,False,True,0.0,0.0,0.0,0.0,0.0,1,0.9831420347884536,0.9261159008528759,False,False,False,False,0.07083383938089857,0.020352310208127174,False,False,False,False,-131459,-134736.3503775883,False,False,False,False,5557.966330395014,False,False,False,False
2023-01-13 00:00:00+00:00,14.6242792619,14.9651161228,14.4657504895,14.4657504895,3018,,,,,,,,,,,,,,,,,,,,,,,,,,,,,,,,,,,,,,,,,,,,,,14.321264708178205,14.901660990512285,14.49193060660595,,,,,,14.571618768432145,"rgba(239, 83, 80, 1.0)",0.6688974501139463,15.461947348581514,-1.252311675786502,49.635070908706055,-4.93241091026438,False,True,False,False,True,0.0,0.0,0.0,0.0,0.0,1,0.9842315305155748,0.931155974055204,False,False,False,False,0.028358801261187595,0.024355555734657384,False,False,False,False,-134477,-134726.17977454563,False,False,False,False,5458.359807634425,False,False,False,False
2023-01-17 00:00:00+00:00,14.434044735,14.7828080344,14.4300815156,14.7828080344,2161,,,,,,,,,,,,,,,,,,,,,,,,,,,,,,,,,,,,,,,,,,,,,,14.33584467999895,14.898905266851274,14.492194058941447,,,,,,14.575648001930555,"rgba(255, 0, 0, 1.0)",0.6323176940520862,15.46058707014777,-1.6234597652477052,48.88021020448087,-4.93241091026438,False,True,False,False,True,0.0,0.0,0.0,0.0,0.0,1,0.9851306921468124,0.9118361251312793,False,False,False,False,-0.006425639183092715,0.008964958275782335,False,False,False,False,-136638,-134801.15311672032,False,False,False,False,5329.051579884056,False,False,False,False
2023-01-18 00:00:00+00:00,14.5133091212,14.5133091212,14.5133091212,14.5133091212,929,,,,,,,,,,,,,,,,,,,,,,,,,,,,,,,,,,,,,,,,,,,,,,14.340598557331006,14.897614378919434,14.492235895647807,,,,,,14.576816277299416,"rgba(255, 0, 0, 1.0)",0.6036418990817445,15.459864956930776,-1.568075107395078,48.75044939301994,-4.93241091026438,False,True,False,False,True,0.0,0.0,0.0,0.0,0.0,1,0.9969669440279694,0.9146825488906772,False,False,False,False,-0.1164433757579057,-0.05373920874106168,False,False,False,False,-135709,-134836.7549552803,False,False,False,False,5156.500537535661,False,False,False,False
2023-01-19 00:00:00+00:00,14.497456244,14.6242792619,14.3825228839,14.6242792619,2821,,,,,,,,,,,,,,,,,,,,,,,,,,,,,,,,,,,,,,,,,,,,,,14.352696255409578,14.893627257614577,14.492290819218747,,,,,,14.579538110747635,"rgba(255, 0, 0, 1.0)",0.5632472095482589,15.457510098798792,-1.7044981999445392,48.58859076071671,-4.93241091026438,False,True,False,False,True,0.0,0.0,0.0,0.0,0.0,1,0.9805836181306281,0.929833015492038,False,False,False,False,-0.12034796677438662,-0.08704358775772415,False,False,False,False,-138530,-134981.58809428892,False,False,False,False,5064.912281161714,False,False,False,False
2023-01-20 00:00:00+00:00,14.4657504895,14.8145137889,14.3389274715,14.8145137889,3992,,,,,,,,,,,,,,,,,,,,,,,,,,,,,,,,,,,,,,,,,,,,,,14.370690640894805,14.888658207792854,14.492688942200772,,,,,,14.58401259696281,"rgba(255, 0, 0, 1.0)",0.553304346205908,15.454569789714554,-1.787116452265447,48.317359721912986,-4.93241091026438,False,True,False,False,True,0.0,0.0,0.0,0.0,0.0,1,0.9656534451452082,0.9226775808359045,False,False,False,False,-0.0915323875422718,-0.08928798764999799,False,False,False,False,-142522,-135277.29052196388,False,False,False,False,5022.837289743608,False,False,False,False
2023-01-23 00:00:00+00:00,14.3389274715,15.8507371103,14.3389274715,14.7511022799,6398,,,,,,,,,,,,,,,,,,,,,,,,,,,,,,,,,,,,,,,,,,,,,,14.433770661467067,14.887650357235122,14.497336355038648,,,,,,14.606252457913612,"rgba(255, 0, 0, 1.0)",0.5510142462992672,15.4032954392782,-1.931652357315131,47.45561852267848,-4.93241091026438,False,True,False,False,True,0.0,0.0,0.0,0.0,0.0,1,0.9702832767188556,0.8822869977891814,False,False,False,False,0.11051318036399224,0.010612596356997128,False,False,False,False,-148920,-135812.29873678883,False,False,False,False,5076.765239165428,False,False,False,False
2023-01-24 00:00:00+00:00,14.3389274715,14.3389274715,14.3230745942,14.3230745942,3006,,,,,,,,,,,,,,,,,,,,,,,,,,,,,,,,,,,,,,,,,,,,,,14.427857086755479,14.881980420127471,14.496321972637684,,,,,,14.60205315984021,"rgba(255, 0, 0, 1.0)",0.5496895358196616,15.391029199707145,-1.9139926442993287,46.881124389855465,-4.93241091026438,False,True,False,True,False,0.0,0.0,0.0,0.0,0.0,1,0.957850738273037,0.9356197062999813,False,False,False,False,-0.18898476471818562,-0.08918608418059425,False,False,False,False,-148920,-136326.32623730693,False,False,False,False,4995.558759198157,False,False,False,False
2023-01-25 00:00:00+00:00,14.4657504895,14.4657504895,14.4243744798,14.4243744798,2910,,,,,,,,,,,,,,,,,,,,,,,,,,,,,,,,,,,,,,,,,,,,,,14.429160543045136,14.877761747299708,14.496057425367036,,,,,,14.600993238570625,"rgba(255, 0, 0, 1.0)",0.5347490417673118,15.385355685001935,-1.7196948917621213,47.387979711678284,-4.93241091026438,False,True,False,False,False,0.0,0.0,0.0,0.0,0.0,1,0.9582161715954011,0.9430079700548737,False,False,False,False,-0.143416467645333,-0.11630127591296363,False,False,False,False,-146010,-136706.07814956942,False,False,False,False,4913.772141190386,False,False,False,False
2023-01-26 00:00:00+00:00,14.4657504895,14.4657504895,14.4657504895,14.4657504895,1495,,,,,,,,,,,,,,,,,,,,,,,,,,,,,,,,,,,,,,,,,,,,,,14.430149692984559,14.875695610071709,14.495964861945676,,,,,,14.60060338833398,"rgba(255, 0, 0, 1.0)",0.5227104511205928,15.383024038046235,-1.7548406514156623,47.72588325956016,-4.93241091026438,False,True,False,False,False,0.0,0.0,0.0,0.0,0.0,1,0.9804524444123892,0.9409448325827275,False,False,False,False,-0.1352198142813169,-0.12576054509714027,False,False,False,False,-146010,-137070.93782997847,False,False,False,False,4779.70264545743,False,False,False,False
2023-01-27 00:00:00+00:00,14.4895298053,14.8077763161,14.4895298053,14.8077763161,1625,,,,,,,,,,,,,,,,,,,,,,,,,,,,,,,,,,,,,,,,,,,,,,14.434872868440774,14.874177199736023,14.49629457404902,,,,,,14.601781547408606,"rgba(255, 0, 0, 1.0)",0.5177916072041155,15.38192466374602,-1.7234633509504411,48.14098751436822,-4.639215701284115,False,True,False,False,False,0.0,0.0,0.0,0.0,0.0,1,0.9668121311433149,0.914267987802051,False,False,False,False,-0.06340884119300334,-0.09458469314507181,False,False,False,False,-144385,-137357.7637974303,False,False,False,False,4655.988816223806,False,False,False,False
2023-01-30 00:00:00+00:00,14.7273229641,14.8620724207,13.8950469085,13.8950469085,4158,,,,,,,,,,,,,,,,,,,,,,,,,,,,,,,,,,,,,,,,,,,,,14.494814097766668,14.43895301301861,14.868986754830942,14.49628214490311,,,,,,14.574759002629833,"rgba(239, 83, 80, 1.0)",0.5119530960042417,15.308429740183659,-1.1350781558294225,50.259279500214184,-2.4959637220776827,False,False,False,False,True,0.0,0.0,0.0,0.0,0.0,1,0.9513101413420427,0.9241561165689349,False,False,False,False,-0.16990098538981693,-0.13224283926744437,False,False,False,False,-140227,-137470.28286419774,False,False,False,False,4636.459843038559,False,False,False,False
2023-01-31 00:00:00+00:00,15.0126747545,15.0924147271,14.8224402276,14.8620724207,7248,,,,,,,,,,,,,,,,,,,,,,,,,,,,,,,,,,,,,,,,,,,,,14.800486480443714,14.495900320162571,14.871475886405042,14.503198987763747,,,,,,14.667765418693769,"rgba(239, 83, 80, 0.5)",0.5127186890393566,15.331147977374552,-0.6211461171256535,53.568101534630884,0.6309910054793875,False,False,True,False,True,0.2889733792259257,0.0,0.0,0.0,0.0,1,0.9719543295698094,0.9181511235632629,False,False,False,False,0.056729433458007676,-0.037756702904718345,False,False,False,False,-132979,-137294.1541244253,False,False,False,False,4738.8731825272425,False,False,False,False
2023-02-01 00:00:00+00:00,15.0840127022,15.1394977725,14.8620724207,15.1236448953,5667,,,,,,,,,,,,,,,,,,,,,,,,,,,,,,,,,,,,,,,,,,,,,14.876179633652646,14.536689495501074,14.874285108864477,14.509057129683182,,,,,,14.699052841925344,#000000,0.5125816954985328,15.33972788018895,-0.4988769209564572,56.21516680676682,3.012757167650129,True,False,True,False,True,0.642243917140263,0.0,0.0,0.0,0.0,1,0.98024822015818,0.9089929112822803,False,False,False,False,0.07365071813146767,0.017947007613374664,False,False,False,False,-127312,-136902.69709993803,False,False,False,False,4775.270312624213,False,False,False,False
2023-02-02 00:00:00+00:00,15.107792018,15.4475984419,15.107792018,15.1394977725,7643,,,,,,,,,,,,,,,,,,,,,,,,,,,,,,,,,,,,,,,,,,,,,14.982828239934246,14.600756838430026,14.88245375411248,14.519606794691091,,,,,,14.746411406791962,#000000,0.5053526518971929,15.354591657899132,-0.4883711186091493,58.134383458078105,4.676759428296222,True,False,True,False,True,0.7616437532163047,0.0,0.0,0.0,0.0,1,0.9762572456504801,0.9162959114513157,False,False,False,False,0.1831484208382044,0.10054771422578954,False,False,False,False,-119669,-136226.86584111693,False,False,False,False,4887.73030036444,False,False,False,False
2023-02-03 00:00:00+00:00,15.1315713339,15.2583150875,15.1236448953,15.1236448953,2087,,,,,,,,,,,,,,,,,,,,,,,,,,,,,,,,,,,,,,,,,,,,,14.997493914768214,14.614974766263709,14.884299013108048,14.522232359430678,,,,,,14.754750013392663,#000000,0.5076350357630371,15.357147162589959,-0.4443661544181848,59.57957649055743,5.9203326042676,True,False,True,False,True,0.8830856974116017,0.0,0.0,0.0,0.0,1,0.957526937774012,0.9355612046102676,False,False,False,False,0.1485116619200329,0.12452968807291122,False,False,False,False,-117582,-135495.69463166138,False,False,False,False,4777.897739565835,False,False,False,False
2023-02-06 00:00:00+00:00,15.0760862635,15.5754518969,14.8763400102,15.5754518969,3286,,,,,,,,,,,,,,,,,,,,,,,,,,,,,,,,,,,,,,,,,,,,,15.016984012553745,14.636159323980161,14.88720470505953,14.526353868519458,,,,,,14.766675477528224,"rgba(239, 83, 80, 0.5)",0.5054850275526789,15.360783299443366,-0.563215566090522,59.866993797442234,6.1454303431784325,True,False,True,False,True,0.5886789031304112,0.0,0.0,0.0,0.0,1,0.9404567515993874,0.9386838351524662,False,False,False,False,0.16241112333803945,0.14347040570547534,False,False,False,False,-120868,-134922.0595480668,False,False,False,False,4719.391945857371,False,False,False,False
2023-02-07 00:00:00+00:00,14.7828080344,14.9888954387,14.7828080344,14.8620724207,4769,,,,,,,,,,,,,,,,,,,,,,,,,,,,,,,,,,,,,,,,,,,,,14.994344303942245,14.647348276173087,14.886695870872927,14.529302005009583,,,,,,14.76442261399946,"rgba(239, 83, 80, 1.0)",0.5013824356732336,15.358356985661294,-1.1479240402358175,56.85940028399662,6.1454303431784325,True,False,True,False,False,0.0,0.0,0.0,0.0,0.0,1,0.9366952856499151,0.9503247564812938,False,False,False,False,0.028861658752617148,0.08616603222904624,False,False,False,False,-125637,-134557.93956578968,False,False,False,False,4721.337359745317,False,False,False,False
2023-02-08 00:00:00+00:00,14.7352494027,14.7431758413,14.7352494027,14.7431758413,569,,,,,,,,,,,,,,,,,,,,,,,,,,,,,,,,,,,,,,,,,,,,,14.990225365911394,14.647906120144995,14.886443255322696,14.529527414284576,,,,,,14.763525538915914,"rgba(239, 83, 80, 1.0)",0.49937693256927024,15.357799545431968,-1.2466537842046055,54.387508878471955,8.529242367125043,True,False,True,False,False,0.0,0.0,0.0,0.0,0.0,1,0.9254580759232622,0.9714823785081682,False,False,False,False,-0.028139120220308154,0.029013456004369047,False,False,False,False,-126206,-134230.41252399402,False,False,False,False,4558.500600539618,False,False,False,False
2023-02-09 00:00:00+00:00,15.1236448953,15.2583943519,14.8620724207,14.8620724207,3091,,,,,,,,,,,,,,,,,,,,,,,,,,,,,,,,,,,,,,,,,,,,,14.997539602955396,14.66194392800423,14.888224473742358,14.532748035263518,,,,,,14.770114009991376,#000000,0.49872875924471477,15.359381501911395,-0.47267498062152963,56.082364600114026,8.529242367125043,True,False,True,False,False,0.87699257099014,0.0,0.0,0.0,0.0,0,0.926104370077731,0.9676821521330355,False,False,False,False,0.10359169494456082,0.06630257547446493,False,False,False,False,-123115,-133794.5139936413,False,False,False,False,4500.951557381201,False,False,False,False
2023-02-10 00:00:00+00:00,14.5291619985,14.9651161228,14.5291619985,14.7739304232,3549,,,,,,,,,,,,,,,,,,,,,,,,,,,,,,,,,,,,,,,,,,,,,14.970284548181693,14.662393355860832,14.886005186544752,14.533691440863432,,,,,,14.763093632862677,"rgba(255, 0, 0, 1.0)",0.4974664663598463,15.355175437738737,-1.6604404419115844,52.24912456231444,6.904679292293579,False,False,False,False,False,0.0,0.0,0.0,0.0,0.0,1,0.9075746988082088,0.9444019239335472,False,False,False,False,-0.020334574340946977,0.022984000566758978,False,False,False,False,-126664,-133514.88599389067,False,False,False,False,4463.620123758409,False,False,False,False
2023-02-13 00:00:00+00:00,14.8541459821,14.9017046138,14.5812387002,14.5812387002,4906,,,,,,,,,,,,,,,,,,,,,,,,,,,,,,,,,,,,,,,,,,,,,14.950309329130524,14.667900749749528,14.884491502754756,14.53592830513101,,,,,,14.759657471691455,"rgba(239, 83, 80, 1.0)",0.49670132293071734,15.351788555437992,-1.00189500281924,52.110757838112335,6.876412168541428,False,False,False,False,False,0.0,0.0,0.0,0.0,0.0,1,0.9234125313812834,0.9522906802714396,False,False,False,False,-0.022572097537617818,0.00020595151457057995,False,False,False,False,-121758,-133053.83164118908,False,False,False,False,4480.968354199255,False,False,False,False
2023-02-14 00:00:00+00:00,14.560867753,14.8065873503,14.560867753,14.6975988192,1492,,,,,,,,,,,,,,,,,,,,,,,,,,,,,,,,,,,,,,,,,,,,,14.940841831241404,14.667545042629826,14.883455799908074,14.536223746404984,,,,,,14.757016605046072,"rgba(255, 0, 0, 1.0)",0.4967748763140597,15.350053691029302,-1.5886188606896876,50.032227235338425,4.915171218243671,False,True,False,False,False,0.0,0.0,0.0,0.0,0.0,1,0.9182501700317915,0.9532141748953026,False,False,False,False,-0.04538660621005617,-0.022590327347742793,False,False,False,False,-123250,-132669.3676552601,False,False,False,False,4363.75390893654,False,False,False,False
2023-02-15 00:00:00+00:00,14.6559850164,14.9096310524,14.5028462222,14.5028462222,4736,,,,,,,,,,,,,,,,,,,,,,,,,,,,,,,,,,,,,,,,,,,,,14.918466040510015,14.668488664126302,14.880853038583945,14.537557267387436,,,,,,14.751341252651924,"rgba(239, 83, 80, 1.0)",0.4940010624326172,15.345606798588602,-1.3959925081794065,49.35732729942299,4.2423267583489235,False,True,False,False,False,0.0,0.0,0.0,0.0,0.0,1,0.9425881843131043,0.931715120629833,False,False,False,False,-0.03648824023136761,-0.029539283789555202,False,False,False,False,-118514,-132114.2551981911,False,False,False,False,4378.351794860598,False,False,False,False
2023-02-16 00:00:00+00:00,14.7431758413,15.0316982072,14.3627067873,15.0316982072,8676,,,,,,,,,,,,,,,,,,,,,,,,,,,,,,,,,,,,,,,,,,,,14.712526945266667,14.889590568358305,14.67170468485939,14.87681457525588,14.54030240099747,,,,,,14.738187834947542,"rgba(239, 83, 80, 1.0)",0.49277751854591806,15.283381499332867,-1.096246556918627,49.56956312228324,4.2423267583489235,False,True,False,False,False,0.0,0.0,0.0,0.0,0.0,1,0.9242362241245835,0.9430026995016174,False,False,False,False,-0.04005934672512138,-0.034799315257338294,False,False,False,False,-109838,-131240.6765629679,False,False,False,False,4546.887018591555,False,False,False,False
2023-02-17 00:00:00+00:00,15.2663207905,15.2901001064,14.7511022799,15.2901001064,6754,,,,,,,,,,,,,,,,,,,,,,,,,,,,,,,,,,,,,,,,,,,,14.883228837060013,14.910543818056116,14.694878387348774,14.88095255258726,14.54708607566842,,,,,,14.783337934144118,#000000,0.48903983000537915,15.29525532050404,-0.059165998817973506,53.06789535301791,4.2423267583489235,False,False,True,False,True,1.738589524844528,0.0,0.0,0.0,0.0,1,0.95120704658504,0.937478771956218,False,False,False,False,0.08780789248512383,0.026504288613892767,False,False,False,False,-103084,-130136.49316834172,False,False,False,False,4633.440468842867,False,False,False,False
2023-02-21 00:00:00+00:00,14.8541459821,15.0840127022,14.8541459821,14.9017046138,5018,,,,,,,,,,,,,,,,,,,,,,,,,,,,,,,,,,,,,,,,,,,,14.89489514351042,14.911921787338246,14.703943569242453,14.881622019771472,14.550495140359088,,,,,,14.788575532044334,"rgba(239, 83, 80, 0.5)",0.4723526804858957,15.295451820094588,-0.9342719036560323,52.42493513988724,4.2423267583489235,False,False,False,False,True,0.0,0.0,0.0,0.0,0.0,1,0.9219380099895588,0.944578070124773,False,False,False,False,0.06735282314521084,0.0469285558795518,False,False,False,False,-108102,-129272.39539703421,False,False,False,False,4648.521234770597,False,False,False,False
2023-02-22 00:00:00+00:00,14.9968218773,15.2266885974,14.8620724207,14.8620724207,4182,,,,,,,,,,,,,,,,,,,,,,,,,,,,,,,,,,,,,,,,,,,,14.917584995967871,14.9181872296625,14.714016518897507,14.883249133967034,14.554008886618321,,,,,,14.797409353022648,"rgba(239, 83, 80, 0.5)",0.45302778733774335,15.297359381325569,-0.6633975054636332,52.868494941797906,4.2423267583489235,False,False,True,False,True,0.3068242791764568,0.0,0.0,0.0,0.0,1,0.9217251090078294,0.9380917960512578,False,False,False,False,0.09727243730666452,0.07210049659310816,False,False,False,False,-103920,-128278.1838128368,False,False,False,False,4630.226284387437,False,False,False,False
2023-02-23 00:00:00+00:00,14.9888954387,15.1394977725,14.8620724207,14.9968218773,9033,,,,,,,,,,,,,,,,,,,,,,,,,,,,,,,,,,,,,,,,,,,,14.938847116072234,14.92636445811283,14.73178244863198,14.88590272607308,14.560929431732987,,,,,,14.808765236124623,"rgba(239, 83, 80, 0.5)",0.4437093322270145,15.298965106046415,-0.6988125892916185,53.10575223419334,4.2423267583489235,False,False,True,False,True,0.26439963096502694,0.0,0.0,0.0,0.0,1,0.9209675676334206,0.9378534959063073,False,False,False,False,0.07993281174611698,0.07601665416961256,False,False,False,False,-112953,-127677.1962123334,False,False,False,False,4802.8840771565565,False,False,False,False
2023-02-24 00:00:00+00:00,14.9888954387,14.9888954387,14.4658297538,14.8619931563,6927,,,,,,,,,,,,,,,,,,,,,,,,,,,,,,,,,,,,,,,,,,,,14.917633173337776,14.918105599971785,14.735585995758184,14.884646606820795,14.56393292607879,,,,,,14.803980860393466,"rgba(239, 83, 80, 0.5)",0.4435213755616557,15.294883971922221,-0.6899070711862104,53.26392376245696,4.2423267583489235,True,False,True,False,True,0.26439963096502694,0.0,0.0,0.0,0.0,1,0.9020291222090034,0.943713015838903,False,False,False,False,-0.028143465039490657,0.023936594565060955,False,False,False,False,-112953,-127099.7767530262,False,False,False,False,4886.182740797476,False,False,False,False
2023-02-27 00:00:00+00:00,14.7114700868,15.0998655794,14.7114700868,14.8462195434,3774,,,,,,,,,,,,,,,,,,,,,,,,,,,,,,,,,,,,,,,,,,,,14.911108559711801,14.915120503912547,14.738159514705977,14.884231397898622,14.565708775053194,,,,,,14.802865750256426,"rgba(239, 83, 80, 1.0)",0.43479275195292616,15.293198437836901,-1.3379439938315325,51.20158544373971,4.2423267583489235,False,False,False,False,True,0.0,0.0,0.0,0.0,0.0,1,0.9120674735005229,0.9474445578223022,False,False,False,False,0.042252592208725265,0.033094593386893106,False,False,False,False,-116727,-126693.001194084,False,False,False,False,4842.567731354438,False,False,False,False
2023-02-28 00:00:00+00:00,14.8620724207,14.8620724207,14.7273229641,14.7867712537,3914,,,,,,,,,,,,,,,,,,,,,,,,,,,,,,,,,,,,,,,,,,,,14.903491620889362,14.911342053966536,14.740111410402374,14.883577066749108,14.567369548170513,,,,,,14.80117834003558,"rgba(239, 83, 80, 0.5)",0.43020951648319244,15.29119609625619,-0.9974760183459458,51.01888539308698,4.2423267583489235,False,False,False,False,True,0.0,0.0,0.0,0.0,0.0,1,0.92032529908746,0.9558803307996788,False,False,False,False,-0.0015640019408881157,0.015765295723002497,False,False,False,False,-112813,-126148.687421767,False,False,False,False,4806.153310517009,False,False,False,False
2023-03-01 00:00:00+00:00,14.6956172096,15.0602333863,14.6956172096,14.8620724207,5616,,,,,,,,,,,,,,,,,,,,,,,,,,,,,,,,,,,,,,,,,,,,14.894495049638042,14.906402988247502,14.742749361720346,14.882660192609478,14.56971454465899,,,,,,14.799204427374871,"rgba(239, 83, 80, 1.0)",0.42581809711950214,15.28845997134012,-1.3922441665830485,49.61512157756717,3.466194128850958,False,False,False,False,False,0.0,0.0,0.0,0.0,0.0,1,0.9228565261037937,0.9429911494008619,False,False,False,False,0.031289806715730076,0.023527551219366286,False,False,False,False,-118429,-125845.9545816977,False,False,False,False,4837.912004222225,False,False,False,False
2023-03-02 00:00:00+00:00,14.7511022799,15.1236448953,14.7431758413,14.8065873503,5050,,,,,,,,,,,,,,,,,,,,,,,,,,,,,,,,,,,,,,,,,,,,14.892622714491173,14.904882652852478,14.746629086341143,14.882537351814841,14.572250397570247,,,,,,14.799784440613976,"rgba(239, 83, 80, 1.0)",0.4245115716187176,15.286992090761345,-1.262367969895209,49.15952336489641,2.8588616650932224,False,True,False,False,False,0.0,0.0,0.0,0.0,0.0,1,0.9201259855369667,0.9719095440107219,False,False,False,False,0.05322553755432098,0.03837654438684363,False,False,False,False,-113379,-125357.05440202329,False,False,False,False,4846.229180527236,False,False,False,False
2023-03-03 00:00:00+00:00,14.8224402276,14.8858517365,14.6004999461,14.7669551572,3869,,,,,,,,,,,,,,,,,,,,,,,,,,,,,,,,,,,,,,,,,,,,14.885044899142253,14.90037096446115,14.74714292650513,14.881486346190629,14.573508013626565,,,,,,14.797510629985146,"rgba(239, 83, 80, 1.0)",0.4157927721152004,15.284660642373217,-1.111660533255141,49.492218291412684,2.8588616650932224,False,False,False,False,False,0.0,0.0,0.0,0.0,0.0,1,0.9017368446883266,0.986299077546754,False,False,False,False,-0.013041152700540253,0.01266769584315169,False,False,False,False,-109510,-124735.60128821846,False,False,False,False,4807.906467565384,False,False,False,False
2023-03-06 00:00:00+00:00,15.2504679133,15.2504679133,14.9096310524,14.9096310524,8951,,,,,,,,,,,,,,,,,,,,,,,,,,,,,,,,,,,,,,,,,,,,14.91645281702709,14.917309901030732,14.766320891320309,14.886868396122482,14.5816928670244,,,,,,14.813728974505002,#000000,0.40959314681917447,15.288955758953303,-0.09396603911025694,52.96730757756281,-0.6181857197233427,True,False,True,False,True,1.835327401098887,0.0,0.0,0.0,0.0,1,0.9036114894855529,0.9570288715077101,False,False,False,False,0.23505751690437932,0.1238626063737655,False,False,False,False,-100559,-123787.49927691578,False,False,False,False,4970.380723739291,False,False,False,False
2023-03-07 00:00:00+00:00,14.917557491,15.2266885974,14.8630235933,15.2029092815,12809,,,,,,,,,,,,,,,,,,,,,,,,,,,,,,,,,,,,,,,,,,,,14.929473461728492,14.925222980387716,14.781853604663896,14.890251430531727,14.590262161739233,,,,,,14.823412727810211,"rgba(239, 83, 80, 0.5)",0.40602902713815353,15.289315706377058,-0.9155951681517723,52.418154790514826,-0.6181857197233427,True,False,False,False,True,0.0,0.0,0.0,0.0,0.0,1,0.9149428765591998,0.9309311105619007,False,False,False,False,0.21648157763013218,0.17017209200194883,False,False,False,False,-113368,-123378.89146213478,False,False,False,False,5277.777558102456,False,False,False,False
2023-03-08 00:00:00+00:00,15.0998655794,15.1083468687,14.8620724207,15.1083468687,3004,,,,,,,,,,,,,,,,,,,,,,,,,,,,,,,,,,,,,,,,,,,,14.932696229155168,14.927318540410404,14.785524176240477,14.89115958580317,14.592321420265746,,,,,,14.825803990374993,#000000,0.40031622418262974,15.289492601554219,-0.47369307237397684,53.34304357442062,-0.20724090419342645,True,False,True,False,True,0.9530029223286114,0.0,0.0,0.0,0.0,1,0.9249974211994637,0.9293653983731338,False,False,False,False,0.18532456961902147,0.17774833081048513,False,False,False,False,-110364,-122868.50356165892,False,False,False,False,5188.6098107258895,False,False,False,False
2023-03-09 00:00:00+00:00,15.488261072,15.9876267053,15.0602333863,15.107792018,47516,,,,,,,,,,,,,,,,,,,,,,,,,,,,,,,,,,,,,,,,,,,,15.136467831276192,15.074873126874826,14.926299820706612,14.951609205999196,14.656644039578303,,,,,,14.949178804887026,#000000,0.4020675123487679,15.325445573688132,0.40494567034462686,56.30673660162726,2.627261515912352,True,False,True,False,True,3.0966714275786664,0.0,0.0,0.0,0.0,1,0.9568968239329043,0.8697362096920308,False,True,False,False,0.3428282069832089,0.26028826889684703,False,False,False,False,-62848,-120514.75832394681,False,False,False,False,6848.507465207227,False,False,False,False
2023-03-10 00:00:00+00:00,14.9017046138,15.6648646884,14.8628236163,15.6648646884,5491,,,,,,,,,,,,,,,,,,,,,,,,,,,,,,,,,,,,,,,,,,,,15.136728083582929,15.076807248876827,14.931048775109781,14.953740071441391,14.660544316626781,,,,,,14.951773699127543,"rgba(239, 83, 80, 1.0)",0.4020883146044395,15.323763429055308,-1.049666951078932,53.98809123112184,2.627261515912352,True,False,True,False,False,0.0,0.0,0.0,0.0,0.0,1,0.9488091511181217,0.8896330530809694,False,False,False,False,0.22372958621664418,0.2420089275567456,False,False,False,False,-68339,-118468.65015438026,False,False,False,False,6795.271878336355,False,False,False,False
2023-03-13 00:00:00+00:00,13.5119499517,14.7812056547,13.0942202267,14.7169395431,24849,,,,,,,,,,,,,,,,,,,,,,,,,,,,,,,,,,,,,,,,,,,,14.935311666523546,14.931212559570621,14.828675808735237,14.898232705190676,14.630268498417399,,,,,,14.844740247687493,"rgba(255, 26, 202, 1.0)",0.4287884117714544,15.23581586726491,-4.020318339395178,46.67727281582539,1.1649893042915735,False,True,False,True,False,0.0,0.0,0.0,0.0,0.0,1,0.8790342896152769,0.9644098714551576,False,False,False,False,-0.34282825441539394,-0.05040966342932417,False,False,False,False,-93188,-117477.25210911044,False,False,False,False,7503.261216440813,False,False,False,False
2023-03-14 00:00:00+00:00,13.3432514089,14.0903449556,13.2548855055,13.8252472455,18840,,,,,,,,,,,,,,,,,,,,,,,,,,,,,,,,,,,,,,,,,,,,14.79498939655614,14.822651712999162,14.747668658307857,14.851400709259421,14.602666390278815,,,,,,14.76387537348028,"rgba(255, 26, 202, 1.0)",0.4590246689906229,15.17418423388887,-3.9887460275610414,41.32573481898031,-3.429473138951991,False,True,False,True,False,0.0,0.0,0.0,0.0,0.0,0,0.8866048196537145,0.9617874907569417,False,False,False,False,-0.34282825441539394,-0.19661895892235906,False,False,False,False,-112028,-117263.55594796885,True,False,False,False,7947.8392079529385,True,False,False,False
2023-03-15 00:00:00+00:00,13.4155507844,13.7690143979,13.054053907,13.1343865464,12713,,,,,,,,,,,,,,,,,,,,,,,,,,,,,,,,,,,,,,,,,,,13.412873029766667,14.705790949097972,14.751015231487594,14.692414723854707,14.818145684293805,14.582261962674153,,,13.412873029766667,,,14.49375026352915,"rgba(255, 26, 202, 1.0)",0.48334095746814326,15.020360385871253,-3.3202433534241194,38.235341103582115,-5.88227580034561,False,True,False,True,False,0.0,1.0,13.769014,13.054054,0.0,0,0.8667564425181693,0.9751824381087328,False,False,False,False,-0.34282825441539394,-0.2697236066688765,False,False,False,False,-99315,-116559.69100883281,False,False,False,False,8134.708258621451,False,False,False,False
2023-03-16 00:00:00+00:00,13.4557171041,13.9135328162,13.4155507844,13.4155507844,1561,,,,,,,,,,,,,,,,,,,,,,,,,,,,,,,,,,,,,,,,,,,13.43278311107159,14.697057256966993,14.743846779399236,14.68686465312036,14.814683384476453,14.580187260308142,,,13.43278311107159,,,14.492570407557126,"rgba(255, 26, 202, 1.0)",0.50129001969634,15.017366295689593,-3.115260887371293,36.457182673233035,-7.232882326664431,False,True,False,True,False,0.0,0.0,0.0,0.0,0.0,0,0.8937047411458282,0.9692577063527643,False,False,False,False,-0.2564263294340906,-0.26307496805148356,False,False,False,False,-97754,-115822.21293005506,False,False,False,False,7876.915777891198,False,False,False,False
2023-03-17 00:00:00+00:00,13.616382383,13.616382383,13.335218145,13.5842493272,12045,,,,,,,,,,,,,,,,,,,,,,,,,,,,,,,,,,,,,,,,,,,13.47391608781112,14.629886598667994,14.688086455697702,14.643141675572437,14.787067837737185,14.56331380796329,,,13.47391608781112,,,14.464235410574952,"rgba(255, 26, 202, 1.0)",0.5164784477967818,14.988313448352937,-2.6563181313864805,36.43385102829203,-7.232882326664431,False,True,False,True,False,0.0,0.0,0.0,0.0,0.0,0,0.9154564743185979,0.9678993819049672,False,False,False,False,-0.32045757560968985,-0.2917662718305867,False,False,False,False,-85709,-114641.3026190725,False,False,False,False,8040.370061111151,False,False,False,False
2023-03-20 00:00:00+00:00,14.4357753051,14.4357753051,13.7483689095,13.7690143979,7284,,,,,,,,,,,,,,,,,,,,,,,,,,,,,,,,,,,,,,,,,,,13.632745948544251,14.615736672146182,14.675149699169223,14.633448259117035,14.77966125996645,14.55990520070505,,,13.632745948544251,,,14.482774506608031,"rgba(239, 83, 80, 1.0)",0.5151843456023266,14.988279745111441,-1.0724402725503666,41.204024843092505,-7.232882326664431,False,True,False,True,True,0.0,0.0,0.0,0.0,0.0,0,0.9258299194571189,0.9402576224961265,False,False,False,False,-0.11791523170934276,-0.20484075176996472,False,False,False,False,-78425,-113221.05545754026,False,False,False,False,8010.708490087185,False,False,False,False
2023-03-21 00:00:00+00:00,14.8454717662,14.8534246975,14.178710859,14.58840732,5755,,,,,,,,,,,,,,,,,,,,,,,,,,,,,,,,,,,,,,,,,,,13.777962264926536,14.615997423857014,14.674125215711124,14.633317571953025,14.7781262111576,14.560399534668186,,,13.777962264926536,,,14.506654703712249,#000000,0.5036171543820359,14.994029365731592,-0.2949812138823596,46.197167722491145,-10.981441099208666,False,True,False,True,True,0.2535670539109418,0.0,0.0,0.0,0.0,0,0.9188201328090361,0.9368055820834222,False,False,False,False,0.01510320078979647,-0.09486877549008413,False,False,False,False,-72670,-111630.81798861713,False,False,False,False,7922.249333613178,False,False,False,False
2023-03-22 00:00:00+00:00,14.7812056547,14.8534246975,14.2590434984,14.8454717662,7885,,,,,,,,,,,,,,,,,,,,,,,,,,,,,,,,,,,,,,,,,,,13.920374339626449,14.616516033442878,14.672937119384285,14.633269267428854,14.776144355928373,14.561119350005958,,,13.920374339626449,,,14.530060077636131,#000000,0.5019033131457159,14.999133155788973,-0.4342021568319521,49.17576505785264,-8.35753613189479,False,False,False,False,True,0.0,0.0,0.0,0.0,0.0,0,0.9326682804629791,0.929545814695045,False,False,False,False,0.027658725270168927,-0.0336050251099576,False,False,False,False,-80555,-110412.15845965175,False,False,False,False,7920.78857543227,False,False,False,False
2023-03-23 00:00:00+00:00,14.6446401676,14.8615382941,14.0582118998,14.8615382941,11197,,,,,,,,,,,,,,,,,,,,,,,,,,,,,,,,,,,,,,,,,,,14.03554194420849,14.61213100365919,14.667205553344239,14.629721239578267,14.771356948937532,14.560555168674084,,,14.03554194420849,,,14.546085309733634,"rgba(239, 83, 80, 0.5)",0.501970841919123,14.999791650054746,-0.7075141677491446,50.391925568001,-7.279778109021102,False,False,False,False,True,0.0,0.0,0.0,0.0,0.0,0,0.9245261780104798,0.9583476955376944,False,False,False,False,-0.0024548734559093426,-0.018029949282933472,False,False,False,False,-91752,-109680.38753966542,False,False,False,False,8049.2674548270825,False,False,False,False
2023-03-24 00:00:00+00:00,14.5161079445,14.7409590023,14.3554426657,14.3554426657,2177,,,,,,,,,,,,,,,,,,,,,,,,,,,,,,,,,,,,,,,,,,,14.053569389692909,14.611467584493461,14.666258319062898,14.629155750890114,14.77050537826871,14.560491580552945,,,14.053569389692909,,,14.548574667160175,"rgba(239, 83, 80, 0.5)",0.5004203672708498,14.999777480904337,-0.9665264806109567,50.47104976546234,-7.090257553149449,False,False,False,False,True,0.0,0.0,0.0,0.0,0.0,0,0.9345243738075878,0.9623642168532944,False,False,False,False,0.025147049464880996,0.003558550090973762,False,False,False,False,-93929,-109062.68606752169,False,False,False,False,7818.982456598569,False,False,False,False
2023-03-27 00:00:00+00:00,14.8535050301,15.0222035729,14.4839748888,14.8374385023,12024,,,,,,,,,,,,,,,,,,,,,,,,,,,,,,,,,,,,,,,,,,,14.174898846796568,14.619662253523506,14.67092278678204,14.634312225316558,14.770821934145193,14.563884190253736,,,14.174898846796568,,,14.572417039469599,#000000,0.5002429642769219,15.00598647042311,-0.304814762449515,52.286791211397684,-5.139127442184559,True,False,True,False,True,0.3458438655314211,0.0,0.0,0.0,0.0,0,0.9396073067673242,0.9691051201712748,False,False,False,False,0.08939474288085161,0.04647664648591269,False,False,False,False,-81905,-107997.67877075613,False,False,False,False,7983.88510535941,False,False,False,False
2023-03-28 00:00:00+00:00,14.8615382941,14.8615382941,14.4723266561,14.4723266561,5660,,,,,,,,,,,,,,,,,,,,,,,,,,,,,,,,,,,,,,,,,,,14.21515461170435,14.622079498818051,14.672013978762806,14.635792729648761,14.770463118791753,14.565062057873952,,,14.21515461170435,,,14.580094332599947,#000000,0.492912134811857,15.00746239276539,-0.29604484929365427,53.538397282673955,-3.6915264524224014,True,False,True,False,True,0.3886556305469355,0.0,0.0,0.0,0.0,0,0.9496481615261703,0.975521682446819,False,False,False,False,0.06231898238222994,0.05439781443407131,False,False,False,False,-76245,-106752.47568170687,False,False,False,False,7892.752356129629,False,False,False,False
2023-03-29 00:00:00+00:00,14.7089062792,14.8420977953,14.1505944352,14.8053054465,6317,,,,,,,,,,,,,,,,,,,,,,,,,,,,,,,,,,,,,,,,,,,14.241435870772024,14.62079021456492,14.669958314412495,14.634649506192243,14.768398242852427,14.565078661570595,,,14.241435870772024,,,14.583385135060785,"rgba(239, 83, 80, 0.5)",0.4897460472995819,15.006419532526982,-0.6074847463648638,53.3407919805928,-3.5686600658646626,True,False,True,False,True,0.0,0.0,0.0,0.0,0.0,0,0.937871085254655,0.9684120337011511,False,False,False,False,0.008940426355722878,0.031669120394897096,False,False,False,False,-82562,-105803.8295765419,False,False,False,False,7830.958146085331,False,False,False,False
2023-03-30 00:00:00+00:00,14.6607066955,14.6607066955,14.4920081527,14.4920081527,6444,,,,,,,,,,,,,,,,,,,,,,,,,,,,,,,,,,,,,,,,,,,14.267126243535778,14.620408342784039,14.668673883171456,14.634145042879203,14.76671694292282,14.565388381903647,,,14.267126243535778,,,14.587076472866157,"rgba(239, 83, 80, 0.5)",0.4867993173785252,15.005717432703964,-0.7087329930162795,52.876749440784025,-3.5686600658646626,True,False,True,False,True,0.0,0.0,0.0,0.0,0.0,0,0.9500031664726366,0.9662652869424867,False,False,False,False,0.03395207496486614,0.03281059767988162,False,False,False,False,-89006,-105145.09116177556,False,False,False,False,7776.567630552573,False,False,False,False
2023-03-31 00:00:00+00:00,14.5241412085,14.7594355094,14.5241412085,14.7008730152,8281,,,,,,,,,,,,,,,,,,,,,,,,,,,,,,,,,,,,,,,,,,,14.29508827031961,14.619887577252163,14.667048714676291,14.633481030092781,14.764581598753928,14.565760299958464,,,14.29508827031961,,,14.59097458184221,"rgba(239, 83, 80, 0.5)",0.48504467744091484,15.004557508184174,-0.9904578320884588,51.607530987115354,-3.5686600658646626,False,False,False,False,True,0.0,0.0,0.0,0.0,0.0,0,0.9566288781978838,0.9667552314615079,False,False,False,False,0.05443607528135872,0.04362333648062017,False,False,False,False,-97287,-104836.93072405888,False,False,False,False,7796.349292099531,False,False,False,False
2023-04-03 00:00:00+00:00,15.5282992013,15.5282992013,14.5080746806,14.5080746806,17322,,,,,,,,,,,,,,,,,,,,,,,,,,,,,,,,,,,,,,,,,,,14.427697907862324,14.65260105899669,14.692540977733378,14.65685748053901,14.775804292578494,14.578516610447995,,,14.427697907862324,,,14.630669721359647,"rgba(38, 166, 154, 1.0)",0.48666067443707833,15.021415421344338,1.0415548380644788,56.01667700396815,-0.14173796439925468,True,False,True,False,True,3.933698386399154,0.0,0.0,0.0,0.0,0,0.9586679776299901,0.9444101374606804,False,False,False,False,0.1737113226661673,0.10866732957339373,False,False,False,False,-79965,-103861.56089174285,False,False,False,False,8169.904221821118,False,False,False,False
2023-04-04 00:00:00+00:00,14.9258044056,15.4479665619,14.9258044056,15.3435341306,10475,,,,,,,,,,,,,,,,,,,,,,,,,,,,,,,,,,,,,,,,,,,14.483076874037797,14.667645457436759,14.704242806523963,14.667865746012028,14.780913679791805,14.584898368983659,,,14.483076874037797,,,14.648107155464336,#000000,0.48334776336548585,15.028443509742692,-0.21235042741902901,55.28977473537479,-0.14173796439925468,True,False,True,False,True,0.6688002418561467,0.0,0.0,0.0,0.0,0,0.9710695050604484,0.98518175258075,False,False,False,False,0.22859350277747323,0.16863041617543348,False,False,False,False,-90440,-103335.22517049804,False,False,False,False,8260.300134690879,False,False,False,False
2023-04-05 00:00:00+00:00,14.9499041975,14.9499041975,14.452725492,14.4759416248,3932,,,,,,,,,,,,,,,,,,,,,,,,,,,,,,,,,,,,,,,,,,,14.492109539131624,14.669098487639406,14.70509563095468,14.668940642972766,14.780932885734954,14.585809853116418,,,14.492109539131624,,,14.650331173258307,#000000,0.48027825176765043,15.028581959441032,-0.16381704074973344,54.919184881521474,-0.14173796439925468,True,False,True,False,True,0.7940796399261636,0.0,0.0,0.0,0.0,0,0.9530906765922204,0.944356772809327,False,False,False,False,0.07311089496889507,0.12087065557216428,False,False,False,False,-86508,-102675.33398734126,False,False,False,False,8090.5628745069225,False,False,False,False
2023-04-06 00:00:00+00:00,15.3194343388,15.6005985768,14.5482410003,15.4881328816,11237,,,,,,,,,,,,,,,,,,,,,,,,,,,,,,,,,,,,,,,,,,,14.544538852150716,14.685854886620527,14.71843966792479,14.681475533386477,14.787136684784667,14.593168065763807,,,14.544538852150716,,,14.668435615105162,"rgba(38, 166, 154, 0.5)",0.4663543796377168,15.013824496606214,0.6553167623968653,56.36884013905592,0.7802609206857625,True,False,True,False,True,2.700652442329705,0.0,0.0,0.0,0.0,0,0.9579017563996743,0.922551967106215,False,False,False,False,0.19187486565134768,0.15637276061175598,False,False,False,False,-75271,-101600.6542231318,False,False,False,False,8213.95256570273,False,False,False,False
2023-04-10 00:00:00+00:00,15.014170309,15.3033678109,14.8294052383,15.1989353797,6228,,,,,,,,,,,,,,,,,,,,,,,,,,,,,,,,,,,,,,,,,,,14.565689585236942,14.6926502058049,14.723772708070763,14.686642903965863,14.789514742196902,14.59640454911745,,,14.565689585236942,,,14.675779115732135,#000000,0.45443705474629975,15.014791383950827,-0.0013666908196413884,55.523894831925844,0.7802609206857625,True,False,True,False,True,1.0535002322287887,0.0,0.0,0.0,0.0,0,0.9672737765917742,0.9347915775984282,False,False,False,False,0.18927267470829262,0.1728227176600243,False,False,False,False,-81499,-100812.3540575188,False,False,False,False,8136.072072930074,False,False,False,False
2023-04-11 00:00:00+00:00,14.7249728071,15.2523565849,14.7089062792,15.014170309,3513,,,,,,,,,,,,,,,,,,,,,,,,,,,,,,,,,,,,,,,,,,,14.573307569176684,14.694768115665308,14.725320670320901,14.688285649640848,14.790054468605078,14.597597333890695,,,14.573307569176684,,,14.678222301216584,"rgba(239, 83, 80, 0.5)",0.44894489386497954,15.013556271877585,-0.6428037577021114,53.39555748443461,0.7802609206857625,True,False,True,False,False,0.0,0.0,0.0,0.0,0.0,0,0.9629383935148665,0.9493456940325312,False,False,False,False,0.16164427998751738,0.16723349882377084,False,False,False,False,-85012,-100192.73232977296,False,False,False,False,7954.775128893601,False,False,False,False
2023-04-12 00:00:00+00:00,14.7008730152,15.1984533838,14.5723407921,14.5723407921,10894,,,,,,,,,,,,,,,,,,,,,,,,,,,,,,,,,,,,,,,,,,,14.590060777649148,14.698819310185996,14.72800237812992,14.691515735446444,14.790580908989622,14.600362483475221,,,14.590060777649148,,,14.683223598979394,"rgba(239, 83, 80, 0.5)",0.4477143245159571,15.00964528539304,-0.6896635941386674,51.84675448905979,0.7802609206857625,False,False,False,False,False,0.0,0.0,0.0,0.0,0.0,1,0.980108953710217,0.9528520722508332,False,False,False,False,0.1312442324717274,0.14923886564774913,False,False,False,False,-95906,-100024.62517958578,False,False,False,False,8070.038849329146,False,False,False,False
2023-04-13 00:00:00+00:00,14.8535050301,15.1103284784,14.8535050301,14.8936713499,6529,,,,,,,,,,,,,,,,,,,,,,,,,,,,,,,,,,,,,,,,,,,14.6035081170812,14.703254346897747,14.73138940456341,14.695000650608987,14.791953168783204,14.602825232281239,,,14.6035081170812,,,14.687988486702631,#000000,0.44830385025971514,15.010620936063976,-0.35046744718555317,51.70874100469764,0.7802609206857625,False,False,False,False,False,0.2229958255276543,0.0,0.0,0.0,0.0,1,0.9530521754703056,0.9629780037919222,False,False,False,False,0.16205647987665914,0.15564767276220415,False,False,False,False,-89377,-99607.07125097458,False,False,False,False,8009.605953277022,False,False,False,False
2023-04-14 00:00:00+00:00,14.9499041975,15.0704031566,14.8213719744,14.8615382941,2739,,,,,,,,,,,,,,,,,,,,,,,,,,,,,,,,,,,,,,,,,,,14.608974893462841,14.705128870568497,14.732832406393644,14.696481206111946,14.792552654142067,14.603872427961196,,,14.608974893462841,,,14.689973743106698,#000000,0.4444998612225471,15.01110781954407,-0.13769098122041404,52.18497764555927,0.7802609206857625,False,False,False,False,False,0.7444570950449965,0.0,0.0,0.0,0.0,1,0.9502351641563586,0.9662905611268728,False,False,False,False,0.15052213660428337,0.15308490468324376,False,False,False,False,-86638,-99098.4802215246,False,False,False,False,7802.915523736747,False,False,False,False
2023-04-17 00:00:00+00:00,14.8133387104,15.1748355879,14.6446401676,14.9017046138,3610,,,,,,,,,,,,,,,,,,,,,,,,,,,,,,,,,,,,,,,,,,,14.614490437831003,14.706857964792375,14.734096944207266,14.697871729870325,14.79298325816883,14.604965043975774,,,14.614490437831003,,,14.69187756314093,#000000,0.4447549837259747,15.011063879925036,-0.44457100372114017,51.58387157970468,0.7802609206857625,False,False,False,False,False,0.0,0.0,0.0,0.0,0.0,1,0.9352869183269419,0.9752149144724616,False,False,False,False,0.1389890289636156,0.14603696682342968,False,False,False,False,-90248,-98751.40256577854,False,False,False,False,7638.487463982365,False,False,False,False
2023-04-18 00:00:00+00:00,14.2510102344,14.8212113091,14.2510102344,14.8133387104,8836,,,,,,,,,,,,,,,,,,,,,,,,,,,,,,,,,,,,,,,,,,,14.606192509522996,14.700492443018033,14.727963502686983,14.693135286254906,14.7886758188045,14.603379369491877,,,14.606192509522996,,,14.686639821629882,"rgba(255, 0, 0, 1.0)",0.44194670738726977,15.0014772413566,-1.6980938977761835,47.98861119020722,2.4371680051458355,False,True,False,False,False,0.0,0.0,0.0,0.0,0.0,1,0.9214761424827576,0.9823976670785093,False,False,False,False,0.021367565184935117,0.0837022660041824,False,False,False,False,-99084,-98764.44560241468,False,False,False,False,7685.448739904625,False,False,False,False
2023-04-19 00:00:00+00:00,14.6767732234,14.8370368391,14.2188771787,14.2590434984,8454,,,,,,,,,,,,,,,,,,,,,,,,,,,,,,,,,,,,,,,,,,,14.604939149660296,14.69773862273484,14.725010571551243,14.691131128285175,14.786232060116355,14.603142571936074,,,14.604939149660296,,,14.684699017380666,"rgba(239, 83, 80, 0.5)",0.4418430399895813,14.996320647220589,-0.7232147955258598,48.290576774592125,2.4371680051458355,False,True,False,False,False,0.0,0.0,0.0,0.0,0.0,1,0.929369596565052,0.9937337171955603,False,False,False,False,0.01881896188472018,0.05126061394445129,False,False,False,False,-90630,-98445.44773565332,False,False,False,False,7715.588005006404,False,False,False,False
2023-04-20 00:00:00+00:00,14.869571558,14.869571558,14.4598750969,14.4598750969,10732,,,,,,,,,,,,,,,,,,,,,,,,,,,,,,,,,,,,,,,,,,,14.611681630181971,14.698713819014376,14.725205006629183,14.69203309796848,14.78546124668274,14.604637258494353,,,14.611681630181971,,,14.686288676495183,#000000,0.4424489961084255,14.99420548124128,-0.2816910521608181,49.578339892397985,2.4371680051458355,False,False,False,False,False,0.3636016369392401,0.0,0.0,0.0,0.0,1,0.9455507446405371,0.9737428199061231,False,False,False,False,0.061626098843148104,0.0564433563937997,False,False,False,False,-79898,-97718.09684405907,False,False,False,False,7833.878671476742,False,False,False,False
2023-04-21 00:00:00+00:00,14.4598750969,14.8936713499,14.3956089854,14.8936713499,3191,,,,,,,,,,,,,,,,,,,,,,,,,,,,,,,,,,,,,,,,,,,14.611240362986276,14.697770629842612,14.724184530445116,14.691339571202219,14.784593413241314,14.604563640070921,,,14.611240362986276,,,14.685615357964743,"rgba(239, 83, 80, 1.0)",0.44063444026331017,14.992591607501211,-1.2089761079113017,48.18140725789502,2.398436929984662,False,True,False,False,False,0.0,0.0,0.0,0.0,0.0,1,0.9443735152134861,0.9656618046066416,False,False,False,False,0.05532978507378772,0.05588657073379371,False,False,False,False,-83089,-97144.40677174303,False,False,False,False,7651.804998085498,False,False,False,False
2023-04-24 00:00:00+00:00,14.6526734316,14.7410393349,14.2590434984,14.4438085691,5060,,,,,,,,,,,,,,,,,,,,,,,,,,,,,,,,,,,,,,,,,,,14.60980125628136,14.69589593136324,14.722234385252898,14.689936738148944,14.783015444898444,14.604275080768723,,,14.60980125628136,,,14.684193139452267,"rgba(239, 83, 80, 0.5)",0.43263293794271146,14.989793804390363,-0.7792295574938485,48.395741619416135,2.398436929984662,False,True,False,False,False,0.0,0.0,0.0,0.0,0.0,1,0.9392269429758009,0.9862499293090455,False,False,False,False,0.010095096286793984,0.032990833510293846,False,False,False,False,-78029,-96394.78297677271,False,False,False,False,7550.16558639587,False,False,False,False
2023-04-25 00:00:00+00:00,14.2188771787,14.6375708954,14.2188771787,14.2269104426,2909,,,,,,,,,,,,,,,,,,,,,,,,,,,,,,,,,,,,,,,,,,,14.60640036699066,14.69343735195378,14.719895547180691,14.68804370820654,14.781373531694854,14.603517201941209,,,14.60640036699066,,,14.68211128466129,"rgba(255, 0, 0, 1.0)",0.43369413562184433,14.987093824299645,-1.77133279540004,46.34534271364415,0.38413905013518956,False,True,False,True,False,0.0,0.0,0.0,0.0,0.0,1,0.9551261225560174,0.9844380624841339,False,False,False,False,-0.012344597590265327,0.010323117960014259,True,False,False,False,-80938,-95788.63462474241,True,False,False,False,7368.159092811718,True,False,False,False
2023-04-26 00:00:00+00:00,14.451841833,14.451841833,14.1385445392,14.2951931861,2820,,,,,,,,,,,,,,,,,,,,,,,,,,,,,,,,,,,,,,,,,,14.347409401733335,14.603047409915105,14.691010577271,14.717588462743329,14.686168382433188,14.779752724871281,14.602754084785607,,,14.603047409915105,,,14.632533006250407,"rgba(239, 83, 80, 1.0)",0.4323267336650364,14.923694262621416,-1.0914255188923936,46.39805949721757,0.3019370446462233,False,True,False,True,False,0.0,0.0,0.0,0.0,0.0,1,0.952024813631421,0.9909205702165113,False,False,False,False,-0.053960630660704466,-0.021818756350345102,False,False,False,False,-78118,-95095.66856102702,False,False,False,False,7189.7999127014555,False,False,False,False
2023-04-27 00:00:00+00:00,14.7812056547,14.7812056547,14.3393761378,14.3393761378,3587,,,,,,,,,,,,,,,,,,,,,,,,,,,,,,,,,,,,,,,,,,14.507819318025618,14.603547713867195,14.690505871433528,14.716934516856762,14.685805106413852,14.779063233068412,14.60287179526516,,,14.603547713867195,,,14.655221079275789,#000000,0.42643766615634016,14.930615378436865,-0.350367089013399,48.26780587713519,0.3019370446462233,False,True,False,False,False,0.03217935766242519,0.0,0.0,0.0,0.0,1,0.9622775899842514,0.976963189961174,False,False,False,False,0.02892725215950824,0.0035542479045815693,False,False,False,False,-74531,-94289.21097039852,False,False,False,False,7048.5136416151245,False,False,False,False
2023-04-28 00:00:00+00:00,14.5402077364,14.7812056547,14.5402077364,14.7611224948,8373,,,,,,,,,,,,,,,,,,,,,,,,,,,,,,,,,,,,,,,,,,14.571676788730896,14.604166902142458,14.689091039430542,14.715207188180122,14.68476260884305,14.777332715868832,14.603026160032426,,,14.604166902142458,,,14.663609057604047,"rgba(239, 83, 80, 0.5)",0.42661615466197195,14.931126647887169,-0.9163246801962126,48.18855944877032,0.3019370446462233,False,True,False,False,False,0.0,0.0,0.0,0.0,0.0,1,0.9717230869361073,0.9806735126410947,False,False,False,False,0.06036646157296922,0.03196035473877539,False,False,False,False,-82904,-93842.73210881426,False,False,False,False,7100.4542831204135,False,False,False,False
2023-05-01 00:00:00+00:00,15.014170309,15.3435341306,14.6205403758,14.7410393349,11808,,,,,,,,,,,,,,,,,,,,,,,,,,,,,,,,,,,,,,,,,,14.758678897655223,14.623159123792663,14.697510572850332,14.722048009936172,14.691547575639625,14.780598754592521,14.607769438550301,,,14.623159123792663,,,14.697330339002406,#000000,0.42724548525764283,14.944821916688042,0.1623150968351119,50.59485644008882,-3.1348710900151957,False,False,False,False,True,1.2723257283897844,0.0,0.0,0.0,0.0,1,0.9770784900855186,0.9614007253459583,False,False,False,False,0.16209512641122933,0.09702774057500237,False,False,False,False,-71096,-92950.70339866469,False,False,False,False,7285.063919076476,False,False,False,False
2023-05-02 00:00:00+00:00,15.0704031566,15.0704031566,14.4036422493,14.4438085691,9246,,,,,,,,,,,,,,,,,,,,,,,,,,,,,,,,,,,,,,,,,,14.781764385792322,14.631452369676612,14.700711612844842,14.724435693568266,14.694203184620752,14.78139130435055,14.610038677851229,,,14.631452369676612,,,14.703428175529224,#000000,0.4273638772061514,14.94672088468656,0.2894074078558074,52.46942395417907,-1.3163106852335744,True,False,True,False,True,1.56571730782413,0.0,0.0,0.0,0.0,1,0.9550530622475496,0.9815542623946466,False,False,False,False,0.08433691007931535,0.09068232532715886,False,False,False,False,-61850,-91731.06797126608,False,False,False,False,7361.96337323034,False,False,False,False
2023-05-03 00:00:00+00:00,15.2150019076,15.576498785,14.9418709335,14.9820372532,5250,,,,,,,,,,,,,,,,,,,,,,,,,,,,,,,,,,,,,,,,,,14.8408905010748,14.644019438047145,14.707194167790078,14.729967142412468,14.699450943661198,14.784455812791588,14.613421205611049,,,14.644019438047145,,,14.717057030198333,"rgba(38, 166, 154, 0.5)",0.43142461939508225,14.953611507651422,0.6058773380042237,54.43324392638731,0.5501230922544451,True,False,True,False,True,2.324562444963643,0.0,0.0,0.0,0.0,1,0.978106126177695,0.9622382332136953,False,False,False,False,0.25251635034761066,0.17159933783738476,False,False,False,False,-56600,-90353.37903121643,False,False,False,False,7279.141280162484,False,False,False,False
2023-05-04 00:00:00+00:00,15.0463033648,15.2150019076,14.3875757215,15.2150019076,15806,,,,,,,,,,,,,,,,,,,,,,,,,,,,,,,,,,,,,,,,,,14.852578947841181,14.657909776777512,14.713284393475929,14.734714614463236,14.704572919629587,14.786380095826894,14.61767948428309,,,14.657909776777512,,,14.723874318899632,#000000,0.4320176165770127,14.955887367107755,0.20928775638510932,54.593019939347926,0.7368196031940997,True,False,True,False,True,1.384877222585299,0.0,0.0,0.0,0.0,1,0.9584367778700758,0.9813634082880518,False,False,False,False,0.10459670137176771,0.13809801960457624,False,False,False,False,-72406,-89649.56024567854,False,False,False,False,7613.527896626701,False,False,False,False
2023-05-05 00:00:00+00:00,15.1828688518,15.1828688518,14.4277420412,15.0623698927,12220,,,,,,,,,,,,,,,,,,,,,,,,,,,,,,,,,,,,,,,,,,14.86647360010375,14.669662512257862,14.718968664969822,14.739317023973703,14.709359127563024,14.788534166574667,14.621462163768138,,,14.669662512257862,,,14.73053960845871,"rgba(38, 166, 154, 0.5)",0.43473827807034165,14.958628757462966,0.5158048086595025,55.450765295018925,1.6488976454933493,True,False,True,False,True,2.116517478174803,0.0,0.0,0.0,0.0,1,0.9605688133600088,0.9797239159098959,False,False,False,False,0.10586561203615075,0.12198181582036349,False,False,False,False,-60186,-88494.1265105539,False,False,False,False,7794.173861464869,False,False,False,False
2023-05-08 00:00:00+00:00,15.4961661456,15.4961661456,14.8555133461,15.4238667701,5582,,,,,,,,,,,,,,,,,,,,,,,,,,,,,,,,,,,,,,,,,,14.897573349474817,14.681473175754698,14.725606810139528,14.74506979914676,14.714837524928095,14.791869407074577,14.625086450011821,,,14.681473175754698,,,14.740216645218613,"rgba(38, 166, 154, 1.0)",0.44297731238418153,14.964080310473037,1.2011582089005512,57.62185565000126,3.7824022713169256,True,False,True,False,True,3.773663465208326,0.0,0.0,0.0,0.0,1,0.9898812199074243,0.9633984246492291,False,False,False,False,0.2249618039422698,0.17347180988131666,False,False,False,False,-54604,-87165.10194151258,False,False,False,False,7707.4219453289925,False,False,False,False
2023-05-09 00:00:00+00:00,15.1828688518,15.3194343388,14.8454717662,14.877604822,5510,,,,,,,,,,,,,,,,,,,,,,,,,,,,,,,,,,,,,,,,,,14.9125744406577,14.689582189366371,14.730092206052149,14.748905896010465,14.718585770638038,14.794014400602732,14.627728111996,,,14.689582189366371,,,14.745926145046209,#000000,0.4448105278097852,14.967154023749789,0.4849589084871167,56.80353892108655,3.7824022713169256,True,False,True,False,True,1.9874815380618926,0.0,0.0,0.0,0.0,1,0.9748188054749868,0.9676242426525993,False,False,False,False,0.19447962623092202,0.18397571805611934,False,False,False,False,-60114,-86104.27441439444,False,False,False,False,7621.248535708248,False,False,False,False
2023-05-10 00:00:00+00:00,15.5041994095,15.5041994095,14.9098182104,15.0864696845,6512,,,,,,,,,,,,,,,,,,,,,,,,,,,,,,,,,,,,,,,,,,14.94212512844654,14.702887938050013,14.737810008753584,14.755634979349358,14.725003470057263,14.797989098728765,14.632015550238355,,,14.702887938050013,,,14.756209453374838,"rgba(38, 166, 154, 1.0)",0.4507423544951454,14.973130756454154,1.17820889860832,57.90380023576428,4.099905265587445,True,False,True,False,True,3.6799690730955277,0.0,0.0,0.0,0.0,1,0.9774251733641299,0.9540840101004262,False,False,False,False,0.23522513596898337,0.20960042701255135,False,False,False,False,-53602,-84829.67541775154,False,False,False,False,7577.748593131454,False,False,False,False
2023-05-11 00:00:00+00:00,15.0061370451,15.3917337143,14.5482410003,14.9684610372,6480,,,,,,,,,,,,,,,,,,,,,,,,,,,,,,,,,,,,,,,,,,14.944900313207558,14.708757176534323,14.741023583855933,14.758323566513017,14.727767462222836,14.799399801424821,14.634203213312263,,,14.708757176534323,,,14.759196445295824,#000000,0.4488867993415764,14.974498210196373,0.07048288109615583,55.470091489373985,4.099905265587445,True,False,True,False,False,0.8973090399871779,0.0,0.0,0.0,0.0,1,0.9629161892356218,0.9617044224143745,False,False,False,False,0.15823282799920893,0.18391662750588014,False,False,False,False,-60082,-83859.17834254561,False,False,False,False,7534.699628694927,False,False,False,False
2023-05-12 00:00:00+00:00,15.5041994095,15.6487981605,15.1909021157,15.2230351715,4020,,,,,,,,,,,,,,,,,,,,,,,,,,,,,,,,,,,,,,,,,,14.965703143249975,14.718274954910875,14.746747576378933,14.76336705421423,14.732540145539222,14.802469173699764,14.63734628273947,,,14.718274954910875,,,14.766635475818925,"rgba(38, 166, 154, 1.0)",0.45535828216095064,14.979003812483063,1.1533678371337979,56.2867720602009,4.099905265587445,True,False,True,False,False,3.4784218309508397,0.0,0.0,0.0,0.0,1,0.9785585433823739,0.9508709185679782,False,False,False,False,0.30675386612957206,0.24533524681772612,False,False,False,False,-56062,-82769.09291734775,False,False,False,False,7396.868270706891,False,False,False,False
2023-05-15 00:00:00+00:00,16.1548937889,16.2111266365,15.1025362124,15.6327316326,24790,,,,,,,,,,,,,,,,,,,,,,,,,,,,,,,,,,,,,,,,,,15.139867313516419,14.799526646912588,14.79792272746236,14.809085870602528,14.775347321462334,14.831403644419995,14.66492583861401,,,14.799526646912588,,,14.83115419471289,"rgba(0, 255, 0, 1.0)",0.48051275009689876,15.035272285774216,2.3300557641810866,59.29316168496647,5.238256850555352,True,False,True,False,True,6.652117796867778,0.0,0.0,0.0,0.0,0,0.9809098466337043,0.9260488672804221,False,False,False,False,0.34282822142833325,0.2940817341230297,False,False,False,False,-31272,-80749.59907745177,False,False,False,False,8078.951867934072,False,False,False,False
2023-05-16 00:00:00+00:00,15.3435341306,16.1227607331,15.2792680191,16.0665278855,14573,,,,,,,,,,,,,,,,,,,,,,,,,,,,,,,,,,,,,,,,,,15.18702808195088,14.831954055688634,14.819242405440017,14.828203871872457,14.793541676900531,14.843708231863983,14.677296482479537,,,14.831954055688634,,,14.85442497231372,"rgba(38, 166, 154, 0.5)",0.48302604367547547,15.04603027477074,0.6159168014326382,57.0736298966627,5.238256850555352,True,False,True,False,False,2.2884364255775687,0.0,0.0,0.0,0.0,1,0.9786943472752628,0.941943930615418,False,False,False,False,0.34282822206492564,0.31845497809397766,False,False,False,False,-45845,-79380.79127049287,False,False,False,False,8333.620422132735,False,False,False,False
2023-05-17 00:00:00+00:00,14.7972721825,15.7050310081,14.7972721825,15.5041994095,11456,,,,,,,,,,,,,,,,,,,,,,,,,,,,,,,,,,,,,,,,,,15.180282185999179,14.840408050266163,14.825116110460371,14.833386249772678,14.798879313363344,14.84696781245792,14.68173103239693,,,14.840408050266163,,,14.858110107816655,"rgba(239, 83, 80, 0.5)",0.4829174692585583,15.041055610620399,-0.5048138525505992,53.38954596771684,7.937095730669867,True,False,True,False,False,0.0,0.0,0.0,0.0,0.0,1,0.9660086456936479,0.956131357821253,False,False,False,False,0.20306149894181483,0.26075823851789626,False,False,False,False,-57301,-78514.91710302257,False,False,False,False,8456.066680088315,False,False,False,False
2023-05-18 00:00:00+00:00,14.869571558,15.2752513871,14.8294052383,14.8294052383,6365,,,,,,,,,,,,,,,,,,,,,,,,,,,,,,,,,,,,,,,,,,15.172495975568317,14.843009886628272,14.827027803696836,14.835043618520128,14.80072542428213,14.847981875301695,14.683526222680435,,,14.843009886628272,,,14.858544400953974,#000000,0.4824213085083124,15.03779989059639,-0.34871662928108416,51.25670704371057,6.073506182348666,True,False,False,False,False,0.0,0.0,0.0,0.0,0.0,1,0.9662861889072433,0.9652328733050682,False,False,False,False,0.14398685149795074,0.2023725450079235,False,False,False,False,-50936,-77433.39094211973,False,False,False,False,8374.06406518289,False,False,False,False
2023-05-19 00:00:00+00:00,14.9981037811,15.0049320555,14.7812056547,14.9659707253,5442,,,,,,,,,,,,,,,,,,,,,,,,,,,,,,,,,,,,,,,,,,15.16417447260395,14.844244945111766,14.828011370208854,14.83587048739093,14.801761018580592,14.848459799194922,14.684732335205066,,,14.844244945111766,,,14.858179204042298,#000000,0.4818788262711045,15.034754334941809,-0.07605761416292244,50.43446404551392,5.3729621910430865,False,False,False,False,False,0.5532787091431501,0.0,0.0,0.0,0.0,1,0.9576020615840863,1.0014098353010557,False,False,False,False,0.09739625893595226,0.1498844019719379,False,False,False,False,-45494,-76180.86580713464,False,False,False,False,8259.081160665915,False,False,False,False
2023-05-22 00:00:00+00:00,14.869571558,15.2551682273,14.733006071,15.1357135925,6942,,,,,,,,,,,,,,,,,,,,,,,,,,,,,,,,,,,,,,,,,,15.15536731549264,14.846214832699346,14.829539071348645,14.837178840890285,14.803309405225843,14.849246319383024,14.686406915450915,,,14.846214832699346,,,14.858180385784388,#000000,0.4807077504069566,15.03187853710387,-0.33764169387005644,49.301034544699206,4.281317843817035,False,False,False,False,False,0.0,0.0,0.0,0.0,0.0,1,0.9620582432147056,0.9828314658256354,False,False,False,False,0.12688712459332205,0.13838576328262997,False,False,False,False,-52436,-75249.69459901172,False,False,False,False,8207.430919071174,False,False,False,False
2023-05-23 00:00:00+00:00,14.8133387104,15.15876906,14.6607066955,14.869571558,9431,,,,,,,,,,,,,,,,,,,,,,,,,,,,,,,,,,,,,,,,,,15.140501340357755,14.84697154569694,14.830326762001963,14.837785271438094,14.804331373837057,14.849534383436838,14.688017183172601,,,14.84697154569694,,,14.85678112284875,#000000,0.47925120641017166,15.027241747059586,-0.44632759145631623,48.27851336844847,3.2346830306038257,False,True,False,False,False,0.0,0.0,0.0,0.0,0.0,1,1.016405937385675,0.9594764908072654,False,False,False,False,0.10224957296694037,0.12031766812478517,False,False,False,False,-61867,-74724.88304610932,False,False,False,False,8255.414020284068,False,False,False,False
2023-05-24 00:00:00+00:00,14.7008730152,15.0985195804,14.7008730152,14.9147185014,8439,,,,,,,,,,,,,,,,,,,,,,,,,,,,,,,,,,,,,,,,,,15.12646713738081,14.846685435364664,14.830371492814521,14.837727476729814,14.80468508354587,14.849389248281515,14.68910477510023,,,14.846685435364664,,,14.854918664173919,"rgba(239, 83, 80, 0.5)",0.4783699872370998,15.023004785959003,-0.6733946095145433,47.04048215150297,1.9454041210088633,False,True,False,True,False,0.0,0.0,0.0,0.0,0.0,1,1.0125083928085619,0.937176203379625,False,False,False,False,0.09932532946774633,0.10982149879626575,False,False,False,False,-70306,-74551.59351488935,False,False,False,False,8262.613470469007,False,False,False,False
2023-05-25 00:00:00+00:00,14.6044738479,15.198855047,14.58840732,14.7892389186,6324,,,,,,,,,,,,,,,,,,,,,,,,,,,,,,,,,,,,,,,,,,15.115565253187054,14.8459153019782,14.830016578261695,14.837329610492553,14.804617907926692,14.849039632065718,14.689707542621,,,14.8459153019782,,,14.853170260933272,"rgba(239, 83, 80, 0.5)",0.4789134232554439,15.019732649995618,-0.8670853267650558,45.726149527190046,0.5687627074513841,False,True,False,True,False,0.0,0.0,0.0,0.0,0.0,1,1.0156038556226303,0.9223939037626768,False,False,False,False,0.0907781221984696,0.10029981049736768,False,False,False,False,-76630,-74633.09965156036,False,False,False,False,8186.589412803555,False,False,False,False
2023-05-26 00:00:00+00:00,14.7490725989,15.0542562961,14.4840552214,14.9579374614,6584,,,,,,,,,,,,,,,,,,,,,,,,,,,,,,,,,,,,,,,,,14.76246137213333,15.103797506918285,14.84458348273537,14.829271343838982,14.836571297161091,14.804225302024472,14.84843946206542,14.690127303348538,,,14.84458348273537,,,14.839934633778187,#000000,0.47889067633281673,14.980368562486484,-0.48298280801303356,45.8270461766721,0.5002803857409717,False,True,False,True,False,0.0,0.0,0.0,0.0,0.0,1,0.999524224443722,0.9325422181598229,False,False,False,False,0.05366153902417193,0.07698067476076981,False,False,False,False,-70046,-74453.21339071485,False,False,False,False,8123.742769164201,False,False,False,False
2023-05-30 00:00:00+00:00,14.7812056547,15.1788522198,14.7812056547,14.8447487724,11973,,,,,,,,,,,,,,,,,,,,,,,,,,,,,,,,,,,,,,,,,14.860075896921002,15.092938192131138,14.846534277851571,14.830932809559409,14.837967217476807,14.806049371977512,14.849252575854912,14.692449242618006,,,14.846534277851571,,,14.852024948048793,#000000,0.47739890172971416,14.982927768843961,-0.42254415209812934,46.11803991854051,0.5002803857409717,False,True,False,True,False,0.0,0.0,0.0,0.0,0.0,1,1.0113577257020863,0.9173365624066425,False,False,False,False,0.03425982388202048,0.05562024932139514,False,False,False,False,-58073,-73810.85208127505,False,False,False,False,8274.694033118545,False,False,False,False
2023-05-31 00:00:00+00:00,14.9418709335,15.1732289351,14.9418709335,15.0061370451,5361,,,,,,,,,,,,,,,,,,,,,,,,,,,,,,,,,,,,,,,,,14.895695093340402,15.091093399700162,14.848684873015516,14.832574332899494,14.839421375832956,14.807625483694055,14.850193479348691,14.693960339793614,,,14.848684873015516,,,14.857406047203112,#000000,0.4766595495988299,14.98479623444268,-0.09005442349535689,47.44944727574333,0.5002803857409717,False,True,False,True,False,0.3717426686020886,0.0,0.0,0.0,0.0,1,1.0017511765273353,0.9346171570585748,False,False,False,False,0.027915795235689916,0.04176802227854253,False,False,False,False,-52712,-72983.44611730348,False,False,False,False,8160.431522015857,False,False,False,False
2023-06-01 00:00:00+00:00,14.6607066955,15.2150019076,14.6607066955,15.2150019076,11544,,,,,,,,,,,,,,,,,,,,,,,,,,,,,,,,,,,,,,,,,14.879345815563944,15.0785714019033,14.848600848149106,14.8328122814384,14.839524254107141,14.808219221060924,14.850137783396173,14.695455212926408,,,14.848600848149106,,,14.854083352318174,"rgba(239, 83, 80, 0.5)",0.47689416053112405,14.980869286628538,-0.6713493634981149,46.504341907650144,0.5002803857409717,False,True,False,True,False,0.0,0.0,0.0,0.0,0.0,1,0.9769174243961466,0.9474654041814412,False,False,False,False,-0.028293283004815397,0.006737369636863567,False,False,False,False,-64256,-72641.1933283896,False,False,False,False,8293.120481936803,False,False,False,False
2023-06-02 00:00:00+00:00,15.8335632312,15.9637466904,14.8978696178,15.0361895433,6457,,,,,,,,,,,,,,,,,,,,,,,,,,,,,,,,,,,,,,,,,14.98496988812147,15.092059265045684,14.8589294618592,14.840291452498473,14.846359631806388,14.814802704717458,14.854823772040424,14.700227923841238,,,14.8589294618592,,,14.874058012491291,"rgba(0, 255, 255, 0.75)",0.49075062198621805,14.992264985293252,1.7143090771882386,52.05642673881906,-2.3086493902883376,True,False,False,False,True,4.9354740306412985,0.0,0.0,0.0,0.0,1,0.974737767831424,0.9151434887689563,False,False,False,False,0.20601022651858855,0.10637379807772605,False,False,False,False,-57799,-72059.14653119785,False,False,False,False,8221.115757154968,False,False,False,False
2023-06-05 00:00:00+00:00,15.1175542053,15.7359256367,15.1175542053,15.7359256367,3500,,,,,,,,,,,,,,,,,,,,,,,,,,,,,,,,,,,,,,,,,15.011070824882697,15.095488549199425,14.86253296992784,14.842952971287152,14.848784773078963,14.81719082966875,14.85648365467764,14.702077159021375,,,14.86253296992784,,,14.87957271646798,#000000,0.4916115470756237,14.995408261404014,0.24846028255962754,51.892687593555834,-2.3086493902883376,False,False,False,False,True,1.1329891001797527,0.0,0.0,0.0,0.0,1,0.9856958355804764,0.9196161957183216,False,False,False,False,0.20401887864081156,0.1551963383592688,False,False,False,False,-61299,-71637.18000056264,False,False,False,False,8035.973962756734,False,False,False,False
2023-06-06 00:00:00+00:00,15.467422252,15.467422252,14.7025944289,15.2151917997,7004,,,,,,,,,,,,,,,,,,,,,,,,,,,,,,,,,,,,,,,,,15.03798014657735,15.098855061099984,14.867879851399605,14.846980140214857,14.852445360909904,14.820868550373843,14.858988014677033,14.705088854977955,,,14.867879851399605,,,14.886135747528817,"rgba(38, 166, 154, 0.5)",0.4971234886277374,14.999092392955683,0.942079523011672,53.23357989882702,-1.2196115792742006,True,False,True,False,True,2.8444131003517725,0.0,0.0,0.0,0.0,1,0.961853229300777,0.9256349856316001,False,False,False,False,0.04082228235655878,0.09800931035791378,False,False,False,False,-54295,-70957.0945103445,False,False,False,False,7995.504395589804,False,False,False,False
2023-06-07 00:00:00+00:00,16.0613842848,16.1508854131,15.4592857858,15.4592857858,9553,,,,,,,,,,,,,,,,,,,,,,,,,,,,,,,,,,,,,,,,,15.169390673851488,15.12875306854767,14.888756316191541,14.86226452943877,14.866503045791216,14.834272199736116,14.868791492354438,14.714553111940283,,,14.888756316191541,,,14.91666055473144,"rgba(0, 255, 0, 1.0)",0.5146835564660398,15.01885145002646,2.0255802262886706,56.23817802866938,1.6377896043878337,True,False,True,False,True,5.628707832891237,0.0,0.0,0.0,0.0,1,0.9831313621953529,0.9125188238592532,False,False,False,False,0.3428282053617297,0.22041875785982173,False,False,False,False,-44742,-69929.0515883702,False,False,False,False,8056.582654586283,False,False,False,False
2023-06-08 00:00:00+00:00,16.6390733853,17.0865790264,16.1834312779,16.2538930752,21813,,,,,,,,,,,,,,,,,,,,,,,,,,,,,,,,,,,,,,,,,15.551290788882804,15.248438824822491,14.9665899601788,14.919676933007736,14.919588350935765,14.884400319932295,14.90633428612063,14.748960404769099,,,14.9665899601788,,,15.018159983581203,"rgba(0, 255, 0, 1.0)",0.5549322130104197,15.089707790230339,2.7919907310202787,59.91745057682526,5.0360245726910975,True,False,True,False,True,8.18737156165341,0.0,0.0,0.0,0.0,0,1.003651505006858,0.8764493177540849,False,False,False,False,0.3428282227608171,0.2816234903103194,False,False,False,False,-22929,-68085.91231039491,False,False,False,False,8596.050001465252,False,False,False,False
2023-06-09 00:00:00+00:00,16.1834312779,16.6919604156,16.1590218793,16.2729324061,7606,,,,,,,,,,,,,,,,,,,,,,,,,,,,,,,,,,,,,,,,,15.617327940492078,15.277970743857987,14.987666009386043,14.935578865470116,14.934339945092328,14.898429331140223,14.916909453414602,14.758861177037206,,,14.987666009386043,,,15.040885433236323,"rgba(0, 255, 255, 0.75)",0.5752527521675802,15.10660881612603,1.8719118817188605,60.047196484038764,5.095388501742889,True,False,True,False,True,5.7891458881490365,0.0,0.0,0.0,0.0,0,1.014143021514418,0.8887657865671621,False,False,False,False,0.27783649959900963,0.27972999495466455,False,False,False,False,-30535,-66613.32751390884,False,False,False,False,8557.224511211713,False,False,False,False
2023-06-12 00:00:00+00:00,16.1915677441,16.5576273586,15.6789703733,16.427525264,9826,,,,,,,,,,,,,,,,,,,,,,,,,,,,,,,,,,,,,,,,,15.668330403542733,15.307050591106853,15.010042894383307,14.952732636578814,14.95028456570568,14.91368181061001,14.928442009633818,14.769864514764617,,,15.010042894383307,,,15.062553678290728,"rgba(0, 255, 255, 0.75)",0.5947085371784092,15.123265816961474,1.796345369795893,60.16056250122807,5.287981198840114,True,False,True,False,True,5.8254841935561075,0.0,0.0,0.0,0.0,0,0.9888284965895578,0.8911836823519438,False,False,False,False,0.18637911975842544,0.233054557356545,False,False,False,False,-20709,-64813.157807481046,False,False,False,False,8606.980412732823,False,False,False,False
2023-06-13 00:00:00+00:00,17.0133508306,17.3632188773,16.2485230075,16.2485230075,12103,,,,,,,,,,,,,,,,,,,,,,,,,,,,,,,,,,,,,,,,,15.79720598303826,15.369414264260525,15.053508667599203,14.985800198401208,14.98106665100162,14.942854800933304,14.950741160151345,14.790281993524921,,,15.053508667599203,,,15.108859214863799,"rgba(0, 255, 0, 1.0)",0.6428834401680141,15.158475239641353,2.885244003911324,62.666804430321065,7.775737642177745,True,False,True,False,True,9.376442167638515,0.0,0.0,0.0,0.0,0,1.004240988280083,0.8704026079252704,False,False,False,False,0.3428282249150897,0.28794139113581735,False,False,False,False,-8606,-62608.95554052101,False,False,False,False,8744.079220076634,False,False,False,False
2023-06-14 00:00:00+00:00,17.0052143644,17.9815903088,16.7407792128,17.1679436885,16874,,,,,,,,,,,,,,,,,,,,,,,,,,,,,,,,,,,,,,,,,15.98452347695522,15.467824847108627,15.122399057681825,15.038656012721635,15.030391021858009,14.989574841916568,14.98676847389863,14.82299884846504,,,15.122399057681825,,,15.180392072575694,"rgba(0, 255, 0, 1.0)",0.6857219191582089,15.213852520736381,2.6123736074569295,64.29249381303339,9.388978733115685,True,False,True,False,True,9.332705268724979,0.0,0.0,0.0,0.0,0,1.0200607576452312,0.8759861139313178,False,False,False,False,0.34282823025819825,0.3153848106970078,False,False,False,False,-25480,-61152.91806834372,False,False,False,False,9062.899642818727,False,False,False,False
2023-06-15 00:00:00+00:00,17.5503576,17.7537692551,15.8091538325,16.7448474459,12225,,,,,,,,,,,,,,,,,,,,,,,,,,,,,,,,,,,,,,,,,16.07492895427414,15.525390886737021,15.165096290048915,15.072011887687442,15.06161739514512,15.019284081976583,15.009864334344126,14.844201375872796,,,15.165096290048915,,,15.221549400760768,"rgba(0, 255, 0, 1.0)",0.7481857065822609,15.246642354182773,3.0790687733673527,66.76661645786285,11.784488596030421,True,False,True,False,True,11.5802084515072,0.0,0.0,0.0,0.0,0,0.9812775070189301,0.8877850485419704,False,False,False,False,0.2081614038162208,0.2617731072566143,False,False,False,False,-13255,-59274.568340173384,False,False,False,False,9186.903578394464,False,False,False,False
2023-06-16 00:00:00+00:00,18.551142943,18.551142943,17.5115466562,17.6073128634,15379,,,,,,,,,,,,,,,,,,,,,,,,,,,,,,,,,,,,,,,,,16.282482583723592,15.643528280079021,15.248009001659968,15.136413889413811,15.121942804630013,15.076366476204207,15.054489186296381,14.884189689803254,,,15.248009001659968,,,15.30592773897628,"rgba(0, 255, 0, 1.0)",0.8527384991295445,15.313327694053452,3.7969614978702526,70.35869902311956,15.161031178459183,True,False,True,False,True,15.401339415893695,0.0,0.0,0.0,0.0,0,1.0456410686017934,0.8514287843858822,False,False,False,False,0.3428282345913165,0.3023006709239654,False,False,False,False,2124,-56866.7813464411,False,False,False,False,9429.730889045662,False,False,False,False
2023-06-20 00:00:00+00:00,18.0222726398,18.673189936,17.9335037935,18.2745030921,16620,,,,,,,,,,,,,,,,,,,,,,,,,,,,,,,,,,,,,,,,,16.46611545769841,15.760247675562873,15.332816710934459,15.203209946358088,15.18468799372099,15.135894464621495,15.101409263325781,14.926412471351323,,,15.332816710934459,,,15.388849247946677,"rgba(0, 255, 0, 1.0)",0.9187212729141215,15.51290403056232,2.731370964425515,69.98869170046935,15.161031178459183,True,False,True,False,True,12.55662740318489,0.0,0.0,0.0,0.0,0,1.0557677972915815,0.8657606474647533,False,False,False,False,0.3428282359366215,0.32256445343029344,False,False,False,False,-14496,-55205.18207795321,False,False,False,False,9711.702226730147,False,False,False,False
2023-06-21 00:00:00+00:00,17.3062636139,18.2460254604,17.1353978236,17.9815903088,31384,,,,,,,,,,,,,,,,,,,,,,,,,,,,,,,,,,,,,,,,,16.633316062524436,15.902804147760115,15.447200393374501,15.296225557317488,15.27256120946916,15.219937320371523,15.168633363204384,14.988136187625008,,,15.447200393374501,,,15.491101780205826,"rgba(0, 255, 255, 0.75)",0.9531982840919903,15.575682395154463,1.8155521758980893,66.57032546900545,15.161031178459183,True,False,True,False,False,8.908961710487528,0.0,0.0,0.0,0.0,0,1.0237293130976182,0.8724527813819556,False,False,False,False,0.23326136605037784,0.27791290974033567,False,False,False,False,-45880,-54839.488663131524,False,False,False,False,10561.596257054454,False,False,False,False
2023-06-22 00:00:00+00:00,17.509675269,17.9409079777,17.2655812829,17.2655812829,7234,,,,,,,,,,,,,,,,,,,,,,,,,,,,,,,,,,,,,,,,,16.665191937193075,15.932692467853407,15.472031896540857,15.316720381813747,15.291982871438082,15.23856533325949,15.183670350355214,15.002006729862728,,,15.472031896540857,,,15.512857746039575,"rgba(0, 255, 255, 0.75)",0.9922882076501841,15.592350491210988,1.9322257011694066,64.84401851163233,20.350586809241435,True,False,True,False,False,9.697615338594286,0.0,0.0,0.0,0.0,0,1.0309261828795855,0.8803291702774888,False,False,False,False,0.21811228647623887,0.24801259810828727,False,False,False,False,-38646,-54204.44989202833,False,False,False,False,10431.102286189574,False,False,False,False
2023-06-23 00:00:00+00:00,17.9409079777,18.2975292914,17.6479951944,18.2975292914,27975,,,,,,,,,,,,,,,,,,,,,,,,,,,,,,,,,,,,,,,,,16.81573127407734,16.06411629597468,15.579700256290788,15.405747903673,15.376437795119585,15.319500579982657,15.249306970654375,15.062206502798606,,,15.579700256290788,,,15.60909344732138,"rgba(0, 255, 0, 1.0)",1.042855031901852,15.675488982021538,2.172323982123406,64.8205229514202,20.25122200593519,True,False,True,False,False,11.340904458977274,0.0,0.0,0.0,0.0,0,1.04179619317484,0.8650079033814999,False,False,False,False,0.2828756703341935,0.26544413422124036,False,False,False,False,-10671,-52497.25577861546,False,False,False,False,11119.098274966454,False,False,False,False
2023-06-26 00:00:00+00:00,17.6561316606,18.1086005462,17.591039931,17.8188609847,3318,,,,,,,,,,,,,,,,,,,,,,,,,,,,,,,,,,,,,,,,,16.828897271372092,16.077235129066494,15.590953358310944,15.415207938277007,15.385440476371057,15.328160747038533,15.25639249210203,15.068758877665074,,,15.590953358310944,,,15.618880786275405,"rgba(0, 255, 255, 0.75)",1.0809481244970123,15.683630623131867,1.824787880904071,63.513120110912936,18.849229676251653,True,False,True,False,False,9.901227651730846,0.0,0.0,0.0,0.0,0,1.0363153347304725,0.8727394017758545,False,False,False,False,0.26109594455449636,0.26327003938786836,False,False,False,False,-13989,-50987.128101022696,False,False,False,False,10813.172852418751,False,False,False,False
2023-06-27 00:00:00+00:00,17.9734538426,18.3843453858,17.3469459449,17.7130869241,15460,,,,,,,,,,,,,,,,,,,,,,,,,,,,,,,,,,,,,,,,,16.892731561150214,16.139804645524748,15.644608755180828,15.46042824251228,15.428506817798201,15.36959603721565,15.290386588099212,15.100167823986787,,,15.644608755180828,,,15.665778808933489,"rgba(0, 255, 255, 0.75)",1.1262969553404603,15.723615153661825,1.99755373418202,63.53200665303719,18.65577768592111,True,False,True,False,False,11.112480819985748,0.0,0.0,0.0,0.0,0,1.02952963139476,0.8666658252675914,False,False,False,False,0.26388554025922434,0.26357778982354635,False,False,False,False,1471,-48929.94660686494,False,False,False,False,10995.401368010173,False,False,False,False
2023-06-28 00:00:00+00:00,17.5829034648,17.8594619511,17.4183841182,17.7781786537,8676,,,,,,,,,,,,,,,,,,,,,,,,,,,,,,,,,,,,,,,,,16.916242464189587,16.167760859104273,15.67002307426599,15.482249754271129,15.44935897582185,15.38975052184561,15.307069287992473,15.11575131610297,,,15.67002307426599,,,15.687275781699235,"rgba(0, 255, 255, 0.75)",1.1569946076184303,15.741119359292426,1.591869221671415,61.75055431967067,16.732995426328074,True,False,True,False,False,9.146192711833592,0.0,0.0,0.0,0.0,0,1.0332906797302952,0.8812834827719749,False,False,False,False,0.22427943069910738,0.24392861026132687,False,False,False,False,-7205,-47293.674190909456,False,False,False,False,10904.444451617617,False,False,False,False
2023-06-29 00:00:00+00:00,17.6886775255,17.9734538426,17.6886775255,17.9734538426,1838,,,,,,,,,,,,,,,,,,,,,,,,,,,,,,,,,,,,,,,,,16.92214023450124,16.174199244628515,15.675767321661416,15.487165027117253,15.454054230326312,15.394283287048909,15.310820294495517,15.119241667799361,,,15.675767321661416,,,15.692208913447315,"rgba(0, 255, 255, 0.75)",1.170552181350383,15.74528069863942,1.6602393791779728,60.90581607214565,15.722105108810126,True,False,True,False,False,9.559150838592423,0.0,0.0,0.0,0.0,0,1.0492713523489146,0.8644363200880354,False,False,False,False,0.2577951562618902,0.2508618832616085,False,False,False,False,-5367,-45649.49088930516,False,False,False,False,10548.897610377711,False,False,False,False
2023-06-30 00:00:00+00:00,17.7374963227,17.8025880523,17.3225365463,17.6073128634,10067,,,,,,,,,,,,,,,,,,,,,,,,,,,,,,,,,,,,,,,,,16.947228684919317,16.205097030016372,15.70429689286094,15.511836952764234,15.47766616999641,15.41713821522926,15.329826358729981,15.137040214503013,,,15.70429689286094,,,15.71626631487744,"rgba(0, 255, 255, 0.75)",1.1787649883635225,15.765087446942635,1.6732842383583661,60.510365507102065,15.11043956900663,True,False,True,False,False,9.751847933358185,0.0,0.0,0.0,0.0,0,1.0399659364780456,0.8692132307156369,False,False,False,False,0.21110004216183473,0.23098096271172164,False,False,False,False,4700,-43675.00105050888,False,False,False,False,10529.999664872703,False,False,False,False
2023-07-03 00:00:00+00:00,17.8025880523,17.8554750826,17.7374963227,17.7374963227,2770,,,,,,,,,,,,,,,,,,,,,,,,,,,,,,,,,,,,,,,,,16.955556872844745,16.21440644772927,15.71271482273417,15.519089223541473,15.484604199873763,15.423845138838725,15.335402515551934,15.142240349160037,,,15.71271482273417,,,15.723482446284264,"rgba(0, 255, 255, 0.75)",1.1874146895406574,15.771235065651283,1.7107359413201553,60.48535204427621,14.809581438335655,True,False,True,False,False,10.012205796409077,0.0,0.0,0.0,0.0,0,1.0452890115720148,0.8675354690035191,False,False,False,False,0.2517234271412775,0.24135219492649956,False,False,False,False,7470,-41669.314734802654,False,False,False,False,10225.685952524753,False,False,False,False
2023-07-05 00:00:00+00:00,17.591039931,17.8758162481,17.2981271477,17.3797359037,8347,,,,,,,,,,,,,,,,,,,,,,,,,,,,,,,,,,,,,,,,,16.973676604587055,16.238176200528397,15.735161263256531,15.538677600886862,15.503385818778177,15.442060126830167,15.350633194625726,15.156557763398212,,,15.735161263256531,,,15.74229107161139,"rgba(0, 255, 255, 0.75)",1.1888308338943192,15.786778583357806,1.51767711284193,59.265228216511275,13.379458315934798,True,False,True,False,False,8.901927865148476,0.0,0.0,0.0,0.0,1,1.0344534423398544,0.8679447998437599,False,False,False,False,0.21530489121344387,0.22832854306997172,False,False,False,False,-877,-40069.616117751575,False,False,False,False,10152.011993602215,False,False,False,False
2023-07-06 00:00:00+00:00,17.8188609847,18.030409106,17.4120376746,17.4934023366,9724,,,,,,,,,,,,,,,,,,,,,,,,,,,,,,,,,,,,,,,,,16.9988600148873,16.268119102496645,15.762917319383464,15.562839490315948,15.526550258952241,15.46450336698218,15.369411587549665,15.174147654736538,,,15.762917319383464,,,15.765918599412997,"rgba(0, 255, 255, 0.75)",1.1968656279666203,15.806931354741106,1.680998754536047,59.40296707230943,13.268558396790539,True,False,True,False,False,9.837137949628413,0.0,0.0,0.0,0.0,1,1.0414582536085504,0.8597019678470164,False,False,False,False,0.2385704280421385,0.2334494855560551,False,False,False,False,8847,-38151.317446467205,False,False,False,False,10135.227209539384,False,False,False,False
2023-07-07 00:00:00+00:00,17.672404593,17.9083621129,17.672404593,17.8188609847,2369,,,,,,,,,,,,,,,,,,,,,,,,,,,,,,,,,,,,,,,,,17.004729740873398,16.27522254821651,15.76955506191185,15.568639079633098,15.532114826272215,15.469898819804392,15.373936928541742,15.17839247324678,,,15.76955506191185,,,15.771561184812498,"rgba(0, 255, 255, 0.75)",1.2134023109005656,15.811753773339897,1.5334162486299874,58.60660205282403,12.258513776205547,False,False,True,False,False,9.056979944672857,0.0,0.0,0.0,0.0,1,1.0507401724408332,0.8598717831864222,False,False,False,False,0.25065384187743484,0.24205166371674497,False,False,False,False,6478,-36401.148134841045,False,False,False,False,9830.669279753525,False,False,False,False
2023-07-10 00:00:00+00:00,17.8758162481,18.0141361736,17.7374963227,17.7374963227,7488,,,,,,,,,,,,,,,,,,,,,,,,,,,,,,,,,,,,,,,,,17.02569818472679,16.299095256851896,15.791550236268002,15.587806574862599,15.550500534201488,15.487710334232968,15.38887315232839,15.192364344013,,,15.791550236268002,,,15.790449827185641,"rgba(0, 255, 255, 0.75)",1.2374764705874985,15.828159523571742,1.6547035626108701,58.99068824140132,12.258513776205547,False,False,True,False,False,9.905346053292526,0.0,0.0,0.0,0.0,1,1.0529994921092707,0.8497734075917761,False,False,False,False,0.2603415865918564,0.2511966251543007,False,False,False,False,13966,-34425.96585504336,False,False,False,False,9738.79989623378,False,False,False,False
2023-07-11 00:00:00+00:00,18.2989124907,18.3070489569,17.7374963227,18.1767027683,6438,,,,,,,,,,,,,,,,,,,,,,,,,,,,,,,,,,,,,,,,,17.047775018406963,16.322080127844316,15.81222095729244,15.605726187852001,15.567678012167235,15.50432427545386,15.402791903618636,15.205319988112468,,,15.81222095729244,,,15.80848955884349,"rgba(0, 255, 255, 0.75)",1.2699399196846053,15.844186343232773,1.9329466767820558,60.956731258958456,12.258513776205547,True,False,True,False,True,11.635550418803689,0.0,0.0,0.0,0.0,1,1.0470756993840482,0.8513610244723047,False,False,False,False,0.286676402622781,0.26893651388854084,False,False,False,False,20404,-32275.771115629897,False,False,False,False,9609.356763048141,False,False,False,False
2023-07-12 00:00:00+00:00,18.6569170036,18.8766015911,18.2714925996,18.2714925996,11923,,,,,,,,,,,,,,,,,,,,,,,,,,,,,,,,,,,,,,,,,17.10401435876473,16.374307423667904,15.857445349141305,15.644566229799782,15.604860430287196,15.540184787954475,15.432761469282315,15.232980254927869,,,15.857445349141305,,,15.848890037978196,"rgba(0, 255, 0, 1.0)",1.3084929602031292,15.88109958869606,2.121385058482107,63.50883176259672,10.095494241975125,True,False,True,False,True,13.057115551881761,0.0,0.0,0.0,0.0,1,1.0560005653508977,0.8368046650953929,False,False,False,False,0.34282823511247795,0.30588237450050937,False,False,False,False,32327,-29742.329111095394,False,False,False,False,9700.087870379588,False,False,False,False
2023-07-13 00:00:00+00:00,18.9579662531,19.0636589491,18.551142943,18.551142943,3724,,,,,,,,,,,,,,,,,,,,,,,,,,,,,,,,,,,,,,,,,17.12361566801393,16.391951307971766,15.872560999389327,15.657523960621196,15.617263692809518,15.552137918567217,15.442754025548723,15.242176824579303,,,15.872560999389327,,,15.862498049687623,"rgba(0, 255, 0, 1.0)",1.3512189286493694,15.893637669435094,2.2678253824699603,66.14501710288316,12.563708299077526,True,False,True,False,True,14.227031122549693,0.0,0.0,0.0,0.0,1,1.0644273311385897,0.848426577991287,False,False,False,False,0.3428282362191096,0.3243553053598095,False,False,False,False,36051,-27162.198557719104,False,False,False,False,9465.731483305879,False,False,False,False
2023-07-14 00:00:00+00:00,18.6080982064,19.0474673814,18.3928073107,18.9254203883,3093,,,,,,,,,,,,,,,,,,,,,,,,,,,,,,,,,,,,,,,,,17.137957762280656,16.405390643404385,15.88427171074193,15.667623389169352,15.626941795436938,15.561478860403055,15.450586642759204,15.249412126502879,,,15.88427171074193,,,15.872957866337298,"rgba(0, 255, 255, 0.75)",1.384077657584465,15.903193987547999,1.9543009050320805,65.46210938257578,12.563708299077526,True,False,True,False,True,12.272330173730246,0.0,0.0,0.0,0.0,1,1.0661176786783475,0.8410554682507367,False,False,False,False,0.3269058976992173,0.3256306015295134,False,False,False,False,32958,-24804.543712318355,False,False,False,False,9215.820444744864,False,False,False,False
2023-07-17 00:00:00+00:00,18.8440557263,19.5275188873,18.510460612,18.510460612,5481,,,,,,,,,,,,,,,,,,,,,,,,,,,,,,,,,,,,,,,,,17.167192253333884,16.43168189214088,15.906822917171413,15.6869898531442,15.645488779380443,15.579356989359733,15.465559297275952,15.263190796483105,,,15.906822917171413,,,15.8932853472862,"rgba(0, 255, 0, 1.0)",1.4207690037039,15.921944660079765,2.0567108788285657,65.8526618829193,12.563708299077526,True,False,True,False,True,13.203969740598467,0.0,0.0,0.0,0.0,1,1.0535542881181563,0.8435021310050156,False,False,False,False,0.3428282369874755,0.3342294192584945,False,False,False,False,38439,-22324.404743207833,False,False,False,False,9069.356897892123,False,False,False,False
2023-07-18 00:00:00+00:00,19.3241072323,19.3241072323,18.6808382143,18.6808382143,4887,,,,,,,,,,,,,,,,,,,,,,,,,,,,,,,,,,,,,,,,,17.19457963157704,16.456026281042234,15.92762071788004,15.70484365308209,15.662588064229519,15.595835237387599,15.479366557164868,15.275881843185186,,,15.92762071788004,,,15.91209274819357,"rgba(0, 255, 0, 1.0)",1.466669127561315,15.939346921226615,2.307787248990065,67.63191397752092,13.959050186163367,True,False,True,False,True,15.052339881985628,0.0,0.0,0.0,0.0,0,1.0743598613728114,0.8382080696167642,False,False,False,False,0.33995238707746633,0.3370909031679804,False,False,False,False,43326,-19749.879067003603,False,False,False,False,8905.342901896354,False,False,False,False
2023-07-19 00:00:00+00:00,19.3403801647,19.3403801647,19.1329002765,19.1329002765,1478,,,,,,,,,,,,,,,,,,,,,,,,,,,,,,,,,,,,,,,,,17.20339695427835,16.463744835549104,15.934174221820598,15.710461077451118,15.667967075171555,15.601016294270723,15.483706665108457,15.279864610765372,,,15.934174221820598,,,15.91804146680191,"rgba(0, 255, 0, 1.0)",1.5085248569943515,15.94487124307069,2.2508803258268255,68.86673609771785,15.168666972773408,True,False,True,False,True,15.11429874146198,0.0,0.0,0.0,0.0,0,1.0873822040230219,0.8342661154947701,False,False,False,False,0.34282823783654287,0.33995957050226167,False,False,False,False,44804,-17218.354397709347,False,False,False,False,8614.07455280238,False,False,False,False
2023-07-20 00:00:00+00:00,19.755339941,19.9343421975,19.4909047894,19.5275188873,4445,,,,,,,,,,,,,,,,,,,,,,,,,,,,,,,,,,,,,,,,,17.235213972733145,16.49043131853091,15.956399708720559,15.729397243226003,15.686081412407887,15.618433905011884,15.498262692427542,15.293156771244414,,,15.956399708720559,,,15.938422128037793,"rgba(0, 255, 0, 1.0)",1.5573025445729065,15.963983348877836,2.4345664914854104,70.87882703204434,17.098304101052477,True,False,True,False,True,16.682649041624668,0.0,0.0,0.0,0.0,0,1.081153191960003,0.8302938658856165,False,False,False,False,0.34282823943284246,0.34139390496755206,False,False,False,False,49249,-14611.791480152116,False,False,False,False,8450.581433084639,False,False,False,False
2023-07-21 00:00:00+00:00,19.3973354281,20.381034192,19.3973354281,19.8041587383,4257,,,,,,,,,,,,,,,,,,,,,,,,,,,,,,,,,,,,,,,,,17.26492271432214,16.515570444046926,15.977433262262181,15.747358558296662,15.703271757331741,15.63497098371829,15.512104432971352,15.305807820307594,,,15.977433262262181,,,15.95767999665711,"rgba(0, 255, 0, 1.0)",1.6010105568316657,16.18052153584923,2.0092396508719546,69.58325545639063,17.098304101052477,True,False,True,False,True,14.616487495983261,0.0,0.0,0.0,0.0,0,1.0830416975324342,0.8191596978280489,False,False,False,False,0.3428282399495072,0.3421110724585296,False,False,False,False,44992,-12274.387892695171,False,False,False,False,8286.127259238183,False,False,False,False
2023-07-24 00:00:00+00:00,19.592610617,19.9831609947,19.3647895633,19.9831609947,4186,,,,,,,,,,,,,,,,,,,,,,,,,,,,,,,,,,,,,,,,,17.292543781213464,16.53931772974529,15.997460530891505,15.764518621212444,15.71970665337974,15.650793760194814,15.52537562308534,15.317958254399226,,,15.997460530891505,,,15.97595936926523,"rgba(0, 255, 0, 1.0)",1.6422190150130678,16.19520667154763,2.0687885808126105,69.37521834073353,17.098304101052477,True,False,True,False,True,15.36450955647475,0.0,0.0,0.0,0.0,0,1.0802218555870733,0.8358982307122522,False,False,False,False,0.31200309719889957,0.3270570848287146,False,False,False,False,49178,-9864.490328275753,False,False,False,False,8125.337954954332,False,False,False,False
2023-07-25 00:00:00+00:00,19.2915613675,19.6568887,19.2834249013,19.5238574776,1755,,,,,,,,,,,,,,,,,,,,,,,,,,,,,,,,,,,,,,,,,17.30279145935317,16.54841833969995,16.00525284983384,15.771233175664653,15.726144346426766,15.657000494907363,15.53059686072314,15.322755283547723,,,16.00525284983384,,,15.983024101269574,"rgba(0, 255, 255, 0.75)",1.6726996357461479,16.199214130947418,1.848716392631465,67.12674938359851,17.098304101052477,True,False,True,False,False,13.637175448722438,0.0,0.0,0.0,0.0,0,1.0929638700439461,0.8425876491559426,False,False,False,False,0.2833307614268498,0.3051939231277822,False,False,False,False,47423,-7617.922080108077,False,False,False,False,7875.520780250241,False,False,False,False
2023-07-26 00:00:00+00:00,18.9416933207,19.7715315088,18.9335568545,19.3647895633,6695,,,,,,,,,,,,,,,,,,,,,,,,,,,,,,,,,,,,,,,,,17.337455871140993,16.580282047236402,16.032971247096665,15.79526183814911,15.749208954483597,15.679270497488547,15.549391950548134,15.340084075113591,,,16.032971247096665,,,16.007990810157132,"rgba(0, 255, 255, 0.75)",1.6964632188041013,16.213214900083592,1.6083333787453478,63.43545918274226,17.512549060284726,True,False,True,False,False,11.672457470320147,0.0,0.0,0.0,0.0,0,1.0691485238297769,0.8529085635139002,False,False,False,False,0.2669924047068019,0.28609316391729206,False,False,False,False,40728,-5722.003567162663,False,False,False,False,7829.2258476914085,False,False,False,False
2023-07-27 00:00:00+00:00,18.7220087332,19.528332534,18.713872267,19.1451049758,10064,,,,,,,,,,,,,,,,,,,,,,,,,,,,,,,,,,,,,,,,,17.381228940956646,16.622758987136688,16.070833702449054,15.828396563657956,15.781073508654408,15.710107072743124,15.575555817061588,15.364332237317852,,,16.070833702449054,,,16.041785853747164,"rgba(38, 166, 154, 1.0)",1.7113568565577593,16.234212415931175,1.4536981622131127,59.71103677023463,14.148369810082428,False,False,True,False,False,10.458760870520575,0.0,0.0,0.0,0.0,0,1.0659210544464963,0.8750763546631802,False,False,False,False,0.2352349383310577,0.2606640511241749,False,False,False,False,30664,-4295.101466489617,False,False,False,False,7916.864049742726,False,False,False,False
2023-07-28 00:00:00+00:00,18.8684651249,18.9986485841,18.8684651249,18.9986485841,2290,,,,,,,,,,,,,,,,,,,,,,,,,,,,,,,,,,,,,,,,,17.390409806345517,16.63191116923845,16.07909241482537,15.835660794671977,15.788066491945239,15.716882366910019,15.581322013778088,15.369689707680319,,,16.07909241482537,,,16.049129345674373,"rgba(0, 255, 255, 0.75)",1.7238348110080715,16.239225439648497,1.5252271670473831,57.97995658984682,12.68845592299877,False,False,True,False,False,11.067780751733515,0.0,0.0,0.0,0.0,0,1.0630508311825864,0.8825397728258443,False,False,False,False,0.2098409653455397,0.2352525082348573,False,False,False,False,32954,-2834.3523893723777,False,False,False,False,7696.202714458698,False,False,False,False
2023-07-31 00:00:00+00:00,18.4209594837,19.2752884351,18.3721406865,18.7057358008,5310,,,,,,,,,,,,,,,,,,,,,,,,,,,,,,,,,,,,,,,,,17.40822951029564,16.650811170834654,16.096569973285774,15.851165653225017,15.803016164314174,15.731397040262875,15.593728437259626,15.381274368111017,,,16.096569973285774,,,16.064524039698597,"rgba(38, 166, 154, 1.0)",1.7265895241507403,16.248320194195998,1.2583415218927962,54.33539846333699,9.405129251460636,False,True,False,False,False,8.607946544180283,0.0,0.0,0.0,0.0,0,1.062635294234983,0.8619696090137434,False,False,False,False,0.19509304815218878,0.21517277819352304,False,False,False,False,27644,-1639.1228839067944,False,False,False,False,7602.626137421103,False,False,False,False
2023-08-01 00:00:00+00:00,18.6406440712,18.9783074186,18.3884136189,18.9783074186,6311,,,,,,,,,,,,,,,,,,,,,,,,,,,,,,,,,,,,,,,,,17.42845652754112,16.672607688144073,16.116879702298302,15.869245156783657,15.820461084283366,15.74834725954254,15.608249379001302,15.394854147747802,,,16.116879702298302,,,16.082387618167772,"rgba(38, 166, 154, 1.0)",1.7334125887349667,16.260058539055372,1.3733519345685408,53.121970829030914,8.402849908518085,False,True,False,False,False,9.545039760906807,0.0,0.0,0.0,0.0,0,1.0629085880435496,0.8594553901080261,False,False,False,False,0.1763688212236053,0.19577079970856417,False,False,False,False,33955,-243.2749276751556,False,False,False,False,7551.974132032041,False,False,False,False
2023-08-02 00:00:00+00:00,17.5991763972,19.1186614606,17.4527200056,18.4941876796,33407,,,,,,,,,,,,,,,,,,,,,,,,,,,,,,,,,,,,,,,,,17.47764125421171,16.747460503454683,16.194700291373564,15.94110006786789,15.890266957634527,15.816764970567908,15.667957111040662,15.45180959627612,,,16.194700291373564,,,16.148462594053385,"rgba(38, 166, 154, 0.5)",1.7275205206938624,16.29252157956065,0.7563758589186141,47.846022343760744,3.56650346937046,False,True,False,True,False,4.141351516732158,0.0,0.0,0.0,0.0,0,1.0352256357330052,0.8535697714772185,False,False,False,False,0.12393136830958554,0.15985108400907486,False,False,False,False,548,-212.24453835456126,False,False,False,False,8565.896715089608,False,False,False,False
2023-08-03 00:00:00+00:00,17.9164985791,18.3558677541,17.3004867229,18.2663666259,14189,,,,,,,,,,,,,,,,,,,,,,,,,,,,,,,,,,,,,,,,17.857617685366666,17.489866706489252,16.77238533545778,16.222558086852075,15.96746928728213,15.916007662885523,15.842135580659743,15.6904025698669,15.473475358072205,,,16.222558086852075,,,16.359102030325808,"rgba(38, 166, 154, 0.5)",1.7218609212357519,16.40640821330744,0.8770106500290354,46.02985534236572,2.0480606632987417,False,True,False,True,False,5.52198411017622,0.0,0.0,0.0,0.0,0,1.0318016811128108,0.8839883493189674,False,False,False,False,0.06441368163598245,0.11213238282252866,False,False,False,False,14737,374.0003455024803,False,False,False,False,8786.410569399819,False,False,False,False
2023-08-04 00:00:00+00:00,17.6561316606,18.3884136189,17.6561316606,18.3884136189,2887,,,,,,,,,,,,,,,,,,,,,,,,,,,,,,,,,,,,,,,,17.8648213152782,17.49253561302595,16.777514078721822,16.228257093579302,15.972864920979184,15.921275937491096,15.847328140495252,15.695001950313326,15.477913876403205,,,16.228257093579302,,,16.364168102920814,"rgba(38, 166, 154, 0.5)",1.7033888999781188,16.409696110331634,0.7317386829774324,43.85199393120615,0.09126824646217813,False,True,False,True,False,4.22948168201486,0.0,0.0,0.0,0.0,0,1.0434484556967525,0.8811694736159831,False,False,False,False,0.08958358620190784,0.10085798451221825,False,False,False,False,11850,824.0395476396379,False,False,False,False,8555.06113530571,False,False,False,False
2023-08-07 00:00:00+00:00,18.0059997074,18.8359192601,17.9002256467,18.6243711388,8564,,,,,,,,,,,,,,,,,,,,,,,,,,,,,,,,,,,,,,,,17.99260001059647,17.506823191270133,16.797077832035036,16.24840044933627,15.991546029810829,15.939453313702034,15.865157250158457,15.710663828635345,15.492858644793422,,,16.24840044933627,,,16.393842283370887,"rgba(38, 166, 154, 0.5)",1.694263349070975,16.42957146477117,0.9304505368030562,44.25264172917744,0.09126824646217813,False,True,False,True,False,5.753558173034051,0.0,0.0,0.0,0.0,0,1.041438241659192,0.8633062339919911,False,False,False,False,0.13472954369828638,0.11779376410525232,False,False,False,False,20414,1592.273290869456,False,False,False,False,8555.411679019213,False,False,False,False
2023-08-08 00:00:00+00:00,17.9327715115,18.3640042203,17.4608564718,17.9327715115,12065,,,,,,,,,,,,,,,,,,,,,,,,,,,,,,,,,,,,,,,,17.969116610100468,17.51753412943971,16.817731677084886,16.271557603769065,16.013595563324625,15.961011357234,15.886431276032722,15.72959239285242,15.511165267912016,,,16.271557603769065,,,16.40863731974999,"rgba(38, 166, 154, 0.5)",1.686244875511635,16.441378547045574,0.8844462545820417,44.2087121074522,0.09126824646217813,False,True,False,True,False,5.383839731445203,0.0,0.0,0.0,0.0,0,1.032319291609515,0.8797742014587489,False,False,False,False,0.0753275858949043,0.09656067500007831,False,False,False,False,8349,1857.2429657373207,False,False,False,False,8693.04259356748,False,False,False,False
2023-08-09 00:00:00+00:00,18.6080982064,18.7137909024,17.9002256467,17.9002256467,9509,,,,,,,,,,,,,,,,,,,,,,,,,,,,,,,,,,,,,,,,18.057382094022707,17.53538419033566,16.840462127465713,16.294636267817328,16.034983123016637,15.981828155870412,15.906842887810502,15.747559145113147,15.528285772071708,,,16.294636267817328,,,16.436373751502643,"rgba(38, 166, 154, 1.0)",1.6781579896987313,16.462796197902254,1.2783671273304127,47.41331678855005,0.09126824646217813,False,True,False,True,True,8.259314849891226,0.0,0.0,0.0,0.0,0,1.0466384689734876,0.8673450527527039,False,False,False,False,0.11966778338630533,0.10811422919319183,False,False,False,False,17858,2484.7236337476215,False,False,False,False,8725.0409232315,False,False,False,False
2023-08-10 00:00:00+00:00,18.4860512134,19.0853019492,17.9815903088,18.6894628684,10830,,,,,,,,,,,,,,,,,,,,,,,,,,,,,,,,,,,,,,,,18.14325966713083,17.557324369254147,16.867338353489927,16.321661564336672,16.05999189763799,16.006167946924744,15.930698810324799,15.76856672280439,15.548277257354618,,,16.321661564336672,,,16.4670318432509,"rgba(38, 166, 154, 1.0)",1.6700969808999226,16.48767725761797,1.1965616240472547,48.95115820102891,0.09126824646217813,False,True,False,False,True,7.629918868966204,0.0,0.0,0.0,0.0,0,1.040992658032424,0.8640538664535641,False,False,False,False,0.1504074295382212,0.12926082936570651,False,False,False,False,7028,2662.8913343849695,False,False,False,False,8807.588338006735,False,False,False,False
2023-08-11 00:00:00+00:00,18.8521921925,19.1373753329,18.4453688823,18.4453688823,3794,,,,,,,,,,,,,,,,,,,,,,,,,,,,,,,,,,,,,,,,18.18426771611652,17.567063150177503,16.878192349336388,16.332221188646926,16.069668147445093,16.01556986062877,15.939891400638707,15.776630009164059,15.55590481006664,,,16.332221188646926,,,16.479934292468954,"rgba(38, 166, 154, 1.0)",1.6568937927106453,16.498326787498755,1.420649540336781,51.5623585867324,-4.481287821860057,False,True,False,False,True,9.153683185400237,0.0,0.0,0.0,0.0,0,1.0527511604164008,0.8677977336020425,False,False,False,False,0.18577228471664028,0.1575165570411734,False,False,False,False,10822,2982.856380095363,False,False,False,False,8610.977030633921,False,False,False,False
2023-08-14 00:00:00+00:00,18.3640042203,19.2789498448,18.3152667878,18.8440557263,5018,,,,,,,,,,,,,,,,,,,,,,,,,,,,,,,,,,,,,,,,18.21942978604509,17.57809867145282,16.89119856791535,16.345164376481762,16.08162640653381,16.027207375896193,15.95129213050431,15.78667427991671,15.565448802884475,,,16.345164376481762,,,16.494015599736727,"rgba(38, 166, 154, 1.0)",1.639722718925802,16.510240353750802,1.1305349649382281,50.89946102806333,-4.481287821860057,False,True,False,False,True,6.641370584445557,0.0,0.0,0.0,0.0,1,1.0560874468689985,0.8666205945515184,False,False,False,False,0.18195169688879073,0.16973412696498208,False,False,False,False,5804,3093.4894632288783,False,False,False,False,8470.075970609061,False,False,False,False
2023-08-15 00:00:00+00:00,18.7708275305,19.1776508406,18.5267335444,19.1776508406,3652,,,,,,,,,,,,,,,,,,,,,,,,,,,,,,,,,,,,,,,,18.25079928160822,17.587255562380374,16.901459356527546,16.35519047806981,16.09083868146712,16.036164242731836,15.960054754949564,15.794377193026426,15.572743483935051,,,16.35519047806981,,,16.505431448299547,"rgba(38, 166, 154, 1.0)",1.6324747501405823,16.519949002931703,1.3788136860153335,52.210175255444895,-3.6047710389907124,False,True,False,False,True,8.333755770919293,0.0,0.0,0.0,0.0,1,1.058075804963849,0.8890446127592739,False,False,False,False,0.1897836367497948,0.17975888185738842,False,False,False,False,9456,3342.999680357158,False,False,False,False,8281.131814898903,False,False,False,False
2023-08-16 00:00:00+00:00,19.9831609947,22.6356489769,19.5275188873,20.5771230275,37481,,,,,,,,,,,,,,,,,,,,,,,,,,,,,,,,,,,,,,,,19.106231866836218,17.806489847001057,17.098422240893676,16.52890351878752,16.244906109724216,16.185014406692655,16.10435424105925,15.91917148705291,15.688208034598219,,,16.52890351878752,,,16.742411305849526,"rgba(0, 255, 255, 0.75)",1.6415882350684008,16.96266267355657,1.8399853608950696,56.919236826381905,0.9613615303503664,False,True,True,False,True,13.001202033280482,0.0,0.0,0.0,0.0,1,1.0566089568844494,0.8095616529147617,False,False,False,False,0.34282824206405116,0.2612935619607198,False,False,False,False,46937,5052.568320343152,False,False,False,False,9426.224684902867,False,False,False,False
2023-08-17 00:00:00+00:00,20.4794854331,21.909306639,19.8855234003,19.9343421975,25316,,,,,,,,,,,,,,,,,,,,,,,,,,,,,,,,,,,,,,,,19.4199397114452,17.939895116933354,17.2217731965172,16.639726785386767,16.34422698023472,16.28120481065302,16.197820461818733,16.000659423620103,15.763944314131665,,,16.639726785386767,,,16.86768786674897,"rgba(0, 255, 0, 1.0)",1.669039232319329,17.076985816484658,2.0385977457744726,61.213340489953815,4.963863506850537,False,False,True,False,True,14.762992347526165,0.0,0.0,0.0,0.0,1,1.073032916136284,0.82588955839395,False,False,False,False,0.3171896659407938,0.28924161395075676,False,False,False,False,72253,7687.879366604206,False,False,False,False,10049.353128632167,False,False,False,False
2023-08-18 00:00:00+00:00,21.0490380673,21.2076991583,19.71465761,20.3004831766,8079,,,,,,,,,,,,,,,,,,,,,,,,,,,,,,,,,,,,,,,,19.49063564141963,17.978530375016014,17.258331597517245,16.673043640170413,16.374304986436915,16.3103823750625,16.226219732169806,16.02555003080513,15.787160651860624,,,16.673043640170413,,,16.902684336717588,"rgba(0, 255, 0, 1.0)",1.7097773627796649,17.108812022067266,2.3045258002637983,65.23335239914168,8.619969834892458,True,False,True,False,True,16.702809102789185,0.0,0.0,0.0,0.0,0,1.0503774240931045,0.8609176321859824,False,False,False,False,0.252748623460516,0.2709951187056364,False,False,False,False,80332,10536.6684110511,False,False,False,False,9972.084378489728,False,False,False,False
2023-08-21 00:00:00+00:00,21.4802707761,22.6356489769,21.0734474659,21.0734474659,21798,,,,,,,,,,,,,,,,,,,,,,,,,,,,,,,,,,,,,,,,19.7897437936721,18.117123958550074,17.383135790806453,16.7837157001397,16.473215169201577,16.40615604700183,16.31918994052773,16.106649199823227,15.862273659545027,,,16.7837157001397,,,17.02680036214086,"rgba(0, 255, 0, 1.0)",1.76139599916766,17.524936859089703,2.2455676740945094,68.69185382933085,11.72125567466589,True,False,True,False,True,18.118028304577226,0.0,0.0,0.0,0.0,0,1.0663459089541225,0.852261360318529,False,False,False,False,0.3428282415035144,0.30691168010457537,False,False,False,False,102130,14128.563767480468,False,False,False,False,10435.845775411699,False,False,False,False
2023-08-22 00:00:00+00:00,20.4388031021,21.6185907015,20.4388031021,21.358223783,13074,,,,,,,,,,,,,,,,,,,,,,,,,,,,,,,,,,,,,,,,19.867059265239433,18.175981188666803,17.439922419305027,16.836169019742076,16.520970483967375,16.452576532380025,16.364455352347395,16.146603447478746,15.899666343240996,,,16.836169019742076,,,17.078156005818656,"rgba(0, 255, 255, 0.75)",1.7768566378508017,17.553831368879564,1.623637873627191,66.24910720139277,11.72125567466589,True,False,True,False,True,12.861685982676462,0.0,0.0,0.0,0.0,0,1.051745023572392,0.8683120161778441,False,False,False,False,0.23945339032393767,0.2731825352142565,False,False,False,False,89056,17066.894600128293,False,False,False,False,10539.302803826926,False,False,False,False
2023-08-23 00:00:00+00:00,17.5747669986,20.4713489669,17.1842166209,20.4713489669,56454,,,,,,,,,,,,,,,,,,,,,,,,,,,,,,,,,,,,,,,,19.513612635747997,18.196022182631985,17.5043208785108,16.919561617034216,16.606305195871624,16.53739030009088,16.4493769213587,16.226332688357196,15.97866139917145,,,16.919561617034216,,,17.103509313197204,#000000,1.7578307987597483,17.443261678671675,0.07481113655598189,57.19500914512142,15.156489202473054,False,True,True,False,False,0.8474186218621789,0.0,0.0,0.0,0.0,0,0.9902466892082191,0.8965261920633144,False,False,False,False,-0.06386375323836929,0.1046593909879436,False,False,False,False,32602,17676.114419731108,False,False,False,False,12339.879164461165,False,False,False,False
2023-08-24 00:00:00+00:00,17.3306730125,18.1036373018,17.0947154926,17.4771294042,23298,,,,,,,,,,,,,,,,,,,,,,,,,,,,,,,,,,,,,,,,19.331244378618255,18.172603980584935,17.5044636418306,16.932188745390395,16.622837358468992,16.55446989818786,16.467236046291426,16.244720691136393,15.998288172873389,,,16.932188745390395,,,17.092005879264697,#000000,1.743189283022488,17.39634943451116,-0.037676012955565566,50.7301116090178,9.518126062213554,False,True,False,False,False,0.0,0.0,0.0,0.0,0.0,0,0.9773966778251824,0.9649268349240501,False,False,False,False,-0.22745994064044664,-0.061400274826251516,False,False,False,False,9304,17347.796207192634,False,False,False,False,12769.609393305826,False,False,False,False
2023-08-25 00:00:00+00:00,17.509675269,17.6601998937,17.3306730125,17.4364470732,4372,,,,,,,,,,,,,,,,,,,,,,,,,,,,,,,,,,,,,,,,19.300499307762863,18.16832597877886,17.504442329185594,16.93446035552375,16.625840025458253,16.55757714387915,16.47049067135339,16.248087286355553,16.001892525236173,,,16.93446035552375,,,17.090179513725953,#000000,1.7227087364480944,17.3890995050919,0.06999196170369741,46.9564197435365,6.388779225603123,False,True,False,True,False,0.6102419086995887,0.0,0.0,0.0,0.0,0,0.9713860821300309,0.9872817219544215,False,False,False,False,-0.24171297634092861,-0.15155662558359007,False,False,False,False,13676,17203.804199067432,False,False,False,False,12440.29137788207,False,False,False,False
2023-08-28 00:00:00+00:00,17.7944515861,18.2216160618,17.5625622993,17.9002256467,8586,,,,,,,,,,,,,,,,,,,,,,,,,,,,,,,,,,,,,,,,19.254500749775737,18.16451557847401,17.507880580738437,16.941669500780495,16.63407664145261,16.56592420261379,16.479032944715918,16.256529093471215,16.01060658592028,,,16.941669500780495,,,17.090526208660275,#000000,1.7072522978379159,17.381272319479198,0.24201418099952562,45.31518956141491,5.069770065316803,False,True,False,True,False,1.6482924493732192,0.0,0.0,0.0,0.0,0,0.9953705972138018,0.9681494910514793,False,False,False,False,-0.27680342573599387,-0.21418002565979197,False,False,False,False,22262,17402.164818711844,False,False,False,False,12289.142696396497,False,False,False,False
2023-08-29 00:00:00+00:00,17.6886775255,18.2175478287,17.4287174303,17.7374963227,6674,,,,,,,,,,,,,,,,,,,,,,,,,,,,,,,,,,,,,,,,19.21875822828846,18.160846298704907,17.509900739391142,16.946707019530376,16.639984113185378,16.5719361137022,16.48521427833359,16.262700735894096,16.01702875275351,,,16.946707019530376,,,17.09034180886485,#000000,1.681761500542749,17.375005596378482,0.18651391949470147,43.977466431027565,3.7963278914056175,False,True,False,True,False,1.2450500053892455,0.0,0.0,0.0,0.0,0,0.9541591463634982,0.9859460800996552,False,False,False,False,-0.28809934000095155,-0.25113968283037175,False,False,False,False,15588,17331.02110033099,False,False,False,False,12068.941022028008,False,False,False,False
2023-08-30 00:00:00+00:00,17.7537692551,17.8961574136,17.6561316606,17.6561316606,1550,,,,,,,,,,,,,,,,,,,,,,,,,,,,,,,,,,,,,,,,19.210649668153867,18.159982885193013,17.51034892418601,16.947854842646944,16.641335842703736,16.57331275010989,16.48663082615034,16.264117849932422,16.01850547733824,,,16.947854842646944,,,17.090304340712716,#000000,1.6646311967896288,17.373612363296747,0.22837304295174524,43.313222178553346,2.9593307280688634,False,True,False,True,False,1.4879028113495991,0.0,0.0,0.0,0.0,0,0.9492266804463768,0.9958454837361399,False,False,False,False,-0.2958375895587817,-0.27348863619457675,False,False,False,False,17138,17323.451645416048,False,False,False,False,11656.433530968086,False,False,False,False
2023-08-31 00:00:00+00:00,17.428310607,18.0045891816,17.4200780559,17.5764965261,6550,,,,,,,,,,,,,,,,,,,,,,,,,,,,,,,,,,,,,,,,19.17387625928454,18.154983673865278,17.51112857797579,16.9517841553377,16.646251951466912,16.578364758426375,16.4918814052921,16.269478799031152,16.024182305421572,,,16.9517841553377,,,17.089103542900155,#000000,1.656301777798723,17.366459131013706,0.037343119964827455,42.02896132049844,1.3941768492663442,False,True,False,True,False,0.22417565311561205,0.0,0.0,0.0,0.0,0,0.9615167031940374,0.9834993916065137,False,False,False,False,-0.30640191211106094,-0.28994527415281884,False,False,False,False,10588,17059.316286772282,False,False,False,False,11456.181235636004,False,False,False,False
2023-09-01 00:00:00+00:00,17.6752871389,17.9798915284,17.5764965261,17.9716589773,4870,,,,,,,,,,,,,,,,,,,,,,,,,,,,,,,,,,,,,,,,19.149746725823828,18.152185316297754,17.512379189245266,16.95522409046746,16.65034599428063,16.58254181332238,16.496187988242212,16.27380792163532,16.028709336523395,,,16.95522409046746,,,17.08901426398203,#000000,1.6350493117383504,17.36248821796395,0.19130855484932666,42.13717586445489,1.0561997983453182,False,True,False,True,False,1.1687466417255337,0.0,0.0,0.0,0.0,0,0.9585994095754465,0.9735846626546751,False,False,False,False,-0.2954993556724859,-0.2927223149126524,False,False,False,False,15458,16996.51956964396,False,False,False,False,11197.89961855224,False,False,False,False
2023-09-05 00:00:00+00:00,17.6341243836,18.1280774476,17.4118455048,18.1280774476,4435,,,,,,,,,,,,,,,,,,,,,,,,,,,,,,,,,,,,,,,,19.128179525960412,18.14955150889226,17.513412925183474,16.958255200370044,16.65398283974631,16.586257310990174,16.500024216798472,16.27767707158337,16.03276537570394,,,16.958255200370044,,,17.088900663914274,#000000,1.600975743542927,17.358963423748076,0.1718707862762481,42.08670037069073,0.45232465667741906,False,True,False,True,False,1.0054636761016447,0.0,0.0,0.0,0.0,0,0.9491050181145683,0.9815375092828623,False,False,False,False,-0.2968583988421873,-0.29479035687741983,False,False,False,False,11023,16762.26390024616,False,False,False,False,10932.687868805093,False,False,False,False
2023-09-06 00:00:00+00:00,17.3624501984,17.8322818878,17.2307293814,17.6341243836,3408,,,,,,,,,,,,,,,,,,,,,,,,,,,,,,,,,,,,,,,,19.109176474558403,18.146373787580945,17.513270308027426,16.95981516677633,16.65611340985426,16.58847382400074,16.502358527686926,16.280125963951683,16.035411279074843,,,16.95981516677633,,,17.087902082390173,#000000,1.5675202084175581,17.355072262755215,0.004706756318143211,41.22291593963549,-0.9561615018893335,False,True,False,True,False,0.0,0.0,0.0,0.0,0.0,0,0.9463456862729324,0.9840328770803406,False,False,False,False,-0.33671202532025024,-0.31575119109883504,False,False,False,False,7615,16403.547668863957,False,False,False,False,10637.602070028423,False,False,False,False
2023-09-07 00:00:00+00:00,16.7861716238,17.2718921367,16.5721252961,17.2718921367,12970,,,,,,,,,,,,,,,,,,,,,,,,,,,,,,,,,,,,,,,,19.015599607765516,18.12400702352259,17.50436629776686,16.958871723626007,16.658270522822573,16.59118361416716,16.50573840122152,16.284733428037235,16.041243999338906,,,16.958871723626007,,,17.076001624252044,#000000,1.53911927255883,17.32987805723602,-0.3532581542768225,39.046495188911464,-3.5467267941158838,False,True,False,True,False,0.0,0.0,0.0,0.0,0.0,0,0.9343475481599972,1.001200099441043,False,False,False,False,-0.34282825441539394,-0.3292897227571145,False,False,False,False,-5355,15550.271289692822,False,False,False,False,10729.068655517503,False,False,False,False
2023-09-08 00:00:00+00:00,16.6297531535,17.6834373645,15.6747772299,17.6834373645,12009,,,,,,,,,,,,,,,,,,,,,,,,,,,,,,,,,,,,,,,,18.927691431868865,18.10055308117909,17.493604115396057,16.955789788658063,16.658309868468386,16.591800348836156,16.50703923285928,16.28741661654834,16.045207494307764,,,16.955789788658063,,,17.063045775346886,#000000,1.5080217074662676,17.30506035920553,-0.44781000323938297,37.19046842495413,-5.741428870924992,False,True,False,True,False,0.0,0.0,0.0,0.0,0.0,0,0.9173420804391915,0.9827430570626517,False,False,False,False,-0.34282825441539394,-0.3360589885862542,False,False,False,False,-17364,14259.515552842126,False,False,False,False,10779.26204157564,False,False,False,False
2023-09-11 00:00:00+00:00,16.1358000896,16.6379857046,16.0287769257,16.6379857046,3670,,,,,,,,,,,,,,,,,,,,,,,,,,,,,,,,,,,,,,,,18.897661392596223,18.09160632357975,17.488831865942608,16.95360829529938,16.657241304559662,16.590947454014643,16.50643396338154,16.287373541494887,16.04563998614218,,,16.95360829529938,,,17.05770490300121,"rgba(239, 83, 80, 0.5)",1.480664827920434,17.295819332928545,-0.7834448562932168,34.74257918445769,-8.41685471708604,False,True,False,True,False,0.0,0.0,0.0,0.0,0.0,0,0.9219674824419387,1.0110228679263136,False,False,False,False,-0.34282825441539394,-0.3394436215008241,False,False,False,False,-21034,12875.456119397337,False,False,False,False,10500.467451709928,False,False,False,False
2023-09-12 00:00:00+00:00,16.06170713,16.06170713,15.9958467215,16.0534745789,1199,,,,,,,,,,,,,,,,,,,,,,,,,,,,,,,,,,,,,,,,18.887159949539708,18.088339671329127,17.486991533720754,16.95266298036273,16.656690177405395,16.59047423685746,16.506048995749556,16.287198517361816,16.04563624732945,,,16.95266298036273,,,17.05568914551733,"rgba(239, 83, 80, 0.5)",1.4505675171633838,17.2924582706461,-0.848461809659755,32.935712355918575,-10.421176566582218,False,True,False,True,False,0.0,0.0,0.0,0.0,0.0,0,0.9271901548356876,1.0185469917277017,False,False,False,False,-0.34282825441539394,-0.34113593795810904,False,False,False,False,-22233,11498.653918636657,False,False,False,False,10135.704022231108,False,False,False,False
2023-09-13 00:00:00+00:00,15.4771960043,16.2276753595,15.4771960043,15.6747772299,8776,,,,,,,,,,,,,,,,,,,,,,,,,,,,,,,,,,,,,,,,18.80440153487777,18.06114425865556,17.47078514722644,16.943455390232486,16.650658403773384,16.585084302915753,16.501375581889217,16.28431704247314,16.044163384019203,,,16.943455390232486,,,17.03837611622922,"rgba(239, 83, 80, 1.0)",1.4280008423347441,17.26478259660572,-1.2518106007438081,30.437175865066504,-13.033154088791775,False,True,False,True,False,0.0,0.0,0.0,0.0,0.0,0,0.9075387312952973,1.0157835256277923,False,False,False,False,-0.34282825441539394,-0.34198209618675146,False,False,False,False,-31009,9831.687098297965,False,False,False,False,10082.382295869103,False,False,False,False
2023-09-14 00:00:00+00:00,15.1643590638,15.6706609543,14.6827548264,15.0161731446,16214,,,,,,,,,,,,,,,,,,,,,,,,,,,,,,,,,,,,,,,,18.6367736535953,18.000953317606406,17.432333425408785,16.919206508812184,16.63314446378985,16.568973734009763,16.48680332750376,16.273845042675458,16.036774958240045,,,16.919206508812184,,,16.998756492404617,"rgba(239, 83, 80, 1.0)",1.416769098135459,17.205146612244523,-1.4404517653090436,28.158331823390572,-15.38225267783023,False,True,False,True,False,0.0,0.0,0.0,0.0,0.0,0,0.9005800760822097,1.0283096278990695,False,False,False,False,-0.34282825441539394,-0.34240517530107273,False,False,False,False,-47223,7594.248388560791,False,False,False,False,10322.837892109532,False,False,False,False
2023-09-15 00:00:00+00:00,15.073801002,15.2631496766,14.6127781423,15.1725916148,27265,,,,,,,,,,,,,,,,,,,,,,,,,,,,,,,,,,,,,,,,18.373632890014754,17.898791989130547,17.365314219191188,16.875632017916487,16.60091190487327,16.539132365832703,16.45957802962482,16.253721029226035,16.021968038612524,,,16.875632017916487,,,16.932075831602482,"rgba(239, 83, 80, 1.0)",1.4087066232966727,17.10897499240054,-1.4447110255205595,26.462054879141025,-17.165389298471275,False,True,False,True,False,0.0,0.0,0.0,0.0,0.0,0,0.8966178649224655,1.040614635934709,False,False,False,False,-0.34282825441539394,-0.3426167148582333,False,False,False,False,-74488,4375.336687048603,False,False,False,False,10987.236406144453,False,False,False,False
2023-09-18 00:00:00+00:00,14.4563596721,15.065568451,14.4234294678,14.7444989594,10385,,,,,,,,,,,,,,,,,,,,,,,,,,,,,,,,,,,,,,,,18.274167937655303,17.857413520689633,17.337288309005334,16.85670056296432,16.586490748121225,16.525676662653378,16.44717247135078,16.24424341104722,16.014654410760656,,,16.85670056296432,,,16.904867559360873,"rgba(255, 0, 0, 1.0)",1.4231072935468503,17.07116635871972,-1.8373925131834319,24.220677285776077,-19.45732008494956,False,True,False,True,False,0.0,0.0,0.0,0.0,0.0,0,0.8875980984053872,1.041711300964396,False,False,False,False,-0.34282825441539394,-0.34272248463681365,False,False,False,False,-84873,875.4019150074814,False,False,False,False,10963.619292178006,False,False,False,False
2023-09-19 00:00:00+00:00,14.448127121,14.7527315105,14.4070466912,14.4645922232,9303,,,,,,,,,,,,,,,,,,,,,,,,,,,,,,,,,,,,,,,,18.186843408175097,17.819962421887993,17.31163894349763,16.839162732405146,16.573012451077336,16.51307191010286,16.435516870711172,16.235255993453254,16.007634604676127,,,16.839162732405146,,,16.880233259554068,"rgba(255, 0, 0, 1.0)",1.4296483420603299,17.03744505153634,-1.8111572296196696,22.712519480787602,-21.05051564110866,False,True,False,True,False,0.0,0.0,0.0,0.0,0.0,0,0.8872518041501524,1.0522171303861492,False,False,False,False,-0.34282825441539394,-0.34277536952610377,False,False,False,False,-94176,-2852.1040424437924,True,False,False,False,10898.496966994555,True,False,False,False
2023-09-20 00:00:00+00:00,14.8597546743,14.8597546743,14.3658016104,14.6127781423,11647,,,,,,,,,,,,,,,,,,,,,,,,,,,,,,,,,,,,,,,,18.087626072521168,17.77646424381462,17.28198506527991,16.81906768345249,16.557684758800605,16.498766793098376,16.42232921148367,16.22517784645602,15.999879704807125,,,16.81906768345249,,,16.852109042190442,"rgba(239, 83, 80, 1.0)",1.4520037802058015,16.99924361875015,-1.4734733983591333,24.494749081112488,-21.05051564110866,False,True,False,True,False,0.0,0.0,0.0,0.0,0.0,0,0.8861686981682498,1.0563485106230024,False,False,False,False,-0.33948339371708575,-0.3411293816215948,False,False,False,False,-82529,-5976.6881976420755,False,False,False,False,10927.850027112416,False,False,False,False
2023-09-21 00:00:00+00:00,14.818591919,14.8762197765,14.3136895621,14.8679872254,4206,,,,,,,,,,,,,,,,,,,,,,,,,,,,,,,,,,,,,,,14.669500419200002,18.052908031825705,17.76092412272441,17.27133652612365,16.811816796717668,16.552135644768857,16.493583510009614,16.417545959294053,16.221510375322463,15.997047193412305,,14.669500419200002,16.811816796717668,,,16.624830857939873,"rgba(239, 83, 80, 1.0)",1.4598228454036588,16.919381023080618,-1.4390712617596588,25.57697037105309,-21.05051564110866,False,True,False,True,True,0.0,1.0,14.87622,14.313689,0.0,0,0.8732959598885739,1.0684486442794514,True,False,False,False,-0.3412951528531722,-0.3412122672373835,False,False,False,False,-86735,-9143.680817342387,False,False,False,False,10664.24806526487,False,False,False,False
2023-09-22 00:00:00+00:00,14.8597546743,14.8597546743,14.6292432445,14.7527315105,4404,,,,,,,,,,,,,,,,,,,,,,,,,,,,,,,,,,,,,,,14.727513074311965,18.018497031217606,17.74540906620738,17.260761334305915,16.804675988127798,16.546708088764696,16.48852311256003,16.412888578875588,16.217968017923226,15.994346519215346,,14.727513074311965,16.804675988127798,,,16.621729081150953,"rgba(239, 83, 80, 1.0)",1.4744659876664525,16.909122027755608,-1.3899047998380871,26.594835927775936,-21.05051564110866,False,True,False,True,True,0.0,0.0,0.0,0.0,0.0,0,0.8732997345299989,1.0733324341582424,False,False,False,False,-0.32615940605470506,-0.3336858366460443,False,False,False,False,-82331,-12013.7717656819,False,False,False,False,10418.748141136835,False,False,False,False
2023-09-25 00:00:00+00:00,14.5139875296,14.7609640615,14.4151969168,14.4151969168,3454,,,,,,,,,,,,,,,,,,,,,,,,,,,,,,,,,,,,,,,14.680521542212771,17.990214478740693,17.732460086330295,17.251800745496077,16.798506296653105,16.54194763624746,16.48406705900554,16.4087649080957,16.214778825459916,15.991854486300193,,14.680521542212771,16.798506296653105,,,16.609491606454178,"rgba(255, 0, 0, 1.0)",1.509196181766813,16.895743367835586,-1.5781618500036683,26.29909635454857,-21.05051564110866,False,True,False,True,True,0.0,0.0,0.0,0.0,0.0,0,0.8693116294261146,1.0733151657004734,False,False,False,False,-0.34199449079200867,-0.3378401637190265,False,False,False,False,-85785,-14906.761108204179,False,False,False,False,10145.620763053039,False,False,False,False
2023-09-26 00:00:00+00:00,14.8103593679,15.1561265127,14.5304526317,14.5304526317,9688,,,,,,,,,,,,,,,,,,,,,,,,,,,,,,,,,,,,,,,14.748127006910122,17.919337038121974,17.699730944289367,17.229464918262078,16.7834415270336,16.530514762128306,16.473412517165507,16.398967451229968,16.20734493373796,15.986218017823974,,14.748127006910122,16.7834415270336,,,16.597655911670287,"rgba(239, 83, 80, 1.0)",1.5418892585231594,16.871884712199805,-1.337012585634301,28.276377113847637,-21.05051564110866,False,True,False,True,True,0.0,0.0,0.0,0.0,0.0,0,0.86780497803046,1.0754446113447056,False,False,False,False,-0.31623954955818645,-0.32703985663860646,False,False,False,False,-76097,-17306.378319647152,False,False,False,False,10127.67485077645,False,False,False,False
2023-09-27 00:00:00+00:00,15.1396614106,15.1931729925,14.5880804891,14.8926848786,8681,,,,,,,,,,,,,,,,,,,,,,,,,,,,,,,,,,,,,,,14.812454004338656,17.86126250489597,17.672439837584974,17.210957655451853,16.771101054936352,16.521241186236075,16.464793695694095,16.391073915906105,16.201429021132615,15.981826667955938,,14.812454004338656,16.771101054936352,,,16.588857954413264,"rgba(239, 83, 80, 1.0)",1.5606402392354315,16.852882534967144,-1.0977681347025001,31.783899787047623,-23.641385562191118,False,True,False,True,True,0.0,0.0,0.0,0.0,0.0,0,0.8651874113847533,1.070165370467326,False,False,False,False,-0.3115076579342875,-0.31927375728644697,False,False,False,False,-67416,-19271.461522798247,False,False,False,False,10070.942503687176,False,False,False,False
2023-09-28 00:00:00+00:00,15.3948704936,15.3948704936,15.1602427882,15.1602427882,3111,,,,,,,,,,,,,,,,,,,,,,,,,,,,,,,,,,,,,,,14.859216130727646,17.84341038569554,17.664018327974947,17.20540450227066,16.767555644891605,16.518675326673012,16.462434028511776,16.388945793101215,16.199911189094426,15.980794490708643,,14.859216130727646,16.767555644891605,,,16.589036581964944,"rgba(239, 83, 80, 0.5)",1.5738180280956853,16.84860525324528,-0.9236993945254883,35.67913575011174,-19.936018975398127,False,True,False,True,True,0.0,0.0,0.0,0.0,0.0,0,0.867539316231207,1.065518205108575,False,False,False,False,-0.27331149057072335,-0.29629262392858513,False,False,False,False,-64305,-21037.482639551257,False,False,False,False,9798.003581973953,False,False,False,False
2023-09-29 00:00:00+00:00,15.3043124319,15.4854285554,14.9092323062,15.4854285554,4213,,,,,,,,,,,,,,,,,,,,,,,,,,,,,,,,,,,,,,,14.90092267352544,17.818842652879216,17.652306104578,17.197605116408578,16.76250652096525,16.51497728284878,16.45902169459983,16.385853401703226,16.197670050696118,15.979226325479807,,14.90092267352544,16.76250652096525,,,16.58689318236842,"rgba(239, 83, 80, 0.5)",1.5961985905464189,16.841466382317215,-0.9630092142175171,37.85681901721598,-17.915686527254465,False,True,False,True,True,0.0,0.0,0.0,0.0,0.0,0,0.8573056810999882,1.073380199819938,False,False,False,False,-0.28116403626257297,-0.2887283300955791,False,False,False,False,-68518,-22899.463712510034,False,False,False,False,9578.98383366125,False,False,False,False
2023-10-02 00:00:00+00:00,14.9832429403,15.6006842703,14.8772900081,15.3043124319,4398,,,,,,,,,,,,,,,,,,,,,,,,,,,,,,,,,,,,,,,14.92729882165613,17.792913597993763,17.639802778907622,17.189202981824323,16.756999727727955,16.510902227017645,16.455250708175043,16.382422112903416,16.19515026214878,15.977423187981255,,14.92729882165613,16.756999727727955,,,16.58273664063359,"rgba(239, 83, 80, 1.0)",1.6246302062403286,16.832926706574987,-1.138526022211215,37.88216528674864,-17.841376472670206,False,True,False,True,True,0.0,0.0,0.0,0.0,0.0,0,0.8578525210497283,1.0812095995680546,False,False,False,False,-0.2770825150375035,-0.2829054225665413,False,False,False,False,-72916,-24860.896508097878,False,False,False,False,9375.807997047083,False,False,False,False
2023-10-03 00:00:00+00:00,15.2878473298,15.2878473298,14.9750103893,14.9750103893,3272,,,,,,,,,,,,,,,,,,,,,,,,,,,,,,,,,,,,,,,14.945757313203918,17.774162356767555,17.630692145996314,17.18308763808833,16.753002979405114,16.50795257013613,16.452523271490207,16.37994336893358,16.193336951362337,15.976135198113102,,14.945757313203918,16.753002979405114,,,16.579659379349657,"rgba(239, 83, 80, 0.5)",1.6474717861903092,16.8267202694259,-0.9340815135805514,39.878460936997335,-15.818448893672539,False,True,False,True,True,0.0,0.0,0.0,0.0,0.0,0,0.8598053497611848,1.0798552307577516,False,False,False,False,-0.28763981967858904,-0.28527262112256513,False,False,False,False,-69644,-26617.096645035217,False,False,False,False,9136.44297755504,False,False,False,False
2023-10-04 00:00:00+00:00,15.320777534,15.6418470256,15.2302194723,15.2302194723,8964,,,,,,,,,,,,,,,,,,,,,,,,,,,,,,,,,,,,,,,15.020226424118542,17.728277800832267,17.60822850402944,17.168296616752908,16.743636001675117,16.501233656879663,16.44636108171865,16.37441040595273,16.189448347464115,15.973575123851848,,15.020226424118542,16.743636001675117,,,16.575369396327527,"rgba(239, 83, 80, 0.5)",1.6650984885869302,16.81336830857586,-0.8963978916601707,41.419797518458374,-14.228815137072303,False,True,False,True,True,0.0,0.0,0.0,0.0,0.0,0,0.8674882471764631,1.0645013140880941,False,False,False,False,-0.2578949452998785,-0.2715837832112218,False,False,False,False,-60680,-27952.896776602465,False,False,False,False,9129.680507846999,False,False,False,False
2023-10-05 00:00:00+00:00,15.6994748831,15.6994748831,15.4031030447,15.5018936575,2092,,,,,,,,,,,,,,,,,,,,,,,,,,,,,,,,,,,,,,,15.041725243483866,17.718734117724132,17.60352650049496,17.16527176167649,16.741795553525886,16.49996367258183,16.44520977023109,16.37339467770731,16.188777632027776,15.97319041952277,,15.041725243483866,16.741795553525886,,,16.575158934897612,"rgba(239, 83, 80, 0.5)",1.6783705872403527,16.810985153191588,-0.6622555700997949,44.751931666420504,-10.983913222717838,False,False,False,False,True,0.0,0.0,0.0,0.0,0.0,0,0.876105885626077,1.0645992457709497,False,False,False,False,-0.24675815997048975,-0.2591709715908558,False,False,False,False,-58588,-29154.273373598448,False,False,False,False,8853.69303695104,False,False,False,False
2023-10-06 00:00:00+00:00,15.0326382467,15.8888235576,15.0326382467,15.6418470256,9322,,,,,,,,,,,,,,,,,,,,,,,,,,,,,,,,,,,,,,,15.0808673173696,17.671688667365885,17.579919759370405,17.14952402921803,16.73165234190659,16.492582769047786,16.438413023998454,16.367256976504684,16.18437982641576,15.970192318711371,,15.0808673173696,16.73165234190659,,,16.566647702990856,"rgba(239, 83, 80, 1.0)",1.7032227626817804,16.754198785968082,-1.0107665168573892,43.641697216385374,-10.983913222717838,False,False,False,True,True,0.0,0.0,0.0,0.0,0.0,0,0.8728030834033749,1.0547268840335646,False,False,False,False,-0.25550330504741314,-0.25733713831913446,False,False,False,False,-67910,-30674.105790320078,False,False,False,False,8872.058015894136,False,False,False,False
2023-10-09 00:00:00+00:00,14.4892898764,15.4031030447,14.4892898764,15.0244056957,19542,,,,,,,,,,,,,,,,,,,,,,,,,,,,,,,,,,,,,,,15.015158770225334,17.55813143186548,17.520872772757148,17.108165110917476,16.70313826145185,16.470632351090444,16.417884744633504,16.348306045285906,16.169811899799424,15.959015152770242,,15.015158770225334,16.70313826145185,,,16.527111654079683,"rgba(239, 83, 80, 1.0)",1.7388513425138117,16.68776152644549,-1.2643240950472616,40.85283218938154,-10.983913222717838,False,False,False,True,False,0.0,0.0,0.0,0.0,0.0,0,0.8622844296063815,1.056238871893873,False,False,False,False,-0.30597000545777897,-0.28165357188845674,False,False,False,False,-87452,-32900.6898769742,False,False,False,False,9290.487113310051,False,False,False,False
2023-10-10 00:00:00+00:00,14.8350570211,15.0079405935,14.571615387,14.571615387,6737,,,,,,,,,,,,,,,,,,,,,,,,,,,,,,,,,,,,,,,14.999773809706516,17.52117995913101,17.501172211555033,17.09430750266356,16.693557122412415,16.46324465579083,16.410973052375617,16.341923587266432,16.164899690418842,15.955246799621193,,14.999773809706516,16.693557122412415,,,16.514627839094146,"rgba(239, 83, 80, 1.0)",1.7645596047142724,16.6705567256505,-1.04020272233746,41.023654130084886,-10.983913222717838,False,False,False,True,False,0.0,0.0,0.0,0.0,0.0,0,0.8722838928556331,1.0700211134842905,False,False,False,False,-0.321605213189763,-0.30162939253910986,False,False,False,False,-80715,-34775.760862190895,False,False,False,False,9190.35036376848,False,False,False,False
2023-10-11 00:00:00+00:00,15.189056717,15.189056717,15.0816219256,15.1149637574,1745,,,,,,,,,,,,,,,,,,,,,,,,,,,,,,,,,,,,,,,15.002628017214104,17.512976897321842,17.496769230074474,17.091287335373348,16.69154603953391,16.46174152209497,16.409578675510307,16.34065176048088,16.16395754159544,15.954569113532024,,15.002628017214104,16.69154603953391,,,16.51257061327313,"rgba(239, 83, 80, 0.5)",1.7833755182646884,16.667988550776137,-0.8292879534508864,43.01021265945624,-10.983913222717838,False,False,False,True,False,0.0,0.0,0.0,0.0,0.0,0,0.8772050377738774,1.0573060702202808,False,False,False,False,-0.2872549091399922,-0.29444215083955105,False,False,False,False,-78970,-36508.868279359885,False,False,False,False,8898.375839699129,False,False,False,False
2023-10-12 00:00:00+00:00,15.2384520234,15.3619402894,15.189056717,15.2265971498,3289,,,,,,,,,,,,,,,,,,,,,,,,,,,,,,,,,,,,,,,15.011450848591606,17.498382123404703,17.48890225852051,17.085941727786135,16.688039562369184,16.459154929689706,16.407188099729222,16.33848318176199,16.16237910835859,15.953469671874357,,15.011450848591606,16.688039562369184,,,16.5093391512086,"rgba(239, 83, 80, 0.5)",1.7995328814186056,16.664043383283282,-0.7922007842165467,44.590712245767484,-10.979727974320923,False,False,False,True,True,0.0,0.0,0.0,0.0,0.0,0,0.897382773176148,1.0585506329355752,False,False,False,False,-0.27351252683903354,-0.2839773388392923,False,False,False,False,-75681,-38045.03030762028,False,False,False,False,8678.400316573672,False,False,False,False
2023-10-13 00:00:00+00:00,15.2960798808,15.2960798808,15.1396614106,15.1396614106,997,,,,,,,,,,,,,,,,,,,,,,,,,,,,,,,,,,,,,,,15.013813301565312,17.493957611868474,17.486507977061386,17.084310462378806,16.686965752161473,16.45836049735337,16.406453273902894,16.33781582782327,16.161891529464917,15.953127831838668,,15.013813301565312,16.686965752161473,,,16.50832040654186,"rgba(239, 83, 80, 0.5)",1.815197429128943,16.662761322163945,-0.7529106307845381,45.9623963749512,-9.52066036804463,False,False,False,False,True,0.0,0.0,0.0,0.0,0.0,0,0.8976366326287955,1.043104196181519,False,False,False,False,-0.279150374500904,-0.2815638566700982,False,False,False,False,-74684,-39481.85264849792,False,False,False,False,8377.16893161,False,False,False,False
2023-10-16 00:00:00+00:00,15.1808241659,15.7488701895,15.1808241659,15.4031030447,3472,,,,,,,,,,,,,,,,,,,,,,,,,,,,,,,,,,,,,,,15.025992815862907,17.479540998199024,17.478676832884428,17.07904025611866,16.683564730502553,16.45588874637363,16.40417859698533,16.335765600382064,16.160430536897675,15.95215139503114,,15.025992815862907,16.683564730502553,,,16.505523050923742,"rgba(239, 83, 80, 0.5)",1.8317184375914524,16.659330883867234,-0.8071692065901455,46.24983855551977,-9.044181600570376,False,False,False,False,True,0.0,0.0,0.0,0.0,0.0,1,0.8896627828643457,1.0331598028047952,False,False,False,False,-0.25510497702811963,-0.2683344168491089,False,False,False,False,-78156,-40998.4858779686,False,False,False,False,8184.80936566451,False,False,False,False
2023-10-17 00:00:00+00:00,15.2302194723,15.4936611064,15.2302194723,15.3866379426,4211,,,,,,,,,,,,,,,,,,,,,,,,,,,,,,,,,,,,,,,15.037616690517012,17.461890614527544,17.469023335337972,17.0724979320036,16.679300498685446,16.452762676196393,16.401294690381405,16.33315697720008,16.15854936437398,15.950865802372322,,15.037616690517012,16.679300498685446,,,16.501695858159575,"rgba(239, 83, 80, 0.5)",1.8465741162359577,16.65437181960302,-0.7712402847961513,46.75841354725242,-8.299656335128446,True,False,False,False,True,0.0,0.0,0.0,0.0,0.0,1,0.8873113690824398,1.0559264611297146,False,False,False,False,-0.2650873376924356,-0.26671087727077225,False,False,False,False,-73945,-42290.50603961689,False,False,False,False,8028.973704265902,False,False,False,False
2023-10-18 00:00:00+00:00,15.2055218191,15.5348238618,15.2055218191,15.5348238618,1264,,,,,,,,,,,,,,,,,,,,,,,,,,,,,,,,,,,,,,,15.040894959275798,17.456641966719914,17.466138815938415,17.07054056547686,16.678023142433528,16.451825423330366,16.400429839644,16.332374454369127,16.15798450005731,15.950479258476415,,15.040894959275798,16.678023142433528,,,16.50053329257217,"rgba(239, 83, 80, 0.5)",1.8608143892076723,16.652839830808535,-0.7777874139960828,46.9423695656011,-7.826673687055681,True,False,False,False,True,0.0,0.0,0.0,0.0,0.0,1,0.8960382192690404,1.0439338517529526,False,False,False,False,-0.2642868709151527,-0.26549887409296247,False,False,False,False,-75209,-43581.427371396625,False,False,False,False,7763.680617824102,False,False,False,False
2023-10-19 00:00:00+00:00,14.818591919,14.9280848482,14.7305859481,14.7362664083,1734,,,,,,,,,,,,,,,,,,,,,,,,,,,,,,,,,,,,,,,15.03746602797372,17.447846760129334,17.461296497238852,17.06711554883239,16.67564661658782,16.449989449754742,16.39871142467588,16.330787173944486,16.156761391661355,15.949541659592938,,15.03746602797372,16.67564661658782,,,16.49751625503915,"rgba(239, 83, 80, 0.5)",1.8811511492422306,16.648704621803475,-0.9728685031719464,44.798626228594216,-7.826673687055681,False,False,False,True,True,0.0,0.0,0.0,0.0,0.0,1,0.8791384385235105,1.061384159567236,False,False,False,False,-0.3176370402771997,-0.2915679571850811,False,False,False,False,-76943,-44889.72433722421,False,False,False,False,7527.22255438002,False,False,False,False
2023-10-20 00:00:00+00:00,15.1561265127,15.1561265127,14.8194151741,15.0491033489,4186,,,,,,,,,,,,,,,,,,,,,,,,,,,,,,,,,,,,,,,15.037704014861935,17.428601234905813,17.45064114995175,17.05969073553514,16.67060811846672,16.446167270212282,16.395151615546386,16.327522491790134,16.154300346867476,15.947722757921765,,15.037704014861935,16.67060811846672,,,16.491810973605936,"rgba(239, 83, 80, 0.5)",1.8944304816327542,16.640988812149597,-0.7838040581831421,45.7726422699659,-7.826673687055681,False,False,False,True,True,0.0,0.0,0.0,0.0,0.0,1,0.8769344448640689,1.0662474362107912,False,False,False,False,-0.3018389078603882,-0.2967034325227347,False,False,False,False,-72757,-45982.558676940906,False,False,False,False,7396.194218914136,False,False,False,False
2023-10-23 00:00:00+00:00,14.9091499807,15.1561265127,14.8844523275,14.9256150829,4437,,,,,,,,,,,,,,,,,,,,,,,,,,,,,,,,,,,,,,,15.035646053306895,17.408024999383695,17.439166936004927,17.051644990381032,16.66510351860794,16.44196428943372,16.391230285289332,16.32391744909768,16.151561764013756,15.94567392027396,,15.035646053306895,16.66510351860794,,,16.485393420579292,"rgba(239, 83, 80, 0.5)",1.9112526116260808,16.632318195692772,-0.9015910322428344,45.00826124478055,-7.826673687055681,False,False,False,True,True,0.0,0.0,0.0,0.0,0.0,1,0.8652586806785739,1.0683188714719631,False,False,False,False,-0.29861461566160125,-0.29765902409216793,False,False,False,False,-77194,-47206.53676804127,False,False,False,False,7280.147386799857,False,False,False,False
2023-10-24 00:00:00+00:00,14.7033362041,14.7033362041,14.4892898764,14.4892898764,1044,,,,,,,,,,,,,,,,,,,,,,,,,,,,,,,,,,,,,,14.631987428199999,15.032088658976079,17.40253969365247,17.43609869118343,17.049440975800938,16.663544121628632,16.44074157187152,16.39008139127623,16.322850508277487,16.150726080536735,15.945017623627475,,15.032088658976079,16.663544121628632,,,16.315010613184636,"rgba(239, 83, 80, 0.5)",1.929532916533734,16.55356565684221,-0.9589001757306186,43.40688071282188,-7.826673687055681,False,False,False,True,False,0.0,0.0,0.0,0.0,0.0,1,0.8604761395092451,1.0795104887178197,False,False,False,False,-0.34115699837140473,-0.3194080112317863,False,False,False,False,-78238,-48423.45689478475,False,False,False,False,7035.592587317509,False,False,False,False
2023-10-25 00:00:00+00:00,14.5222200806,14.8432895722,14.4975224274,14.8103593679,2167,,,,,,,,,,,,,,,,,,,,,,,,,,,,,,,,,,,,,,14.624579585063406,15.024704045269676,17.39117808243718,17.4297265404244,17.044858245811845,16.660297503315377,16.43819350887444,16.387686590079635,16.32062583141517,16.148981891926823,15.943646088282291,,15.024704045269676,16.660297503315377,,,16.31040708299093,"rgba(239, 83, 80, 1.0)",1.9466898420521386,16.547454240006935,-1.0403476278850858,41.42847061756447,-4.403150500381301,False,False,False,True,False,0.0,0.0,0.0,0.0,0.0,1,0.8576604494075776,1.0784106266436795,False,False,False,False,-0.3336401072298099,-0.3265240592307981,False,False,False,False,-80405,-49677.635055773586,False,False,False,False,6844.667387814862,False,False,False,False
2023-10-26 00:00:00+00:00,14.8926848786,14.8926848786,14.7280338573,14.7280338573,722,,,,,,,,,,,,,,,,,,,,,,,,,,,,,,,,,,,,,,14.663721718161268,15.023592041752675,17.387707847336426,17.42777324726365,17.043471434110213,16.659332837108984,16.437447223084806,16.386987865031415,16.319980285371667,16.14848397294051,15.94326454889457,,15.023592041752675,16.659332837108984,,,16.312887547368742,"rgba(239, 83, 80, 0.5)",1.9528736920842242,16.547846068282574,-0.8475515832854944,42.87407379081473,-4.403150500381301,False,False,False,True,False,0.0,0.0,0.0,0.0,0.0,1,0.8366253860219435,1.1821136733153281,False,False,False,False,-0.31953939218120997,-0.323031725706004,False,False,False,False,-79683,-50854.31603397854,False,False,False,False,6604.562784371142,False,False,False,False
2023-10-27 00:00:00+00:00,14.6704059998,15.1396614106,14.6704059998,14.9009174297,2678,,,,,,,,,,,,,,,,,,,,,,,,,,,,,,,,,,,,,,14.729791778606385,15.019343524805365,17.374863164912753,17.420523249787408,17.03831721550739,16.655742146858593,16.43466625884095,16.38438336371473,16.31757306850123,16.146624979702977,15.941837632477062,,15.019343524805365,16.655742146858593,,,16.314878762155896,"rgba(239, 83, 80, 0.5)",1.9571403294282443,16.545332805730574,-0.9579930359302913,42.609858813571925,-4.403150500381301,False,False,False,True,False,0.0,0.0,0.0,0.0,0.0,1,0.8160355466283673,1.160889925846818,False,False,False,False,-0.3100702043816415,-0.31655096504382274,False,False,False,False,-82361,-52089.87226794017,False,False,False,False,6450.579930082077,False,False,False,False
2023-10-30 00:00:00+00:00,15.4854285554,15.4854285554,14.818591919,15.0589824101,4796,,,,,,,,,,,,,,,,,,,,,,,,,,,,,,,,,,,,,,14.954038686538127,15.028420064510136,17.35606335371328,17.40980713375926,17.030955661454115,16.650872434732378,16.431054840864164,16.381041238039753,16.314537488880937,16.144405104123962,15.940287713741501,,15.028420064510136,16.650872434732378,,,16.331043974577963,"rgba(239, 83, 80, 0.5)",1.9541623148557394,16.550465051030464,-0.5450092285241348,47.16546694757946,-7.087822028624416,True,False,False,False,True,0.0,0.0,0.0,0.0,0.0,1,0.8174843543135049,1.126770219980318,False,False,False,False,-0.28561490231039516,-0.3010829336771089,False,False,False,False,-77565,-53088.89688488369,False,False,False,False,6385.694442627878,False,False,False,False
2023-10-31 00:00:00+00:00,15.4936611064,15.4936611064,15.1119177135,15.2302194723,1479,,,,,,,,,,,,,,,,,,,,,,,,,,,,,,,,,,,,,,15.001369283020823,15.032256387047687,17.350615900536145,17.406681857684955,17.028829682480566,16.649488803183687,16.430043706069526,16.38010943649449,16.31369648999082,16.143802736183805,15.93988384625081,,15.032256387047687,16.649488803183687,,,16.334252557176665,"rgba(239, 83, 80, 0.5)",1.9471233957769052,16.55124734904241,-0.5431531688932489,50.2421206600187,-4.2860771193438865,True,False,False,False,True,0.0,0.0,0.0,0.0,0.0,1,0.7763277517094728,1.1788904818871984,False,False,False,False,-0.2618393489573181,-0.2814611413172135,False,False,False,False,-76086,-53990.74406586864,False,False,False,False,6193.275052720903,False,False,False,False
2023-11-01 00:00:00+00:00,14.9585452871,15.1561265127,14.9585452871,15.1478939616,2736,,,,,,,,,,,,,,,,,,,,,,,,,,,,,,,,,,,,,,15.00540382564711,15.032094936880373,17.33889341757214,17.3999606191989,17.024104955475682,16.6462568944181,16.427578434831524,16.377810155043687,16.311584377924408,16.14220171414663,15.938693555900025,,15.032094936880373,16.6462568944181,,,16.33132571700351,"rgba(239, 83, 80, 0.5)",1.9371853967112391,16.546692777799397,-0.8198221468092811,49.23647178894958,-4.2860771193438865,True,False,False,False,True,0.0,0.0,0.0,0.0,0.0,1,0.7763124869614865,1.1488261837971638,False,False,False,False,-0.2616289987364384,-0.27154507002682593,False,False,False,False,-78822,-54964.5188083836,False,False,False,False,6057.69563888871,False,False,False,False
2023-11-02 00:00:00+00:00,15.3537077383,16.2098930492,15.1231963084,15.1231963084,6239,,,,,,,,,,,,,,,,,,,,,,,,,,,,,,,,,,,,,,15.164328908011184,15.055843754963204,17.31870957622134,17.38821314857746,17.016289441938888,16.641363129899485,16.424131526208875,16.374668217879233,16.308795611233506,16.140316424862117,15.93758080011364,,15.055843754963204,16.641363129899485,,,16.34274913999172,"rgba(239, 83, 80, 0.5)",1.920747274780408,16.550148906459953,-0.6229040040141338,50.61854326874503,-4.1472600156558315,True,False,False,False,True,0.0,0.0,0.0,0.0,0.0,1,0.876435470142132,1.075047500280832,False,False,False,False,-0.11396018465754494,-0.19275262734218543,False,False,False,False,-72583,-55655.43963942738,False,False,False,False,6064.805613834252,False,False,False,False
2023-11-03 00:00:00+00:00,16.1111024364,16.42443333,15.4278006979,16.2016604981,2681,,,,,,,,,,,,,,,,,,,,,,,,,,,,,,,,,,,,,,15.254283647555019,15.07344378534624,17.312243666242605,17.384376746006748,17.013931940875676,16.64009763893644,16.423385878976475,16.374028777398262,16.3082830317832,16.14010363525972,15.937644484828208,,15.07344378534624,16.64009763893644,,,16.3510748393826,#000000,1.889061999020985,16.554716825484736,-0.2348331549280232,54.60773892873993,-0.41969432846583743,True,False,True,False,True,0.0,0.0,0.0,0.0,0.0,1,0.8881290919786722,0.9800784919811957,False,False,False,False,-0.061824809196834585,-0.12728871826951,False,False,False,False,-69902,-56214.128281018464,False,False,False,False,5932.107354468203,False,False,False,False
2023-11-06 00:00:00+00:00,15.9629165172,16.185195396,15.6006842703,15.8475784768,2117,,,,,,,,,,,,,,,,,,,,,,,,,,,,,,,,,,,,,,15.306851836845034,15.08582772561872,17.30690891646188,17.38120786421192,17.011948806022513,16.63899265513495,16.422702525635792,16.3734321379372,16.30778938550548,16.139857341342676,15.937623089102376,,15.08582772561872,16.63899265513495,,,16.35574020761987,#000000,1.863840941382417,16.557054434266007,-0.3187707190428669,56.41691539739421,1.1966808771640132,True,False,True,False,True,0.0,0.0,0.0,0.0,0.0,0,0.8869071902405196,0.9730361043607494,False,False,False,False,-0.06846392379988767,-0.09787632103469883,False,False,False,False,-72019,-56833.927171958916,False,False,False,False,5782.495301351803,False,False,False,False
2023-11-07 00:00:00+00:00,16.0205443747,16.0534745789,16.0205443747,16.0534745789,1264,,,,,,,,,,,,,,,,,,,,,,,,,,,,,,,,,,,,,,15.33965568888642,15.094052164783875,17.304005468381373,17.379470675886246,17.010892340381552,16.638439464939523,16.422388048321586,16.373166266056295,16.307581826735753,16.139786214403635,15.937679163036217,,15.094052164783875,16.638439464939523,,,16.3588288474375,#000000,1.8326865311942329,16.55875599756408,-0.2936735844909429,57.85131729659098,2.5226660332226913,True,False,True,False,True,0.0,0.0,0.0,0.0,0.0,0,0.8909919441512811,0.9973242123373119,False,False,False,False,-0.03348855206647449,-0.06568243655058666,False,False,False,False,-70755,-57379.851596587985,False,False,False,False,5605.299407181145,False,False,False,False
2023-11-08 00:00:00+00:00,16.2922185598,16.3992417237,15.4771960043,16.3992417237,2208,,,,,,,,,,,,,,,,,,,,,,,,,,,,,,,,,,,,,,15.39216543853826,15.108450428748485,17.29906303851639,17.376502202992953,17.00909872221414,16.637514771300406,16.421874554102516,16.372736324815108,16.307252373378052,16.139690483588726,15.93780269155429,,15.108450428748485,16.637514771300406,,,16.363831911795394,#000000,1.8054585655605209,16.56153345013107,-0.1491670290685732,59.876157480494,4.451498220825918,True,False,True,False,True,0.8413033782192336,0.0,0.0,0.0,0.0,0,0.8767769580213511,0.9847468327253787,False,False,False,False,-0.04973698719155598,-0.05770971187107132,False,False,False,False,-68547,-57817.77898495708,False,False,False,False,5472.071979448552,False,False,False,False
2023-11-09 00:00:00+00:00,15.4442658,15.4442658,15.4442658,15.4442658,1173,,,,,,,,,,,,,,,,,,,,,,,,,,,,,,,,,,,,,,15.39411770419104,15.111099053577718,17.295168261155318,17.374202178332943,17.007538419888448,16.63650882693941,16.421146783942802,16.37206771003001,16.30665190081584,16.139267523468426,15.937529616532183,,15.111099053577718,16.63650882693941,,,16.363208907170375,"rgba(239, 83, 80, 0.5)",1.7879287164109716,16.560424368572804,-0.6242746471533512,56.56216731213302,4.451498220825918,True,False,True,False,False,0.0,0.0,0.0,0.0,0.0,0,0.8427022161100289,0.9775237308769937,False,False,False,False,-0.15280614845802615,-0.10525793016454874,False,False,False,False,-69720,-58284.53275025289,False,False,False,False,5303.480921430962,False,False,False,False
2023-11-10 00:00:00+00:00,16.8273343791,16.8273343791,15.8229631491,15.8229631491,5462,,,,,,,,,,,,,,,,,,,,,,,,,,,,,,,,,,,,,,15.5573011959751,15.160036707231333,17.28739637601359,17.369342297398564,17.00515837432481,16.635945900591455,16.421393422565657,16.372470342842792,16.307252242970517,16.14026519935133,15.938955889888282,,15.160036707231333,16.635945900591455,,,16.381410722650312,#000000,1.7694453205572942,16.572725444116436,0.14389194852507523,59.058502638401784,4.451498220825918,True,False,True,False,False,3.054708855998765,0.0,0.0,0.0,0.0,0,0.8550910598404913,0.9474481249562545,False,False,False,False,0.030159711009578448,-0.03754910957748514,False,False,False,False,-64258,-58518.78636789003,False,False,False,False,5309.697355884649,False,False,False,False
2023-11-13 00:00:00+00:00,16.5474276429,17.2471944835,16.3910091726,16.7944041749,6134,,,,,,,,,,,,,,,,,,,,,,,,,,,,,,,,,,,,,,15.724769772352197,15.22004969571387,17.28138455246125,17.365399914562456,17.003730132616955,16.636350742273148,16.422580397387772,16.37380175461233,16.308774684084703,16.14212503557129,15.941228053237378,,15.22004969571387,16.636350742273148,,,16.40183588498849,#000000,1.7472294262345238,16.58752331215739,-0.022948142158869558,59.46168595057098,4.451498220825918,True,False,True,False,False,1.8264488647829147,0.0,0.0,0.0,0.0,0,0.8755658634349418,0.9379434108777692,False,False,False,False,0.13407246865214964,0.04826167953733225,False,False,False,False,-70392,-58984.40258875709,False,False,False,False,5342.022949771526,False,False,False,False
2023-11-14 00:00:00+00:00,17.4941710155,17.4941710155,16.7203112153,17.1237062175,5121,,,,,,,,,,,,,,,,,,,,,,,,,,,,,,,,,,,,,,15.885951861172057,15.2824577989518,17.28098252440832,17.364739789978895,17.004727992085176,16.638532306109543,16.425196974175268,16.376485535374535,16.311564321573332,16.145005165267637,15.944331714290511,,15.2824577989518,16.638532306109543,,,16.423634180307918,"rgba(38, 166, 154, 0.5)",1.7363237308975745,16.60462312645137,0.5123168411623273,62.116535251746654,6.252204156841572,True,False,True,False,True,5.595826355631672,0.0,0.0,0.0,0.0,0,0.8873310034301808,0.9292859081480317,False,False,False,False,0.23961468347917914,0.14393818150825569,False,False,False,False,-65271,-59230.93582057054,False,False,False,False,5333.35538311382,False,False,False,False
2023-11-15 00:00:00+00:00,17.9057985688,18.1033797944,17.3295199942,17.4941710155,8641,,,,,,,,,,,,,,,,,,,,,,,,,,,,,,,,,,,,,,16.1747295393875,15.40640879299876,17.28836003710074,17.36828604726551,17.01029928250145,16.6454915776193,16.432506658175605,16.383814583557484,16.318977384533632,16.152233586542884,15.95172361246515,,15.40640879299876,16.6454915776193,,,16.466621009286182,"rgba(38, 166, 154, 0.5)",1.7257486575043974,16.64031270419108,0.7332967400009108,64.74778320089138,8.784810317376305,True,False,True,False,True,7.146546908954374,0.0,0.0,0.0,0.0,0,0.9144123680118038,0.8994259282315102,False,False,False,False,0.3428282308017089,0.24338320615498227,False,False,False,False,-56630,-59128.93833741092,False,False,False,False,5463.0669367171995,False,False,False,False
2023-11-16 00:00:00+00:00,17.3542176474,18.2090034246,16.5144974386,18.1116123454,9707,,,,,,,,,,,,,,,,,,,,,,,,,,,,,,,,,,,,,,16.347973647660393,15.509550062870348,17.289518957966497,17.368199996084456,17.013095191545542,16.650348551009543,16.438091514236195,16.389504932058674,16.324845224162477,16.15820009987756,15.958063450518496,,15.509550062870348,16.650348551009543,,,16.49521742072638,#000000,1.7237268279910107,16.66445052231258,0.40016034668981476,64.05883391334112,8.784810317376305,True,False,True,False,True,4.711280578830891,0.0,0.0,0.0,0.0,0,0.9147865454390585,0.883697063972887,False,False,False,False,0.26114220918980846,0.25226270767239534,False,False,False,False,-66337,-59411.60742221833,False,False,False,False,5629.495684296918,False,False,False,False
2023-11-17 00:00:00+00:00,17.5353337708,18.0375193858,17.2883572388,17.4530082602,10212,,,,,,,,,,,,,,,,,,,,,,,,,,,,,,,,,,,,,,16.51765089522877,15.620663645055448,17.295114326314735,17.370698768117567,17.018171657445354,16.657243720787676,16.445540044516132,16.397013132177875,16.332487955645103,16.16576480699431,15.965903474713677,,15.620663645055448,16.657243720787676,,,16.526022947908785,#000000,1.7198173133974497,16.69141662287712,0.4907016235670673,64.05278055107146,8.784810317376305,True,False,True,False,True,5.402589301610416,0.0,0.0,0.0,0.0,0,0.9677189247600266,0.8984727443077374,False,False,False,False,0.33024398251534676,0.291253345093871,False,False,False,False,-56125,-59282.72085664114,False,False,False,False,5809.201735893117,False,False,False,False
2023-11-20 00:00:00+00:00,18.2597982646,18.3973641929,17.2252958977,17.4036129538,6408,,,,,,,,,,,,,,,,,,,,,,,,,,,,,,,,,,,,,,16.62908523122608,15.695489592169293,17.302104077967094,17.374344934011038,17.023090256364974,16.66303219159791,16.45150667925483,16.40297591674412,16.338493349744965,16.17157333542136,15.971789884329784,,15.695489592169293,16.66303219159791,,,16.547589586257406,"rgba(38, 166, 154, 0.5)",1.727094264366787,16.71081463066036,0.8968726640450938,65.70486292649319,10.127836738953789,True,False,True,False,True,8.08867551692315,0.0,0.0,0.0,0.0,0,0.9544701352969365,0.8536952170650409,False,False,False,False,0.34282823149504354,0.31704078829445725,False,False,False,False,-49717,-58907.59454853757,False,False,False,False,5832.6840207600535,False,False,False,False
2023-11-21 00:00:00+00:00,17.68351969,18.2186355093,17.6687010981,18.2186355093,2158,,,,,,,,,,,,,,,,,,,,,,,,,,,,,,,,,,,,,,16.660204785654823,15.718516339451801,17.3040590920002,17.375347044392363,17.02455294713464,16.664814910028845,16.453367926768582,16.404840557058083,16.340376962222606,16.173407937560555,15.973661308315311,,15.718516339451801,16.664814910028845,,,16.553922710053442,"rgba(38, 166, 154, 0.5)",1.7235017260775252,16.71654758926523,0.5610508455570159,64.32524026345305,10.127836738953789,True,False,True,False,True,5.5648362862669885,0.0,0.0,0.0,0.0,0,0.9718073470609353,0.8439234259106828,False,False,False,False,0.342828232396779,0.32993451034561816,False,False,False,False,-51875,-58631.806527026296,False,False,False,False,5688.578765043973,False,False,False,False
2023-11-22 00:00:00+00:00,18.1033797944,18.1033797944,17.5764965261,18.0869146922,3604,,,,,,,,,,,,,,,,,,,,,,,,,,,,,,,,,,,,,,16.711677335806744,15.757135369663029,17.30770773942061,17.37725605916404,17.027191129741936,16.667956438426945,16.456621605494686,16.408095299441634,16.343658690902,16.17659142909817,15.976895621814185,,15.757135369663029,16.667956438426945,,,16.564616974452182,"rgba(38, 166, 154, 0.5)",1.725636218194587,16.726291207423763,0.7980178976638467,64.42478226955137,10.127836738953789,True,False,True,False,True,7.098206962426257,0.0,0.0,0.0,0.0,0,0.9856572948310244,0.8520435301894673,False,False,False,False,0.3201552684207635,0.3250448893831908,False,False,False,False,-48271,-58225.50038871154,False,False,False,False,5606.830578179503,False,False,False,False
2023-11-24 00:00:00+00:00,18.2597982646,18.2597982646,17.7164498943,17.8358218847,7146,,,,,,,,,,,,,,,,,,,,,,,,,,,,,,,,,,,,,,16.81354304942763,15.834906250558813,17.31654811360588,17.38202966010611,17.03324589269311,16.67488021940252,16.463688248296208,16.415144709366285,16.35074190002149,16.183410709754536,15.983770757522496,,15.834906250558813,16.67488021940252,,,16.58653722825046,"rgba(38, 166, 154, 0.5)",1.7201349959977839,16.74649204294118,0.8797601497439501,64.86347933140769,10.127836738953789,True,False,True,False,True,7.663502505817338,0.0,0.0,0.0,0.0,0,1.0167043075919286,0.8259749917485125,False,False,False,False,0.3428282326839818,0.3339365610335863,False,False,False,False,-41125,-57554.8925303307,False,False,False,False,5667.190163348934,False,False,False,False
2023-11-27 00:00:00+00:00,19.3876577607,20.5483651355,18.0951472433,18.0951472433,12443,,,,,,,,,,,,,,,,,,,,,,,,,,,,,,,,,,,,,,17.104137786839832,16.02829925610704,17.35623055179933,17.405003905827446,17.056182152506075,16.697494885141158,16.485371472813938,16.43650579569895,16.371867765484176,16.203017060044235,16.00279999032007,,16.02829925610704,16.697494885141158,,,16.64971914750748,"rgba(38, 166, 154, 1.0)",1.737843043588642,16.959687481667896,1.3971171263075362,67.44310700275575,12.649761952282873,True,False,True,False,True,11.55007120580628,0.0,0.0,0.0,0.0,0,1.0299107224042212,0.7508071868969424,False,False,False,False,0.3428282387958588,0.3383823999147225,False,False,False,False,-28682,-56422.62223502361,False,False,False,False,5932.90819615878,False,False,False,False
2023-11-28 00:00:00+00:00,19.4452856182,20.3906294571,19.4452856182,19.7498900076,4426,,,,,,,,,,,,,,,,,,,,,,,,,,,,,,,,,,,,,,17.20839454489271,16.100060139377515,17.37285491359524,17.414775264255432,17.06569735538599,16.70669895654825,16.494118611588437,16.445107304850538,16.380354085760167,16.210850027763303,16.010354581869038,,16.100060139377515,16.70669895654825,,,16.673569616898785,"rgba(38, 166, 154, 1.0)",1.750318830581084,16.987630808752805,1.404118362042237,69.26451704430475,14.531736049497113,True,False,True,False,True,11.740438964783436,0.0,0.0,0.0,0.0,0,1.0760798639466946,0.750764266747777,False,False,False,False,0.3428282405403825,0.3406053202275525,False,False,False,False,-24256,-55161.186068944255,False,False,False,False,5873.813757093731,False,False,False,False
2023-11-29 00:00:00+00:00,19.7581225587,19.7581225587,19.420587965,19.675797048,1513,,,,,,,,,,,,,,,,,,,,,,,,,,,,,,,,,,,,,,17.240662140322616,16.123212771224484,17.378214544137983,17.41793441692669,17.0687968220175,16.709714840434277,16.496993350097053,16.447936020376943,16.383147150468275,16.21343343552773,16.012851271799192,,16.123212771224484,16.709714840434277,,,16.681172433030248,"rgba(0, 255, 255, 0.75)",1.7782309157936564,16.995614758796485,1.5535146618854934,71.04166369192752,16.33431165388572,True,False,True,False,True,12.77460296409609,0.0,0.0,0.0,0.0,0,1.0758396867106517,0.7606786873435419,False,False,False,False,0.2978120741797558,0.3192086972036542,False,False,False,False,-22743,-53889.88465447585,False,False,False,False,5702.801452893977,False,False,False,False
2023-11-30 00:00:00+00:00,19.552308782,20.3324043018,19.552308782,19.8851140379,3251,,,,,,,,,,,,,,,,,,,,,,,,,,,,,,,,,,,,,,17.311797397224822,16.174259401100134,17.390486338503894,17.425198142014292,17.075860844546252,16.716541038777883,16.503478779793106,16.45431326694402,16.3894383892944,16.21924032846196,16.01845003886841,,16.174259401100134,16.716541038777883,,,16.698096724139017,"rgba(38, 166, 154, 1.0)",1.7941934993284474,17.01425415207362,1.4145935936543945,71.15327125940983,16.585037367333044,True,False,True,False,True,11.821758195001753,0.0,0.0,0.0,0.0,0,1.0805193079550883,0.7483418383508343,False,False,False,False,0.3428282405823829,0.33101846889301856,False,False,False,False,-25994,-52795.92839351601,False,False,False,False,5606.6523763098985,False,False,False,False
2023-12-01 00:00:00+00:00,18.146206576,19.4345789228,18.021404605,19.4345789228,18311,,,,,,,,,,,,,,,,,,,,,,,,,,,,,,,,,,,,,,17.476555549694574,16.344876041851467,17.422062916064483,17.443826624483762,17.096705758336906,16.738788251659866,16.52560804524253,16.47628271585413,16.411372799802223,16.24008797428909,16.039157006824205,,16.344876041851467,16.738788251659866,,,16.74684760764575,"rgba(38, 166, 154, 0.5)",1.7577108519318243,17.03819013060302,0.6303746968275286,65.40077327680468,20.224876791287386,True,False,True,False,False,5.713520317511701,0.0,0.0,0.0,0.0,0,1.037295383189953,0.7795878542952817,False,False,False,False,0.18230323756453598,0.2566608532287773,False,False,False,False,-44305,-52462.95080945656,False,False,False,False,6104.862087042844,False,False,False,False
2023-12-04 00:00:00+00:00,18.2959689411,19.8268731181,17.7385201376,18.6870151168,7456,,,,,,,,,,,,,,,,,,,,,,,,,,,,,,,,,,,,,,17.536074641752265,16.409953404748528,17.43538697085505,17.451820747261362,17.105523731169043,16.748120214086935,16.5348628855838,16.485465984737402,16.420534482565078,16.24878532714367,16.047779865181326,,16.409953404748528,16.748120214086935,,,16.76584620500768,"rgba(38, 166, 154, 0.5)",1.7072994674399782,17.052951110271035,0.7280608086247554,61.99443747625636,17.14608666983102,True,False,True,False,False,6.239280271782885,0.0,0.0,0.0,0.0,0,1.018299097243714,0.7796086661510537,False,False,False,False,0.18928197080237896,0.22297141201557813,False,False,False,False,-36849,-51850.63901300728,False,False,False,False,6157.847887550967,False,False,False,False
2023-12-05 00:00:00+00:00,17.8550019771,19.0115002412,17.8550019771,18.5622131458,5081,,,,,,,,,,,,,,,,,,,,,,,,,,,,,,,,,,,,,,17.560196764646935,16.444946329258894,17.441441224307376,17.455455460957435,17.10998210820428,16.75314697525764,16.539982550889544,16.490573401374665,16.425663623857893,16.253732237500838,16.052760130961936,,16.444946329258894,16.75314697525764,,,16.77526189156522,#000000,1.628100587338272,17.058350575500544,0.4893133801406423,58.19948077629634,13.751737272193338,True,False,True,False,False,4.428390323834872,0.0,0.0,0.0,0.0,0,1.0299071210850637,0.8067200694433844,False,False,False,False,0.14469358879086985,0.183832500403224,False,False,False,False,-41930,-51461.59434583053,False,False,False,False,6115.6185586274,False,False,False,False
2023-12-06 00:00:00+00:00,18.1545267074,18.9116586645,17.8217214515,17.8217214515,17657,,,,,,,,,,,,,,,,,,,,,,,,,,,,,,,,,,,,,,17.638442491874454,16.560250774628745,17.463202967589574,17.468704401528893,17.125953718729367,16.770996969099276,16.55811000523249,16.508648700714666,16.44380326633092,16.271208476972397,16.07032690745455,,16.560250774628745,16.770996969099276,,,16.807240789105027,"rgba(38, 166, 154, 0.5)",1.529349487620726,17.08131283077373,0.7017453402988442,56.62931542914998,12.436389205702554,True,False,True,False,False,5.502127661490849,0.0,0.0,0.0,0.0,0,1.025900981294842,0.8231898365794376,False,False,False,False,0.13631290564390627,0.16007270302356513,False,False,False,False,-24273,-50395.37495971953,False,False,False,False,6568.221752406717,False,False,False,False
2023-12-07 00:00:00+00:00,19.3443054971,19.3443054971,18.2127676272,18.6953352482,7231,,,,,,,,,,,,,,,,,,,,,,,,,,,,,,,,,,,,,,17.693893139693625,16.62012354498993,17.47872572164501,17.478315156329643,17.136052202812454,16.781353366972866,16.568251563095696,16.518687547033835,16.45378598748116,16.280623267776953,16.07958734816771,,16.62012354498993,16.781353366972866,,,16.826308985999898,"rgba(0, 255, 255, 0.75)",1.4943999047278844,17.100811283642457,1.501267636835175,58.730074387362116,12.436389205702554,True,False,True,False,False,9.539114807737704,0.0,0.0,0.0,0.0,1,1.0329489465588038,0.8136908678719031,False,False,False,False,0.18852176370588922,0.1742972333647272,False,False,False,False,-17042,-49087.399471103075,False,False,False,False,6594.213056233905,False,False,False,False
2023-12-08 00:00:00+00:00,19.1612626064,19.5023879936,18.8866982703,19.3151850372,4894,,,,,,,,,,,,,,,,,,,,,,,,,,,,,,,,,,,,,,17.734810794786924,16.662565389058358,17.49055176495706,17.485685138897654,17.143624371420422,16.78899564670805,16.575681745696667,16.526031722195683,16.4610753498336,16.287468141232836,16.0862883952021,,16.662565389058358,16.78899564670805,,,16.840252587271763,"rgba(38, 166, 154, 1.0)",1.5234655112812021,17.1156126406763,1.3427609293257665,59.43380553508329,12.436389205702554,True,False,True,False,False,8.775170419117742,0.0,0.0,0.0,0.0,1,1.0359142225183113,0.8172167338586861,False,False,False,False,0.24231174519355603,0.2083044892791416,False,False,False,False,-21936,-48022.63870753041,False,False,False,False,6527.5380344208115,False,False,False,False
2023-12-11 00:00:00+00:00,19.3359853657,19.7020711472,19.3027048401,19.3027048401,5122,,,,,,,,,,,,,,,,,,,,,,,,,,,,,,,,,,,,,,17.782657422710688,16.70999278912442,17.504653415988752,17.494517015646007,17.152505449873345,16.79781642984721,16.584194112792158,16.534432593273248,16.46939703344808,16.295246022750405,16.093864685538577,,16.70999278912442,16.79781642984721,,,16.8562979064539,"rgba(38, 166, 154, 1.0)",1.5584099712714767,17.133197455129324,1.4134842250614357,60.342858739775956,12.436389205702554,True,False,True,False,True,9.352986416156739,0.0,0.0,0.0,0.0,1,1.0500691631935215,0.8103108722692879,False,False,False,False,0.2830042820321272,0.2456543856556344,False,False,False,False,-16814,-46798.770522921375,False,False,False,False,6472.418895816074,False,False,False,False
2023-12-12 00:00:00+00:00,19.1363022122,19.4483071396,19.1363022122,19.2111833948,6148,,,,,,,,,,,,,,,,,,,,,,,,,,,,,,,,,,,,,,17.829965717403528,16.760689882583918,17.519541351498134,17.50390273657817,17.162123641563518,16.80750733905344,16.59361254509528,16.543741828540565,16.4786357087048,16.303922755548754,16.102356014158296,,16.760689882583918,16.80750733905344,,,16.87327268370258,"rgba(38, 166, 154, 1.0)",1.5857111662135674,17.1511364841876,1.251908777783705,60.10671197159059,12.436389205702554,True,False,True,False,True,8.503339612199802,0.0,0.0,0.0,0.0,1,1.0469757929273849,0.8182162041040903,False,False,False,False,0.2551433104622391,0.25039884805893675,False,False,False,False,-22962,-45863.995208297005,False,False,False,False,6459.696586176228,False,False,False,False
2023-12-13 00:00:00+00:00,17.1061901514,19.1528592737,17.0354690345,18.7202956424,61286,,,,,,,,,,,,,,,,,,,,,,,,,,,,,,,,,,,,,17.764839486533333,17.814046006714502,16.927857667846506,17.538863766820715,17.51717565506686,17.188587008044546,16.843930393860525,16.633599183313855,16.584231117630484,16.520009492628258,16.345604335544255,16.14590841349641,,16.927857667846506,16.843930393860525,,,16.985387710625023,#000000,1.5794015622689017,17.232147156198614,-0.07974982918066129,53.737327452567285,9.72180288356769,False,False,False,False,False,0.6032677579503627,0.0,0.0,0.0,0.0,0,0.9878423664397449,0.8262613912031613,False,False,False,False,0.1021841247700662,0.17629148641450149,False,False,False,False,-84248,-47369.25029816771,False,False,False,False,8609.747700443828,False,False,False,False
2023-12-14 00:00:00+00:00,18.3126092039,18.3126092039,17.2892330421,17.4556356701,9293,,,,,,,,,,,,,,,,,,,,,,,,,,,,,,,,,,,,,17.792047944567866,17.819673002578398,16.953553741801475,17.543970131741297,17.520652933742983,17.19376486235087,16.850398054463522,16.640489587094766,16.59117115621374,16.527054903005073,16.35260802529177,16.153131576662712,,16.953553741801475,16.850398054463522,,,16.994876326626205,"rgba(38, 166, 154, 0.5)",1.5880493189566192,17.239278190370932,0.6758801510234378,52.82716017432073,8.883773686778682,False,False,False,False,False,4.639781858640379,0.0,0.0,0.0,0.0,1,0.9834060656668078,0.855425431911366,False,False,False,False,0.06572186311788887,0.12100667476619517,False,False,False,False,-74955,-48451.044404121916,False,False,False,False,8636.54190826956,False,False,False,False
2023-12-15 00:00:00+00:00,17.0479492316,18.3596179463,17.0479492316,18.1628468388,25368,,,,,,,,,,,,,,,,,,,,,,,,,,,,,,,,,,,,,17.710911218051503,17.789938237791198,16.98703494677052,17.542134754107252,17.519926774254493,17.198932655607965,16.86018420777723,16.652200387285237,16.603215518813577,16.5395842696988,16.365771016104592,16.167365013947663,,16.98703494677052,16.86018420777723,,,16.994766583350835,#000000,1.5818803673950497,17.234255835494437,-0.11777540687304681,49.438835132909006,5.659665691150735,False,False,False,False,False,0.2712904557973346,0.0,0.0,0.0,0.0,0,0.9755638847944743,0.8610730219763261,False,False,False,False,0.05368673083924137,0.08734670280271828,False,False,False,False,-100323,-50485.23874121517,False,False,False,False,9292.67751970997,False,False,False,False
2023-12-18 00:00:00+00:00,17.8633221085,18.4290078422,17.4307584772,17.5970779038,6127,,,,,,,,,,,,,,,,,,,,,,,,,,,,,,,,,,,,,17.72272324886163,17.792413341676454,17.000829453675372,17.544870167311593,17.52183413271572,17.201955470412447,16.86407017699809,16.656390426897246,16.607446433257902,16.543891758939854,16.370087193955964,16.171844895178374,,17.000829453675372,16.86407017699809,,,16.999863058323385,#000000,1.586599804525884,17.238201482451185,0.39400019101579126,49.166962294853604,5.351687689220853,False,True,False,False,False,2.874138700985391,0.0,0.0,0.0,0.0,0,0.9849431560778785,0.8564253267588869,False,False,False,False,0.08173000496790485,0.08453835388531156,False,False,False,False,-94196,-52199.38624155968,False,False,False,False,9168.533303250755,False,False,False,False
2023-12-19 00:00:00+00:00,18.6786949854,19.111341818,18.187807233,18.187807233,7825,,,,,,,,,,,,,,,,,,,,,,,,,,,,,,,,,,,,,17.78940781474425,17.81507483498201,17.03196910174391,17.555419231012994,17.528934925675802,17.209850326568468,16.872535424141404,16.664891025385625,16.6159105230946,16.552363771695568,16.378241843816877,16.1799956466882,,17.03196910174391,16.872535424141404,,,17.01621620579581,"rgba(38, 166, 154, 0.5)",1.6018538773653739,17.25330187195747,0.8898396623960022,50.743205223381054,5.351687689220853,False,False,False,False,False,5.349615211347448,0.0,0.0,0.0,0.0,0,1.008752521998132,0.8213632239086488,False,False,False,False,0.17207712495031174,0.12830773941781165,False,False,False,False,-86371,-53539.4495262044,False,False,False,False,9115.845722731117,False,False,False,False
2023-12-20 00:00:00+00:00,19.8851140379,19.8851140379,18.9615794529,18.9615794529,8299,,,,,,,,,,,,,,,,,,,,,,,,,,,,,,,,,,,,,17.914938377351046,17.862614235940455,17.081665830148506,17.575515732424336,17.542407540738147,17.22337466284112,16.88599475603043,16.677941638193182,16.628810067639026,16.565157840377008,16.390282339841836,16.191761161195927,,17.081665830148506,16.88599475603043,,,17.04503868189342,"rgba(0, 255, 255, 0.75)",1.6459559317077979,17.281272035721123,1.5819633758220988,53.99352483320328,5.351687689220853,False,False,True,False,True,8.780976296260153,0.0,0.0,0.0,0.0,1,1.0203279515060901,0.7916019073570585,False,False,False,False,0.27247382198504444,0.20039078070142805,False,False,False,False,-78072,-54501.510329098346,False,False,False,False,9083.812557133819,False,False,False,False
2023-12-21 00:00:00+00:00,20.2678400821,20.2761602135,19.4607873367,19.5855893076,6564,,,,,,,,,,,,,,,,,,,,,,,,,,,,,,,,,,,,,18.024721963944238,17.907301164617056,17.126072531623624,17.594439977490705,17.555134721336444,17.235871283845924,16.898209311480468,16.6896799395152,16.640390405699993,16.576615548881577,16.40100107366154,16.202168539935492,,17.126072531623624,16.898209311480468,,,17.070967205169357,"rgba(0, 255, 255, 0.75)",1.7016778867753488,17.306873896558535,1.7400274214954083,56.786813952768426,0.5125035361031252,False,False,True,False,True,9.820460615453886,0.0,0.0,0.0,0.0,0,1.0256737004228336,0.7912576607891837,False,False,False,False,0.3326263962089363,0.26650858845518216,False,False,False,False,-71508,-55168.43149266312,False,False,False,False,8984.99637842269,False,False,False,False
2023-12-22 00:00:00+00:00,20.3760017903,20.7254473089,20.0598367972,20.7254473089,5259,,,,,,,,,,,,,,,,,,,,,,,,,,,,,,,,,,,,,18.120273616123555,17.94812506985344,17.1653284172019,17.61178439266189,17.566828777272505,17.24718687781531,16.909133651295857,16.700112600956686,16.650668758544995,16.586767392540267,16.410457540859852,16.211307740725175,,17.1653284172019,16.909133651295857,,,17.093997902987617,"rgba(0, 255, 255, 0.75)",1.7604765769656048,17.329878818375466,1.7302831584245757,58.83177258470445,2.4920863096220884,True,False,True,False,True,10.114187945935516,0.0,0.0,0.0,0.0,0,1.0368535438256283,0.7872066971415632,False,False,False,False,0.34282824163734765,0.3046684150462649,False,False,False,False,-66249,-55602.96359099006,False,False,False,False,8838.878873386506,False,False,False,False
2023-12-26 00:00:00+00:00,20.7587278345,20.8003284915,19.7603952682,19.7686321983,5468,,,,,,,,,,,,,,,,,,,,,,,,,,,,,,,,,,,,,18.213884642155666,17.990057282365083,17.20580629758696,17.629929378786457,17.579110988363514,17.259062424213035,16.92059091610424,16.711051843783135,16.66144591040167,16.59741112276136,16.420372086069833,16.220887354413502,,17.20580629758696,16.92059091610424,,,17.117467520583705,"rgba(0, 255, 255, 0.75)",1.8276504691599231,17.353470665734843,1.863188408410706,60.85846640391655,4.480591472084733,True,False,True,False,True,11.15305881956705,0.0,0.0,0.0,0.0,0,1.030390310473602,0.7882876370559858,False,False,False,False,0.32854766654824025,0.3166080407972526,False,False,False,False,-60781,-55806.02384232378,False,False,False,False,8706.687545018407,False,False,False,False
2023-12-27 00:00:00+00:00,20.7920083601,20.8003284915,20.0015958774,20.1060967278,4370,,,,,,,,,,,,,,,,,,,,,,,,,,,,,,,,,,,,,18.286294374736503,18.023782303095526,17.23833863449337,17.644730980574394,17.589163164515497,17.268761158050555,16.929930855178206,16.719961923966984,16.67022248527354,16.606076903954982,16.42844030205119,16.228677542825196,,17.23833863449337,16.929930855178206,,,17.13619838572633,"rgba(0, 255, 255, 0.75)",1.8909667372036794,17.372405000772915,1.8083889536755784,62.269337510066386,5.924533278085839,True,False,True,False,True,11.243634470142986,0.0,0.0,0.0,0.0,0,1.0347816845367264,0.7996997211358644,False,False,False,False,0.3428282416556632,0.32971814122645793,False,False,False,False,-56411,-55829.74839752677,False,False,False,False,8536.621366782392,False,False,False,False
2023-12-28 00:00:00+00:00,21.3577772951,21.3577772951,20.5959860644,20.6755265206,6776,,,,,,,,,,,,,,,,,,,,,,,,,,,,,,,,,,,,,18.41649341186026,18.085884924927857,17.296097417393163,17.671879055706853,17.607622056950103,17.28630579743619,16.94660514982018,16.735758833896263,16.685759069771546,16.621387522908055,16.442625265270852,16.24230121999806,,17.296097417393163,16.94660514982018,,,17.169893310494952,"rgba(0, 255, 0, 1.0)",1.9670412913163724,17.40676016648046,2.008609146163608,64.22447745723187,7.915955222105929,True,False,True,False,True,12.774932034159054,0.0,0.0,0.0,0.0,0,1.0478157000795827,0.7845361657202806,False,False,False,False,0.3428282428073752,0.3362731920169166,False,False,False,False,-49635,-55586.817087819836,False,False,False,False,8467.577391614455,False,False,False,False
2023-12-29 00:00:00+00:00,21.0332921706,21.4076980835,20.3690960812,21.4076980835,8363,,,,,,,,,,,,,,,,,,,,,,,,,,,,,,,,,,,,,18.5524722606453,18.15510498944119,17.362020377390113,17.703200002441417,17.629062090052383,17.306800992983383,16.966181834790632,16.754359163564406,16.704065163725264,16.639441596779037,16.459390675605494,16.258436540285825,,17.362020377390113,16.966181834790632,,,17.207544640642038,"rgba(0, 255, 255, 0.75)",2.024362627290872,17.445357734748374,1.772377333725639,64.34376391355052,8.225733700300552,True,False,True,False,True,11.558258203244623,0.0,0.0,0.0,0.0,0,1.04258214288762,0.7877296236195546,False,False,False,False,0.33259127398644106,0.3344322330016788,False,False,False,False,-57998,-55681.373280454354,False,False,False,False,8463.476317433497,False,False,False,False
2024-01-02 00:00:00+00:00,21.6323416312,21.6323416312,21.0332921706,21.083212959,12660,,,,,,,,,,,,,,,,,,,,,,,,,,,,,,,,,,,,,18.769957602874662,18.27130555389851,17.470626316500606,17.756586536893497,17.66578647696954,17.34157246380671,16.99911090063806,16.78550736088602,16.734691332135704,16.669607771238624,16.487318819372447,16.285219639901467,,17.470626316500606,16.99911090063806,,,17.269774231259657,"rgba(0, 255, 255, 0.75)",2.091743406554856,17.509744718130186,1.9708903588035274,65.55362186686052,9.63700156750555,True,False,True,False,True,13.172712199902694,0.0,0.0,0.0,0.0,0,1.0615131985510744,0.7760669568526206,False,False,False,False,0.34282824342070545,0.3386302382111921,False,False,False,False,-45338,-55275.75079886791,False,False,False,False,8628.045873612575,False,False,False,False
2024-01-03 00:00:00+00:00,20.5424044182,21.5491403172,20.3676816589,21.5491403172,8935,,,,,,,,,,,,,,,,,,,,,,,,,,,,,,,,,,,,,18.873669668260447,18.33351552655125,17.532524847878566,17.787223819113244,17.6871330020759,17.362138231681797,17.0188877191998,16.80437558216868,16.753279574714128,16.687960109738096,16.504421890704503,16.301724981232667,,17.532524847878566,17.0188877191998,,,17.30390457944326,"rgba(38, 166, 154, 1.0)",2.123884049633276,17.545209775438128,1.411185626296025,62.7166897088803,9.63700156750555,True,False,True,False,False,9.194857931620277,0.0,0.0,0.0,0.0,0,1.04215137055577,0.7855216153633341,False,False,False,False,0.3021928319714302,0.32041153509131115,False,False,False,False,-54273,-55236.427238127995,False,False,False,False,8640.08329033365,False,False,False,False
2024-01-04 00:00:00+00:00,20.475843367,21.0082485751,20.1676657001,20.6172856008,13266,,,,,,,,,,,,,,,,,,,,,,,,,,,,,,,,,,,,,18.99084067661225,18.411059708741032,17.613130752478153,17.82765929401389,17.715621181591107,17.38988567083115,17.045823238625175,16.830210199067626,16.7787618223773,16.713155160509178,16.52799919080532,16.32456361742025,,17.613130752478153,17.045823238625175,,,17.347392542756037,"rgba(38, 166, 154, 1.0)",2.1428779018880557,17.59055554420318,1.3464546067952066,60.62220011518866,9.63700156750555,True,False,True,False,False,8.95882443866875,0.0,0.0,0.0,0.0,0,1.035966773947844,0.7997062502653396,False,False,False,False,0.26291858054464795,0.2916650578179796,False,False,False,False,-67539,-55718.8810719269,False,False,False,False,8821.491788751939,False,False,False,False
2024-01-05 00:00:00+00:00,19.8518335123,20.8502492799,19.8518335123,20.550558147,6111,,,,,,,,,,,,,,,,,,,,,,,,,,,,,,,,,,,,,19.02806729363266,18.439182027454446,17.64438352034069,17.843440321466804,17.726884991678826,17.401044582206513,17.05681220211257,16.840832613854896,16.789257800156058,16.723554770063142,16.537788247506086,16.334097980185707,,17.64438352034069,17.05681220211257,,,17.36377886255487,"rgba(38, 166, 154, 1.0)",2.1464825137794787,17.607659981284662,1.0455121421249538,57.35854616033091,13.25850506292037,False,False,True,False,False,6.765989401991533,0.0,0.0,0.0,0.0,0,1.0338976368059996,0.8002748862289557,False,False,False,False,0.23708669567471122,0.2643758767463454,False,False,False,False,-73650,-56422.06220636114,False,False,False,False,8715.197993114609,False,False,False,False
2024-01-08 00:00:00+00:00,20.1846387682,20.559044681,19.2943847087,20.2095991623,13575,,,,,,,,,,,,,,,,,,,,,,,,,,,,,,,,,,,,,19.091854284032973,18.49272012480842,17.706641703289893,17.875231353439236,17.749817348282257,17.424005275365623,17.079622995231713,16.862989130722855,16.811174593721667,16.74529832681742,16.558330765014514,16.35417173527922,,17.706641703289893,17.079622995231713,,,17.395988136333813,"rgba(38, 166, 154, 1.0)",2.1600688698240953,17.641299587365417,1.1774343014543323,56.08472890112856,11.986785484326198,False,False,True,False,False,7.722266200710994,0.0,0.0,0.0,0.0,0,1.021523454483429,0.8130192449650918,False,False,False,False,0.18997089007719353,0.22717338341176946,False,False,False,False,-60075,-56565.31466885678,False,False,False,False,8905.77846397286,False,False,False,False
2024-01-09 00:00:00+00:00,19.9183945635,20.7004869147,19.7811123954,20.7004869147,13870,,,,,,,,,,,,,,,,,,,,,,,,,,,,,,,,,,,,,19.156511026370804,18.547838333525622,17.770116094506935,17.908544845508885,17.774001722631287,17.448125705546897,17.103512507161305,16.88616463121019,16.834094281545894,16.768028861925124,16.579794664770027,16.375125604911773,,17.770116094506935,17.103512507161305,,,17.42932152330123,"rgba(38, 166, 154, 1.0)",2.165910949100796,17.676210930548894,1.0352150599183114,54.41120285282757,10.290230646494933,False,True,True,False,False,6.786583290890107,0.0,0.0,0.0,0.0,0,1.0307528236903238,0.817455469918305,False,False,False,False,0.22142146725527384,0.22429742533352165,False,False,False,False,-73945,-57246.8709563526,False,False,False,False,9100.453818326865,False,False,False,False
2024-01-10 00:00:00+00:00,19.4940678622,19.8684737751,19.3027048401,19.552308782,5098,,,,,,,,,,,,,,,,,,,,,,,,,,,,,,,,,,,,,19.16540293026609,18.560124528109448,17.787113485052895,17.917425057711185,17.78061942776513,17.454997717549357,17.110541617205943,16.893098325862418,16.840976662049584,16.77488470776419,16.58634596494187,16.381593000089467,,17.787113485052895,17.110541617205943,,,17.437760285363964,"rgba(38, 166, 154, 0.5)",2.1637957615642764,17.684991321501457,0.8360662188332905,52.02040218413838,7.919364824309724,False,True,False,False,False,5.309291814644585,0.0,0.0,0.0,0.0,0,1.0210403558507313,0.8390344667115112,False,False,False,False,0.14729806287911465,0.18579774410631816,False,False,False,False,-79043,-58101.62111492701,False,False,False,False,8943.494845059146,False,False,False,False
2024-01-11 00:00:00+00:00,19.3443054971,20.0099160088,19.1695827378,20.0099160088,6244,,,,,,,,,,,,,,,,,,,,,,,,,,,,,,,,,,,,,19.174513494250576,18.574076221613424,17.8069522755486,17.927862444802827,17.788444469579957,17.463166091136063,17.118931115291765,16.901392199991708,16.849213262156347,16.783094268406884,16.594203947308873,16.38936132262643,,17.8069522755486,17.118931115291765,,,17.447600926059454,"rgba(38, 166, 154, 0.5)",2.152181176340145,17.695217156653936,0.7662404813196966,49.981517698328986,5.90037094905189,False,True,False,False,False,4.790240668172178,0.0,0.0,0.0,0.0,0,1.0183100632591946,0.8463187725449277,False,False,False,False,0.14774517290800582,0.166771458507162,False,False,False,False,-85287,-59167.71440453772,False,False,False,False,8837.63230211565,False,False,False,False
2024-01-12 00:00:00+00:00,24.6275889339,25.3764007596,19.8601536437,19.8601536437,88049,,,,,,,,,,,,,,,,,,,,,,,,,,,,,,,,,,,,,20.29652665461244,19.38436773111725,18.573411650903775,18.38186732625742,18.118673002368585,17.77262318904886,17.409040803120547,17.174821420862884,17.117925292200407,17.047433256307198,16.83880711591197,16.622901714049004,,18.573411650903775,17.409040803120547,,,17.894866596396692,"rgba(0, 255, 0, 1.0)",2.290047811697897,18.17310798732796,2.818491785892685,58.054180069424135,1.6132046207470196,False,False,True,False,True,18.04201718739444,0.0,0.0,0.0,0.0,0,1.0142432182728016,0.7546432072296011,False,False,False,False,0.34282824461955536,0.25479985156335866,False,False,False,False,2762,-56739.09815337938,False,True,False,False,11943.960447130721,False,False,False,False
2024-01-16 00:00:00+00:00,21.9069059673,25.5012027306,20.2428796879,24.7523909049,33077,,,,,,,,,,,,,,,,,,,,,,,,,,,,,,,,,,,,,20.506002902305507,19.576405177813374,18.771899894168662,18.51041223165452,18.21643349860286,17.86611040395656,17.498290676753356,17.25990844779053,17.201778117666848,17.130176070625414,16.916149736733946,16.697336388361602,,18.771899894168662,17.498290676753356,,,18.012575295536102,"rgba(38, 166, 154, 1.0)",2.32971520689614,18.57017751357804,1.4322473596107277,57.782713382535036,1.6132046207470196,False,False,True,False,True,9.646744088824402,0.0,0.0,0.0,0.0,0,1.0278352114348919,0.7720734733966922,False,False,False,False,0.34282824444393456,0.29881404800364664,False,False,False,False,-30315,-55702.8590101096,False,False,False,False,12772.70709626285,False,False,False,False
2024-01-17 00:00:00+00:00,19.4025464169,21.5741007114,19.3443054971,20.7171271775,28298,,,,,,,,,,,,,,,,,,,,,,,,,,,,,,,,,,,,,20.476611987611,19.602580278028373,18.82657221798384,18.551450411323934,18.251451832247803,17.903005596417447,17.536466278229902,17.29794760277975,17.23964282968779,17.16798273826359,16.952692259033633,16.733577982683716,,18.82657221798384,17.536466278229902,,,18.0449985011909,#000000,2.3251901877742793,18.545652719578772,0.36852628306567303,54.015866789491284,1.6132046207470196,False,True,True,False,True,3.033290661119768,0.0,0.0,0.0,0.0,0,1.0069259989340191,0.8563711347505794,False,False,False,False,0.11612481448858633,0.2074694312461165,False,False,False,False,-58613,-55816.98218618373,False,False,False,False,13381.54211209568,False,False,False,False
2024-01-18 00:00:00+00:00,19.0115002412,19.4774275994,19.0115002412,19.2236635918,9601,,,,,,,,,,,,,,,,,,,,,,,,,,,,,,,,,,,,,20.444677021000203,19.595406494604454,18.83123461060743,18.556770487172948,18.257168433040672,17.910026184076816,17.54452101962263,17.306381057206295,17.24812723620766,17.176558763403943,16.96126207205885,16.742321346303548,,18.83123461060743,17.54452101962263,,,18.047871227108786,#000000,2.3146803133379934,18.53250769627464,0.20693680339580367,51.020118586746904,8.186576687148303,False,True,False,False,False,2.073823243495717,0.0,0.0,0.0,0.0,0,0.9976122484618073,0.8946577185100759,False,False,False,False,0.007669316086711139,0.10756937366641382,False,False,False,False,-68214,-56303.139747509864,False,False,False,False,13233.285558680163,False,False,False,False
2024-01-19 00:00:00+00:00,18.5206124888,18.9532593215,17.1561941411,18.9282989273,18512,,,,,,,,,,,,,,,,,,,,,,,,,,,,,,,,,,,,18.2100219838,20.344341013081948,19.552785229599216,18.815243509884127,18.5510850885982,18.25660746953626,17.913205391533353,17.55080074510794,17.314175744056413,17.25622370471198,17.185038157196498,16.97051240828121,16.75242017262069,,18.815243509884127,17.55080074510794,,,18.051727739846754,#000000,2.2951652348168206,18.539272057164972,-0.00812994554026515,48.40165702324654,5.758554928559619,False,True,False,False,False,0.8787390757196718,0.0,0.0,0.0,0.0,0,0.9655272852023662,0.9005392585645633,False,False,False,False,-0.09836172891891899,0.004603822373747415,False,False,False,False,-86726,-57496.193090744775,False,False,False,False,13440.293968143687,False,False,False,False
2024-01-22 00:00:00+00:00,18.6870151168,19.3782516332,18.1295663132,18.4374111749,7437,,,,,,,,,,,,,,,,,,,,,,,,,,,,,,,,,,,,18.359509735549672,20.315765871025203,19.542759846180292,18.814387479138254,18.552266439780734,18.25886719626125,17.91667492983339,17.55526011299574,17.31907069198175,17.261195949063143,17.190119230211003,16.97573776776189,16.757876076249307,,18.814387479138254,17.55526011299574,,,18.063037794310127,#000000,2.280071022081692,18.538661063965318,0.06506554023884624,46.94398547026009,4.350247594363118,False,True,False,True,False,1.2741632433732413,0.0,0.0,0.0,0.0,0,0.9759507361680492,0.8943931130416148,False,False,False,False,-0.03593488456478239,-0.015665531095517486,False,False,False,False,-79289,-58350.812969539096,False,False,False,False,13204.870675275308,False,False,False,False
2024-01-23 00:00:00+00:00,18.1378864446,19.4275068111,18.1378864446,19.4275068111,5713,,,,,,,,,,,,,,,,,,,,,,,,,,,,,,,,,,,,18.397085794866076,20.292293079983622,19.53370079555861,18.812463408637726,18.552343935297046,18.259991927948327,17.918788395264244,17.558188958494796,17.32237450188544,17.264569759254123,17.193587339420993,16.979358190523797,16.761700600900113,,18.812463408637726,17.558188958494796,,,18.06511128369499,#000000,2.2624507201926116,18.533788830004763,-0.1749882911796898,45.204762959651745,2.58451149701785,False,True,False,True,False,0.0,0.0,0.0,0.0,0.0,0,0.9848719080165328,0.8997303032568396,False,False,False,False,-0.03337386357672166,-0.024519697336119573,False,False,False,False,-85002,-59395.957558968934,False,False,False,False,12911.071825264511,False,False,False,False
2024-01-24 00:00:00+00:00,18.3292494667,18.3458897295,18.1378864446,18.2210877586,8484,,,,,,,,,,,,,,,,,,,,,,,,,,,,,,,,,,,,18.370442060211033,20.252773671283563,19.516515356312883,18.806262213073204,18.55026961895656,18.260051177357813,17.920478134227388,17.561237948236133,17.32608722683233,17.268414363054262,17.19760023813296,16.98370556844628,16.7664221047255,,18.806262213073204,17.561237948236133,,,18.060019975449993,#000000,2.2498095169802212,18.520198501078074,-0.084873422810645,44.42699666005569,1.6481538277828776,False,True,False,True,False,0.3962976072066695,0.0,0.0,0.0,0.0,0,0.9978217954275903,0.914369957885522,False,False,False,False,-0.13763376919154166,-0.08107673326383062,False,False,False,False,-76518,-60067.410203715255,False,False,False,False,12737.461165450217,False,False,False,False
2024-01-25 00:00:00+00:00,19.028140504,19.0531008982,18.146206576,18.22940789,16693,,,,,,,,,,,,,,,,,,,,,,,,,,,,,,,,,,,,18.479706363282187,20.196825795216153,19.496328015289173,18.804856649698458,18.55301822224562,18.265102830172857,17.928164714334923,17.571096433326787,17.33691105224942,17.279411092215998,17.208839318713277,16.995276287953082,16.778510580105465,,18.804856649698458,17.571096433326787,,,18.068772873446417,#000000,2.2297848870311108,18.514672831506637,0.23027677489420467,45.30184962459451,1.6481538277828776,False,True,False,True,False,2.0907325136422408,0.0,0.0,0.0,0.0,0,0.9979398084847478,0.9185244425037404,False,False,False,False,-0.13669743809798474,-0.10888708568090769,False,False,False,False,-59825,-60057.903921216624,False,False,False,False,12892.580335432562,False,False,False,False
2024-01-26 00:00:00+00:00,18.7702164307,19.0947015552,18.2294910913,19.0947015552,4291,,,,,,,,,,,,,,,,,,,,,,,,,,,,,,,,,,,,18.495038984121564,20.18268926689745,19.491012452440795,18.804255494261124,18.553549695690894,18.266265285018676,17.930011069028083,17.573509131646396,17.339579742224775,17.282126507881685,17.211619220133578,16.99815116202791,16.781524485229152,,18.804255494261124,17.573509131646396,,,18.069948653584774,#000000,2.1961540462995193,18.512803667089905,0.117210704797248,45.43265813316742,1.6481538277828776,False,True,False,True,False,1.4369635982175133,0.0,0.0,0.0,0.0,0,0.9900861484465375,0.9246648027710711,False,False,False,False,-0.15317467244287877,-0.13103087906189323,False,False,False,False,-64116,-60217.044943914014,False,False,False,False,12555.263459533246,False,False,False,False
2024-01-29 00:00:00+00:00,20.5091238926,20.5091238926,18.670374854,18.8950184017,12431,,,,,,,,,,,,,,,,,,,,,,,,,,,,,,,,,,,,18.731821061549592,20.175069051621943,19.49868173880459,18.821788684942685,18.567645480988176,18.27884323823066,17.943575710532187,17.587825044496796,17.354018290872798,17.29654112768161,17.226058023516906,17.012256235096416,16.795627226595435,,18.821788684942685,17.587825044496796,,,18.099211608840754,"rgba(38, 166, 154, 0.5)",2.1852856038368556,18.53522390411489,0.9032686551448472,48.709957055452236,1.6481538277828776,False,True,False,False,True,5.492182158893726,0.0,0.0,0.0,0.0,0,0.9947705463336868,0.9098539932403203,False,False,False,False,-0.06322354636053047,-0.09712721271121186,False,False,False,False,-51685,-59882.45494611347,False,False,False,False,12550.390382688805,False,False,False,False
2024-01-30 00:00:00+00:00,20.1097575856,21.041612302,19.1363022122,19.9599952204,31493,,,,,,,,,,,,,,,,,,,,,,,,,,,,,,,,,,,,19.14074071355351,20.170070286838065,19.52600824020496,18.87159139289691,18.607239078328238,18.313685270894847,17.980547478317604,17.626385672979637,17.392694295243643,17.335108868500075,17.264636084847805,17.04981550112152,16.83305490295309,,18.87159139289691,17.626385672979637,,,18.162429060513837,"rgba(38, 166, 154, 0.5)",2.1729625383478606,18.58845162332533,0.7001068520174971,50.10963288399731,1.6481538277828776,False,True,False,False,True,4.465579115821271,0.0,0.0,0.0,0.0,0,0.9926156516645787,0.9126575866678098,False,False,False,False,-0.003346384797848297,-0.050236798754530076,False,False,False,False,-83178,-60796.00573254039,False,False,False,False,13293.237818661793,False,False,False,False
2024-01-31 00:00:00+00:00,20.0681569286,20.8419291485,20.0681569286,20.6479868856,4759,,,,,,,,,,,,,,,,,,,,,,,,,,,,,,,,,,,,19.19211017283648,20.171544596537288,19.531502336771325,18.880132286591287,18.613942130124897,18.31949954735393,17.98662017842958,17.63264335944501,17.39893366342971,17.341322963196824,17.27084235439397,17.05583466745742,16.839030813973928,,18.880132286591287,17.63264335944501,,,18.171843005426283,"rgba(38, 166, 154, 0.5)",2.158952558292299,18.5969602951693,0.6814400009763979,50.95703386144251,1.6481538277828776,False,True,False,False,True,4.357996467200856,0.0,0.0,0.0,0.0,0,1.020313039360051,0.9162371964343201,False,False,False,False,0.02376770788151982,-0.013234545436505128,False,False,False,False,-87937,-61860.35844891136,False,False,False,False,12958.561825773095,False,False,False,False
2024-02-01 00:00:00+00:00,20.7920083601,20.7920083601,19.3110249715,20.1097575856,7953,,,,,,,,,,,,,,,,,,,,,,,,,,,,,,,,,,,,19.266816822634624,20.173515987977456,19.540202634698442,18.893914183946038,18.624848427152802,18.32900817981726,17.996579207965485,17.642929375389546,17.40920331591679,17.35155425342243,17.281064345313123,17.065759492396776,16.848892881485483,,18.893914183946038,17.642929375389546,,,18.186483777547405,"rgba(38, 166, 154, 1.0)",2.154026283786856,18.610240400741123,1.0128789865661476,52.86519330528403,-3.0599274468622326,False,True,True,False,True,6.01618370543742,0.0,0.0,0.0,0.0,0,0.9959904546955618,0.9152890024078087,False,False,False,False,-0.03019753412583249,-0.02171603978116881,False,False,False,False,-79984,-62571.08949013052,False,False,False,False,12762.265283585915,False,False,False,False
2024-02-02 00:00:00+00:00,20.3926420531,21.0624126305,19.9766354832,20.2678400821,3455,,,,,,,,,,,,,,,,,,,,,,,,,,,,,,,,,,,,19.301315611787455,20.175553514173686,19.54479842981198,18.90057031708992,18.63004429879671,18.33348321301224,18.001213155784033,17.64767256931813,17.41391693020985,17.356245456250793,17.285745580329294,17.07028974878337,16.853381005530125,,18.90057031708992,17.64767256931813,,,18.19340229468289,"rgba(38, 166, 154, 0.5)",2.1385463683286954,18.616700979710863,0.8304430989621522,53.20933783403915,-2.46549415669687,False,True,True,False,True,4.959520342747904,0.0,0.0,0.0,0.0,0,1.0074655449437662,0.9165830076818973,False,False,False,False,0.02958603634297018,0.003934998280900685,False,False,False,False,-83439,-63389.43892189011,False,False,False,False,12397.274488151174,False,False,False,False
2024-02-05 00:00:00+00:00,20.3843219217,20.3843219217,19.1779028692,19.4358269425,7062,,,,,,,,,,,,,,,,,,,,,,,,,,,,,,,,,,,,19.33879743019689,20.172937771008304,19.549139717452974,18.909785197502327,18.637752370788156,18.340473466203793,18.00874823402412,17.65563081382416,17.421956869320066,17.36427653603357,17.293793855720935,17.07817215721153,16.861271753765212,,18.909785197502327,17.65563081382416,,,18.20251816715785,"rgba(38, 166, 154, 0.5)",2.121532972941999,18.624544246980957,0.8294840085745647,53.41856892282657,-1.9422531301419497,False,True,True,False,True,4.937356383828945,0.0,0.0,0.0,0.0,0,0.9885253214509416,0.9256981940493613,False,False,False,False,-0.06481027983003924,-0.03043764077456928,False,False,False,False,-90501,-64452.63739554148,False,False,False,False,12188.04803763544,False,False,False,False
2024-02-06 00:00:00+00:00,19.7935925925,20.3926420531,19.4025464169,20.3011206077,4924,,,,,,,,,,,,,,,,,,,,,,,,,,,,,,,,,,,,19.35817189328287,20.170041139515313,19.551296400458092,18.915413713278873,18.64260291296963,18.344960960586164,18.013652812777867,17.660864907573725,17.427273282828065,17.3695934592419,17.29912949745122,17.083418322462784,16.86654075550099,,18.915413713278873,17.660864907573725,,,18.20792000445596,"rgba(38, 166, 154, 0.5)",2.0952739008198735,18.62904300486801,0.5557982596816138,52.10951036789699,-1.9422531301419497,False,True,False,False,True,3.363648654235419,0.0,0.0,0.0,0.0,0,0.9935156902566017,0.9243171152370647,False,False,False,False,-0.04988599582168524,-0.04016181829812726,False,False,False,False,-95425,-65667.2398506183,False,False,False,False,11903.183408708563,False,False,False,False
2024-02-07 00:00:00+00:00,19.5689490448,20.0681569286,19.50089037,19.5855893076,2893,,,,,,,,,,,,,,,,,,,,,,,,,,,,,,,,,,,,19.36570716038954,20.167544002650626,19.551945410420334,18.918170213597335,18.645086176471526,18.347325415726722,18.016289160473775,17.663719484653885,17.430194016944718,17.372519149029298,17.302070900946752,17.086325264439683,16.86947302694291,,18.918170213597335,17.663719484653885,,,18.21048995251439,#000000,2.0562768119567854,18.631046819936778,0.45611671512781393,50.69796816494063,-1.9422531301419497,False,True,False,False,False,2.769543682446727,0.0,0.0,0.0,0.0,0,0.9928737930636744,0.9317916706527382,False,False,False,False,-0.06437283381231822,-0.05226732605522274,False,False,False,False,-98318,-66947.66181726071,False,False,False,False,11549.842882876856,False,False,False,False
2024-02-08 00:00:00+00:00,19.5356685192,19.5523919833,19.4940678622,19.4940678622,2937,,,,,,,,,,,,,,,,,,,,,,,,,,,,,,,,,,,,19.36912223507453,20.16401527513388,19.551845500276652,18.920301100747622,18.647159936549077,18.349392858227983,18.01866582260357,17.666348027598108,17.43291145617219,17.375247287581036,17.304820750503442,17.089062108814908,16.8722501229608,,18.920301100747622,17.666348027598108,,,18.212395575557217,#000000,2.0223293511392977,18.632322028103207,0.44668613971699805,49.67244747267988,-1.9422531301419497,False,True,False,False,False,2.6805148280747026,0.0,0.0,0.0,0.0,1,0.9861373313065571,0.9740013591555086,False,False,False,False,-0.0979641424787503,-0.07511573426698652,False,False,False,False,-101255,-68293.04762834853,False,False,False,False,11212.084338450313,False,False,False,False
2024-02-09 00:00:00+00:00,20.2678400821,20.5673648124,19.5357517205,19.5357517205,2946,,,,,,,,,,,,,,,,,,,,,,,,,,,,,,,,,,,,19.38477794943048,20.16379333154926,19.55416838246988,18.924508332473096,18.65063277396119,18.352505406713707,18.021981493795117,17.669819573483633,17.436404147860603,17.378733118488775,17.308310379652365,17.092471006525262,16.87565417590306,,18.924508332473096,17.669819573483633,,,18.21644308248511,"rgba(38, 166, 154, 0.5)",1.98648806443249,18.635970530569157,0.8214846999330172,50.97175995831894,-1.9422531301419497,False,True,False,False,False,4.492493962796832,0.0,0.0,0.0,0.0,1,0.9660427621539224,0.9560937048775942,False,False,False,False,-0.030192216769198962,-0.05265397551809274,False,False,False,False,-98309,-69470.14379978584,False,False,False,False,10887.924168315007,False,False,False,False
2024-02-12 00:00:00+00:00,20.3094407391,20.8336090171,20.3094407391,20.8336090171,3817,,,,,,,,,,,,,,,,,,,,,,,,,,,,,,,,,,,,19.413559531327213,20.166059628288213,19.559037700612283,18.931541633201057,18.656203469034036,18.357339555153164,18.026996209394973,17.674961624225396,17.441521304320332,17.383827878446795,17.313396234371538,17.097400339753104,16.88054243436432,,18.931541633201057,17.674961624225396,,,18.223260580191724,"rgba(38, 166, 154, 0.5)",1.942241919584483,18.642463536699513,0.8582747522806615,51.94705464727386,-1.9422531301419497,False,True,False,False,True,4.594767684276455,0.0,0.0,0.0,0.0,0,0.978283261965413,0.9411987736985841,False,False,False,False,0.03623389618995295,-0.008210039664069895,False,False,False,False,-94492,-70451.39306253934,False,False,False,False,10610.633024459517,False,False,False,False
2024-02-13 00:00:00+00:00,19.2195035261,20.559044681,19.2195035261,20.559044681,5001,,,,,,,,,,,,,,,,,,,,,,,,,,,,,,,,,,,,19.42193176375987,20.16146765247952,19.55976657693802,18.93585567417157,18.66020726401011,18.36121642614775,18.031358233111487,17.679716496874224,17.446404004135086,17.38872291330885,17.318322070316455,17.102282134923524,16.885477468213015,,18.93585567417157,17.679716496874224,,,18.22713297526073,#000000,1.8807578302269592,18.64542079999002,0.30524010953643144,49.563892223529834,-1.9422531301419497,False,True,False,False,False,1.6233410873280683,0.0,0.0,0.0,0.0,0,0.9590905010060049,0.9551904603477384,False,False,False,False,-0.05095120163132719,-0.029580620647698543,False,False,False,False,-99493,-71590.27960910642,False,False,False,False,10390.647415657184,False,False,False,False
2024-02-14 00:00:00+00:00,20.0431965344,20.0431965344,19.552308782,20.0099160088,3287,,,,,,,,,,,,,,,,,,,,,,,,,,,,,,,,,,,,19.431694029177777,20.159776363464776,19.561192299063066,18.939484913793237,18.663376649341867,18.364167083917252,18.03458552629804,17.68316404567306,17.44990923326662,17.39222947700598,17.321841924976994,17.105747119991115,16.888959984361552,,18.939484913793237,17.68316404567306,,,18.23047143464087,"rgba(38, 166, 154, 0.5)",1.831254460032643,18.648262105923926,0.7617370818314392,50.239908925310054,-1.9422531301419497,False,True,False,False,False,3.6766304746762692,0.0,0.0,0.0,0.0,1,0.981305279008041,0.9451001965467393,False,False,False,False,-0.0626766279658906,-0.04612862430679457,False,False,False,False,-96206,-72555.60197737676,False,False,False,False,10112.073007200039,False,False,False,False
2024-02-15 00:00:00+00:00,21.6822624195,21.9526666899,20.0515166658,20.0515166658,8193,,,,,,,,,,,,,,,,,,,,,,,,,,,,,,,,,,,,19.522424393367164,20.175527520557054,19.579519546811667,18.96122117834091,18.679890311333562,18.377976097874814,18.048427900891813,17.69696036699819,17.463429891654474,17.40564482825921,17.335179355193965,17.118529043399377,16.901505529773566,,18.96122117834091,17.69696036699819,,,18.25124892034275,"rgba(0, 255, 255, 0.75)",1.7950513173857814,18.860414575013397,1.572015138038612,54.11518175761519,-0.31222725017548925,False,False,True,False,True,7.51130255565085,0.0,0.0,0.0,0.0,0,0.9937049564875686,0.9206578126286147,False,False,False,False,0.09145669247615125,0.02266403408467834,False,False,False,False,-88013,-73161.77444885219,False,False,False,False,10036.815242211804,False,False,False,False
2024-02-16 00:00:00+00:00,20.1263978484,21.8569851789,20.1263978484,21.5491403172,13106,,,,,,,,,,,,,,,,,,,,,,,,,,,,,,,,,,,,19.61066374569186,20.18767938705228,19.598933949157477,18.9872836161245,18.70051252252059,18.395769482479402,18.066705053299962,17.71555689969895,17.48186741785994,17.42398747042115,17.353471990808178,17.136218362725852,16.919004881056726,,18.9872836161245,17.71555689969895,,,18.275204213761295,"rgba(38, 166, 154, 0.5)",1.7547390682186736,18.866866260549,0.7177885365769033,52.95777447761915,-0.31222725017548925,False,False,True,False,True,3.427059172140691,0.0,0.0,0.0,0.0,1,0.9930991749750913,0.9099071486737432,False,False,False,False,0.09011758722280566,0.056390810653742005,False,False,False,False,-101119,-74258.13623517171,False,False,False,False,10157.175428791734,False,False,False,False
2024-02-20 00:00:00+00:00,18.6454144598,20.2279034514,18.6454144598,20.118077717,19693,,,,,,,,,,,,,,,,,,,,,,,,,,,,,,,,,,,,19.566473316381444,20.153743018301732,19.58815435221093,18.99136479402864,18.707637924509893,18.404603518939176,18.078031130837587,17.728978007541485,17.496205099405937,17.43848385193456,17.36819996803895,17.15120876829469,16.93448669840413,,18.99136479402864,17.728978007541485,,,18.277505419140702,#000000,1.7072715358085893,18.822583323161645,-0.1037731020787702,49.49157791596809,4.207667962919878,False,True,False,False,False,0.0,0.0,0.0,0.0,0.0,1,0.9702461038563407,0.9348063054394552,False,False,False,False,-0.10913856291336292,-0.02637387612981046,False,False,False,False,-120812,-76083.7779514395,False,False,False,False,10531.129333545,False,False,False,False
2024-02-21 00:00:00+00:00,17.9714838167,18.8284573505,17.609058893,18.8284573505,11747,,,,,,,,,,,,,,,,,,,,,,,,,,,,,,,,,,,18.1363333534,19.485246715670982,20.114285548743997,19.566567390968466,18.98029645330867,18.702543515361803,18.402796711879876,18.078385046241397,17.73120353337709,17.499426281987493,17.44191724649781,17.3718911495008,17.155514942858773,16.939390969745713,,18.98029645330867,17.73120353337709,,,18.25755706139592,"rgba(239, 83, 80, 0.5)",1.6447210708979498,18.818133044132047,-0.5147676663312949,46.13113893210727,1.1455631247551565,False,True,False,True,False,0.0,0.0,0.0,0.0,0.0,1,0.948606099837978,0.9647333917565978,False,False,False,False,-0.27065736421493314,-0.1485156201723718,False,False,False,False,-132559,-78298.49254157912,False,False,False,False,10578.810536151077,True,False,False,False
2024-02-22 00:00:00+00:00,18.503972226,19.0364606354,17.9132428969,18.2710085469,11603,,,,,,,,,,,,,,,,,,,,,,,,,,,,,,,,,,,18.30937221314382,19.432090169558215,20.083398009872564,19.55090635005134,18.97403784101501,18.700640302052197,18.40333703555964,18.080805925197737,17.73524710306086,17.504298570055084,17.4469596175095,17.377147459385448,17.16122857084775,16.945593907276027,,18.97403784101501,17.73524710306086,,,18.26464736247037,#000000,1.5880412769892365,18.80690481582713,-0.19075863720712743,45.11114880045376,0.27845909989928685,False,True,False,True,False,0.0,0.0,0.0,0.0,0.0,1,0.9432141859413052,0.9642309811041437,False,False,False,False,-0.23580825383546025,-0.19216193700391604,False,False,False,False,-120956,-79971.33597132112,False,False,False,False,10618.974828851035,False,False,False,False
2024-02-23 00:00:00+00:00,19.4857477308,19.4857477308,18.3625299923,18.3874071852,12170,,,,,,,,,,,,,,,,,,,,,,,,,,,,,,,,,,,18.584146145877323,19.41516255707396,20.064451397293254,19.54433296411519,18.975832228658355,18.70436720940938,18.40821074617726,18.087208259253746,17.742950738929554,17.512592095188158,17.45535955056873,17.385697871768908,17.16998241774573,16.954674730189844,,18.975832228658355,17.742950738929554,,,18.286069208017814,#000000,1.549495523859605,18.81677665247974,0.4317347601327274,46.50269325373857,0.27845909989928685,False,True,False,True,False,1.8146675968500574,0.0,0.0,0.0,0.0,1,0.9464448796548259,0.9628732274839831,False,False,False,False,-0.17595098027142683,-0.18405645863767145,False,False,False,False,-108786,-81101.3227959752,False,False,False,False,10679.79934536668,False,False,False,False
2024-02-26 00:00:00+00:00,18.6370943284,19.5773523775,18.3958105179,19.3609457599,4894,,,,,,,,,,,,,,,,,,,,,,,,,,,,,,,,,,,18.618772472888644,19.40383485472672,20.055162586786267,19.54030249907814,18.97527939296943,18.704969747934115,18.409485777441343,18.089159265867924,17.74548248499183,17.51540349380645,17.458224968808654,17.388635182155568,17.1730458237471,16.957898923030186,,18.97527939296943,17.74548248499183,,,18.288261248159454,#000000,1.5053779555512707,18.815293897163993,-0.11837530110419121,45.88547964966189,0.27845909989928685,False,True,False,True,False,0.0,0.0,0.0,0.0,0.0,0,0.950222398065629,0.9580704654074529,False,False,False,False,-0.16773904952063953,-0.17589775407915548,False,False,False,False,-113680,-82378.91798044677,False,False,False,False,10452.905253391516,False,False,False,False
2024-02-27 00:00:00+00:00,18.7702164307,19.3859061541,18.6870151168,18.9615794529,6053,,,,,,,,,,,,,,,,,,,,,,,,,,,,,,,,,,,18.661621686112365,19.392404747102123,20.044611525889383,19.535953414245288,18.97510229055738,18.706056469310774,18.411317198111263,18.0917974332985,17.748813170726468,17.519062954260527,17.461946936887056,17.39244158913718,17.176992086168877,16.962032965300345,,18.97510229055738,17.748813170726468,,,18.291439604793393,#000000,1.4601318752089687,18.81452606427137,-0.03034632304361434,45.76859052553564,0.27845909989928685,False,True,False,True,False,0.13390106852453343,0.0,0.0,0.0,0.0,0,0.9858537055925111,0.9547594960449839,False,False,False,False,-0.16119546930766163,-0.16854661169340857,False,False,False,False,-107627,-83369.03884395867,False,False,False,False,10280.359949336947,False,False,False,False
2024-02-28 00:00:00+00:00,18.7618962993,19.0115002412,18.7452560365,19.0115002412,4075,,,,,,,,,,,,,,,,,,,,,,,,,,,,,,,,,,,18.675967406098064,19.383232606194483,20.036931526675154,19.5325295194574,18.974518543838908,18.706457599012328,18.412295936932168,18.093341097940986,17.7508437225368,17.52133033953602,17.464260530520544,17.394816200708725,17.179477240922978,16.964655350687714,,18.974518543838908,17.7508437225368,,,18.292189830075873,#000000,1.4205411362284734,18.812743889927244,-0.03579452177093995,45.67402099059879,0.27845909989928685,False,True,False,True,False,0.11410434218600685,0.0,0.0,0.0,0.0,0,0.985443714632381,0.949585580528567,False,False,False,False,-0.18198393942151259,-0.17526527555746058,False,False,False,False,-111702,-84480.13535988185,False,False,False,False,10037.012500343342,False,False,False,False
2024-02-29 00:00:00+00:00,19.3942262855,19.9683153518,19.1446223436,19.3526256285,6638,,,,,,,,,,,,,,,,,,,,,,,,,,,,,,,,,,,18.771906193437328,19.38636807540014,20.03143915934868,19.532290038722653,18.978195771777607,18.71033451106392,18.41633932045874,18.098063594193896,17.756139253313453,17.526856005095713,17.469821073451868,17.400434746713103,17.1851196218157,16.97041612607567,,18.978195771777607,17.756139253313453,,,18.30240882077632,#000000,1.3488707759161045,18.820367143545802,0.4254367076523352,47.13689442999371,0.27845909989928685,False,True,False,True,False,1.613651866596669,0.0,0.0,0.0,0.0,0,0.9895280394275877,0.9331522841210981,False,False,False,False,-0.11325959818073843,-0.1442624368690995,False,False,False,False,-105064,-85287.3457379257,False,False,False,False,9903.71789248674,False,False,False,False
2024-03-01 00:00:00+00:00,19.3859061541,20.7004037134,19.3859061541,19.6770275516,14705,,,,,,,,,,,,,,,,,,,,,,,,,,,,,,,,,,,18.987140224060962,19.410477738903285,20.026824179678176,19.53733681586019,18.9910509407137,18.72222392263781,18.427812287670193,18.110784097799282,17.769897197950364,17.540963238883915,17.483964331945568,17.414663921297784,17.199243649687958,16.98469473696173,,18.9910509407137,17.769897197950364,,,18.329076948860777,#000000,1.3173520816483375,18.84374906165338,0.41155064010544884,48.091886158314175,0.27845909989928685,False,True,False,False,True,1.5930593248722005,0.0,0.0,0.0,0.0,1,0.9933646547401055,0.9286179614718673,False,False,False,False,-0.057637559890382745,-0.10094999837974113,False,False,False,False,-119769,-86639.56747369331,False,False,False,False,10092.003465330397,False,False,False,False
2024-03-04 00:00:00+00:00,23.1050048884,23.3546088303,20.2345595565,20.3427212647,28132,,,,,,,,,,,,,,,,,,,,,,,,,,,,,,,,,,,19.899657750175116,19.679399261120775,20.116852873207716,19.62362664653352,19.082599284366264,18.792456247898773,18.486205779890057,18.168073949417842,17.82596845650604,17.595427997183936,17.53790641481211,17.46816333410894,17.25024618526708,17.034441910154765,,19.082599284366264,17.82596845650604,,,18.46864472076021,"rgba(0, 255, 0, 1.0)",1.3468592933940255,18.99744102893053,3.0497349497575135,54.95796903660673,0.18813804631473374,True,False,True,False,True,9.609801123888367,0.0,0.0,0.0,0.0,0,0.987029353077339,0.8934372341487755,False,False,False,False,0.1844456848787363,0.04174784324949759,False,False,False,False,-91637,-86835.54521982299,False,False,False,False,10799.454309827246,False,False,False,False
2024-03-05 00:00:00+00:00,24.8771928758,24.8771928758,23.1002624135,24.2531830211,26370,,,,,,,,,,,,,,,,,,,,,,,,,,,,,,,,,,,20.81461247256833,20.057187957489216,20.27052096236931,19.759495084622767,19.21681754351802,18.893598984410115,18.568468906444767,18.24676540344394,17.901172755886847,17.667456067195136,17.609009272355085,17.5384032034466,17.31645000420015,17.098314357834358,,19.21681754351802,17.901172755886847,,,18.639876641127472,"rgba(0, 255, 0, 1.0)",1.4680815673909882,19.19431711098875,3.8709536929277126,61.24512727195244,5.856488172619166,True,False,True,False,True,12.90703082752546,0.0,0.0,0.0,0.0,0,1.0231239158455552,0.8872988018888467,False,False,False,False,0.342828241933805,0.1922880425916513,False,False,False,False,-65267,-85989.71991708483,False,False,False,False,11410.063944735983,False,False,False,False
2024-03-06 00:00:00+00:00,25.2931994457,25.7924073295,24.1367011815,24.8771928758,25355,,,,,,,,,,,,,,,,,,,,,,,,,,,,,,,,,,,21.526342735154866,20.42395786275831,20.434974319016728,19.90438427671334,19.358600959033062,19.001127934676944,18.65601473250225,18.33018506169432,17.980586956556614,17.74335104679783,17.683893112469445,17.612330318367196,17.386018560188575,17.16530484032036,,19.358600959033062,17.980586956556614,,,18.80050519401784,"rgba(0, 255, 0, 1.0)",1.5998942300578802,19.380898913193857,3.6954321238424943,65.79074671790106,9.7432625639971,True,False,True,False,True,13.648049657477745,0.0,0.0,0.0,0.0,0,1.0308708056728328,0.8808735442168977,False,False,False,False,0.3428282436964924,0.26755814314407184,False,False,False,False,-39912,-84182.75050857171,False,False,False,False,11956.924182197317,False,False,False,False
2024-03-07 00:00:00+00:00,25.1683974747,25.7438177621,24.8272720875,25.3015195771,7320,,,,,,,,,,,,,,,,,,,,,,,,,,,,,,,,,,,21.69754340061839,20.523638153477574,20.482065115750206,19.94610198012715,19.39946225340746,19.032340617305486,18.681519797969173,18.354496449027206,18.003737066917317,17.765481960723193,17.70573125558797,17.63389092333052,17.406316693843465,17.184853207726224,,19.39946225340746,18.003737066917317,,,18.844084205415097,"rgba(0, 255, 0, 1.0)",1.701350910408924,19.43156898154405,3.3719254846591817,68.4912771829258,11.92920320664858,True,False,True,False,True,13.325373054674309,0.0,0.0,0.0,0.0,0,1.0321194894580072,0.8887400727213074,False,False,False,False,0.34282824417232616,0.30519319365819897,False,False,False,False,-47232,-82733.70146901988,False,False,False,False,11775.08401818958,False,False,False,False
2024-03-08 00:00:00+00:00,24.6691895909,25.4256553705,24.4382994246,24.9885862534,6624,,,,,,,,,,,,,,,,,,,,,,,,,,,,,,,,,,,21.823351587903925,20.602971027627724,20.520360868276963,19.980473759223617,19.433443077583256,19.058507457893636,18.703026941762424,18.375074405987174,18.02340320255865,17.784325973176575,17.724336543748723,17.652271744973955,17.423657238313474,17.20158323933738,,19.433443077583256,18.02340320255865,,,18.879056219169108,"rgba(0, 255, 0, 1.0)",1.7749616978952958,19.472085146093136,2.928009348578878,68.93804301325231,12.16366434047415,True,False,True,False,True,12.032330496255469,0.0,0.0,0.0,0.0,0,1.0308091517128704,0.8945158121587411,False,False,False,False,0.3070245115737592,0.3061088526159791,False,False,False,False,-53856,-81601.24258788185,False,False,False,False,11573.080723358617,False,False,False,False
2024-03-11 00:00:00+00:00,29.8467775937,32.1497956338,24.8372930975,24.8625086235,55559,,,,,,,,,,,,,,,,,,,,,,,,,,,,,,,,,,,23.611643611879778,21.716172954951144,21.09811606633881,20.4787435762771,19.906542819891317,19.41824398936259,18.994281260372905,18.648889020378988,18.280548881454116,18.02806629045638,17.96436725691365,17.888662586210152,17.64461815644262,17.41284699689269,,19.906542819891317,18.280548881454116,,,19.363695961987304,"rgba(0, 255, 0, 1.0)",2.109782492038839,20.041975973165293,4.647304476898754,73.11112831674856,16.029735903686117,True,False,True,False,True,20.0,0.0,0.0,0.0,0.0,0,1.0278767892217444,0.8105843801700024,False,False,False,False,0.34282824732016876,0.32446854996807395,False,False,False,False,1703,-78334.40954521981,False,False,False,False,13298.0187342073,False,False,False,False
2024-03-12 00:00:00+00:00,27.2579835923,30.1409587302,27.2579835923,29.855182769,12808,,,,,,,,,,,,,,,,,,,,,,,,,,,,,,,,,,,23.863769003669802,21.910257055914183,21.208946425644353,20.576671543502332,20.000779877602856,19.491455044235163,19.054363448883556,18.705703238819844,18.334202830737755,18.07911801236982,18.014690932835002,17.938275630091628,17.6911651416189,17.457478762806506,,20.000779877602856,18.334202830737755,,,19.451919782052265,"rgba(0, 255, 0, 1.0)",2.2538728734287132,20.144865195362268,3.155953683455479,71.1447042456765,16.029735903686117,True,False,True,False,True,14.363084125913765,0.0,0.0,0.0,0.0,0,1.0511777470509422,0.8497198097806574,False,False,False,False,0.3428282474574288,0.33364839871275137,False,False,False,False,-11105,-75697.96211207393,False,False,False,False,13278.802313257995,False,False,False,False
2024-03-13 00:00:00+00:00,26.9806128064,28.6784582229,25.9468602927,28.6784582229,8563,,,,,,,,,,,,,,,,,,,,,,,,,,,,,,,,,,,23.981589246323505,22.013783244867934,21.270665823785137,20.632242164501566,20.054950473466945,19.534100976801707,19.089688418356133,18.73929200024573,18.36609460085355,18.109570372059075,18.044735268158377,17.967925264166947,17.719072811384272,17.484312458080208,,20.054950473466945,18.36609460085355,,,19.500573080217936,"rgba(0, 255, 0, 1.0)",2.3770771970382403,20.201145022898714,2.8520183492350517,69.38130945112925,16.029735903686117,True,False,True,False,False,13.741576286431222,0.0,0.0,0.0,0.0,0,1.036076285409959,0.8725078070811848,False,False,False,False,0.24903814263406646,0.2913432706734089,False,False,False,False,-19668,-73500.70869591417,False,False,False,False,13093.868889208663,False,False,False,False
2024-03-14 00:00:00+00:00,25.6357847538,28.2161735798,25.6357847538,27.2327680663,11620,,,,,,,,,,,,,,,,,,,,,,,,,,,,,,,,,,,24.096507896119693,22.129698021075544,21.3426828230183,20.698231533255104,20.120035212494205,19.585962946789245,19.13300766039353,18.78068192959507,18.40557765828312,18.14738676091926,18.082073164957997,18.00480429005319,17.753882373100705,17.51786174761478,,20.120035212494205,18.40557765828312,,,19.55702814411927,"rgba(0, 255, 0, 1.0)",2.4463249499914888,20.265908948748077,2.195078705742099,66.07129198951922,16.029735903686117,True,False,True,False,False,10.789664345451847,0.0,0.0,0.0,0.0,0,1.0229121496145372,0.8843235555744412,False,False,False,False,0.2236972875730814,0.25752027912324515,False,False,False,False,-31288,-71845.30835489793,False,False,False,False,13036.070109239696,False,False,False,False
2024-03-15 00:00:00+00:00,25.15668976,28.8213462035,25.15668976,25.5937588771,41481,,,,,,,,,,,,,,,,,,,,,,,,,,,,,,,,,,,24.41657271667412,22.488774887818003,21.578817782583485,20.917608196158188,20.337922211901102,19.76191197604767,19.281192846201208,18.92270023578043,18.54144391182315,18.27778153142277,18.21088540951478,18.132103732615793,17.874281849517775,17.634071620377462,,20.337922211901102,18.54144391182315,,,19.741147779173996,"rgba(0, 255, 255, 0.75)",2.50652368354005,20.47534207387013,1.867665451107264,63.137231787966634,20.71216533781046,True,False,True,False,False,9.764673585159294,0.0,0.0,0.0,0.0,0,1.0255334866110224,0.8803249211224892,False,False,False,False,0.22780845635343588,0.24266436773834052,False,False,False,False,-72769,-71881.53155666664,False,False,False,False,14151.557555936179,False,False,False,False
2024-03-18 00:00:00+00:00,26.7620782479,28.2834149824,26.0056124683,26.0056124683,29400,,,,,,,,,,,,,,,,,,,,,,,,,,,,,,,,,,,24.65172990001446,22.744698805380832,21.75374914647513,21.08012558987097,20.49876872166037,19.89271355728299,19.391729855859836,19.028536252999977,18.642593036078,18.3748187786731,18.306739485487153,18.226819085116514,17.963858916152294,17.720490837986656,,20.49876872166037,18.642593036078,,,19.876955140645588,"rgba(0, 255, 0, 1.0)",2.609212084873299,20.62944250221125,2.3503784078121592,62.87860172937776,20.349098486254746,True,False,True,False,False,12.325093024133551,0.0,0.0,0.0,0.0,0,1.0272156748890913,0.8734570034035201,False,False,False,False,0.2379821032798977,0.2403232355091191,False,False,False,False,-43369,-70763.39306424835,False,False,False,False,14749.535690997505,False,False,False,False
2024-03-19 00:00:00+00:00,29.6198378598,29.880398295,26.8965610531,27.073069735,17469,,,,,,,,,,,,,,,,,,,,,,,,,,,,,,,,,,,24.863202290941842,22.94140346349647,21.885879234576485,21.200423995417466,20.61586143798199,19.987109789393298,19.470927014655476,19.103858652287677,18.71410542486985,18.443141961351902,18.374163046222552,18.2933627349322,18.026571032844025,17.780788359087694,,20.61586143798199,18.71410542486985,,,19.97862845986135,"rgba(0, 255, 0, 1.0)",2.8121243027081975,20.745882983938877,3.155605485616379,65.07991289218403,20.349098486254746,True,False,True,False,False,16.49602516076343,0.0,0.0,0.0,0.0,0,1.0389694614240506,0.854675955822397,False,False,False,False,0.3213396825321852,0.28083145902065215,False,False,False,False,-25900,-69004.04431663077,False,False,False,False,14856.181350174073,False,False,False,False
2024-03-20 00:00:00+00:00,30.2586311848,30.2586311848,28.8213462035,29.4601395285,7168,,,,,,,,,,,,,,,,,,,,,,,,,,,,,,,,,,,24.963959627229222,23.031367994694936,21.946161323379446,21.254938683841676,20.668600953448,20.029512820793766,19.5064150101603,19.137522653310807,18.745983303605495,18.47354852985742,18.404157518942583,18.322951709996943,18.054417288478096,17.80752567628525,,20.668600953448,18.745983303605495,,,20.024790221001712,"rgba(0, 255, 0, 1.0)",3.0208076988200787,20.79891451682611,3.1315189880073584,66.9996482998378,20.349098486254746,True,False,True,False,False,17.37078875579256,0.0,0.0,0.0,0.0,0,1.0675900137732461,0.8472262978436916,False,False,False,False,0.34282824796662853,0.31182985349364034,False,False,False,False,-18732,-67032.59159833152,False,False,False,False,14554.68404232411,False,False,False,False
2024-03-21 00:00:00+00:00,31.8556144973,33.5460633595,29.829967243,31.0907435424,22443,,,,,,,,,,,,,,,,,,31.74388169993334,,,,,,,,,,,,,,,,,25.372780200951468,23.376058410641054,22.174961260127343,21.459550243022285,20.86464240581944,20.186209529252007,19.63691178269047,19.260769571461015,18.86217561407723,18.584064550432828,18.513100718619874,18.43033365698159,18.1552215533664,17.90408506847746,,20.86464240581944,18.86217561407723,,31.74388169993334,20.198633183280034,"rgba(0, 255, 0, 1.0)",3.2648120673971994,21.651600773399913,3.125452097472494,69.33829310152666,20.349098486254746,True,False,True,False,True,19.48819697020266,0.0,0.0,0.0,0.0,0,1.0713178680447675,0.8167783013016983,False,False,False,False,0.3428282489826798,0.32732905123816003,False,False,False,False,3711,-64258.33310427931,False,True,False,False,14864.029766154537,False,False,False,False
2024-03-22 00:00:00+00:00,29.8215620677,31.9647977248,29.8215620677,30.5107864447,10557,,,,,,,,,,,,,,,,,,31.35746103083781,,,,,,,,,,,,,,,,,25.51518978111157,23.506869730821084,22.265807037680283,21.542079105022978,20.944503995419318,20.250924828054945,19.691309911701335,19.312384789851215,18.911058144392033,18.630702807847882,18.559111113917957,18.475724116550023,18.197957899966323,17.945120600526977,,20.944503995419318,18.911058144392033,,31.35746103083781,20.267767418775996,"rgba(0, 255, 0, 1.0)",3.406247198486738,21.709065781702304,2.3816522446174075,67.6306443647733,20.349098486254746,True,False,True,False,True,15.181776855519239,0.0,0.0,0.0,0.0,0,1.075843188054329,0.8286597492021673,False,False,False,False,0.30022803812476384,0.31377854468146194,False,False,False,False,-6846,-62006.86906097424,False,False,False,False,14695.126638070045,False,False,False,False
2024-03-25 00:00:00+00:00,30.0989328535,30.3006570614,29.5105705805,29.880398295,10020,,,,,,,,,,,,,,,,,,31.034313111861547,,,,,,,,,,,,,,,,,25.628837157078152,23.617035012254583,22.3444477451697,21.61419143978661,21.01469185637271,20.308265292874,19.73977283210542,19.35849104831793,18.9548367313264,18.67254504509445,18.600408427728816,18.516485116321327,18.236400327250518,17.982083380202344,,21.01469185637271,18.9548367313264,,31.034313111861547,20.327749386563067,"rgba(0, 255, 0, 1.0)",3.539115836541906,21.759089735826212,2.3564764485987277,66.7245064800748,20.349098486254746,True,False,True,False,True,15.558740385449024,0.0,0.0,0.0,0.0,0,1.0739255693442322,0.8484571738299924,False,False,False,False,0.2487170647771536,0.28124780472930777,False,False,False,False,3174,-59450.75654877917,False,False,False,False,14511.788338537886,False,False,False,False
2024-03-26 00:00:00+00:00,28.9978548854,31.8640196726,28.9978548854,30.6788899512,5711,,,,,,,,,,,,,,,,,,30.907617772862647,,,,,,,,,,,,,,,,,25.690813599385923,23.677998992041296,22.38845844307471,21.654661574998688,21.05413570137404,20.340589034871613,19.767145795104174,19.38455038613878,18.979596209412097,18.69622030181055,18.62377818118388,18.539554269792962,18.25816762363436,18.003019800245987,,21.05413570137404,18.979596209412097,,30.907617772862647,20.361334993790646,"rgba(0, 255, 255, 0.75)",3.630432386777767,21.789731020934205,1.9854725543762155,64.42461742469531,20.349098486254746,True,False,True,False,False,13.304602657498396,0.0,0.0,0.0,0.0,0,1.0687499497182176,0.8922825552198314,False,False,False,False,0.27594041545708325,0.2785941100931955,False,False,False,False,-2537,-57218.84452725842,False,False,False,False,14166.65938408542,False,False,False,False
2024-03-27 00:00:00+00:00,28.8801824308,30.1745794315,28.8297513788,29.6534585611,8485,,,,,,,,,,,,,,,,,,30.668446238341502,,,,,,,,,,,,,,,,,25.765954629173837,23.757159986703044,22.44730434117207,21.709355722638378,21.107811433849925,20.38495318442135,19.80493345503875,19.420634357680218,19.01398213099464,18.72916575838257,18.65631468178874,18.571690186589144,18.288546700039028,18.032284410403815,,21.107811433849925,19.01398213099464,,30.668446238341502,20.406435069919677,"rgba(0, 255, 255, 0.75)",3.7227592501619107,21.82704816665011,1.8945985464526447,62.70930610347905,19.29133275160369,True,False,True,False,False,13.065553724664671,0.0,0.0,0.0,0.0,0,1.0653829811067137,0.9089238916468944,False,False,False,False,0.22805403937395746,0.2533240747335765,False,False,False,False,-11022,-55407.20356540516,False,False,False,False,13943.849212160501,False,False,False,False
2024-03-28 00:00:00+00:00,28.8297513788,30.0316914509,28.1993632291,28.9894497101,7973,,,,,,,,,,,,,,,,,,30.466864382158825,,,,,,,,,,,,,,,,,25.828485256217075,23.82594881214343,22.4995119359972,21.758206040521284,21.155944672426635,20.42496920870215,19.83914934505379,19.45336611726056,19.045227516043166,18.759137465001555,18.685923167223176,18.600943720223135,18.316232303747157,18.05897821515634,,21.155944672426635,19.045227516043166,,30.466864382158825,20.446573126836903,"rgba(0, 255, 255, 0.75)",3.8056950446224143,21.86060466405608,1.8312415033336893,61.48108867457916,17.88542036807786,True,False,True,False,False,12.961419655842068,0.0,0.0,0.0,0.0,0,1.0732030337861467,0.8665180445886643,False,False,False,False,0.2084302416995971,0.23087715821658678,False,False,False,False,-18995,-53979.27401382064,False,False,False,False,13709.698262664011,False,False,False,False
2024-04-01 00:00:00+00:00,27.1319059624,28.577596119,25.9972072929,27.9892338459,28386,,,,,,,,,,,,,,,,,,29.486650347936717,,,,,,,,,,,,,,,,,25.918579749509075,23.977553036266404,22.62975695681642,21.88547992287382,21.284825242557567,20.53550856568159,19.935647141346706,19.546704304067834,19.135280049029507,18.846126621913374,18.7720079370125,18.68616332646367,18.397408545312565,18.13766759963933,,21.284825242557567,19.135280049029507,,29.486650347936717,20.549193499892166,"rgba(38, 166, 154, 1.0)",3.8473071071599727,21.919659663808098,1.3547778104045116,57.967520080812115,14.36335178048175,False,False,True,False,False,9.5277377735929,0.0,0.0,0.0,0.0,0,1.046308801883108,0.8597341872019459,False,False,False,False,0.11750003323969634,0.17418859572814155,False,False,False,False,-47381,-53720.5181701414,False,False,False,False,14285.239507265424,False,False,False,False
2024-04-02 00:00:00+00:00,26.1989315008,28.4935443657,25.9888861693,26.56035404,12365,,,,,,,,,,,,,,,,,,29.184019131889755,,,,,,,,,,,,,,,,26.893787345266666,25.945041458290717,24.032962805603823,22.680232695554395,21.935665031357942,21.336145769268654,20.580146217223163,19.974967525139434,19.5848898112052,19.17226175311632,18.881942407400256,18.807474460619247,18.721298350503023,18.43095926060767,18.170252557585844,,21.336145769268654,19.17226175311632,,29.184019131889755,21.009868496582826,"rgba(38, 166, 154, 0.5)",3.8682379348805265,22.332562398252772,0.9995168776159173,54.326859449358636,10.842514769832839,False,False,False,False,False,7.717193490646075,0.0,0.0,0.0,0.0,0,1.066764600154962,0.8563518550529887,False,False,False,False,0.11257787972224059,0.14338323772519107,False,False,False,False,-59746,-53956.81157523389,False,False,False,False,14209.935997176583,False,False,False,False
2024-04-03 00:00:00+00:00,27.8547510407,27.8547510407,26.484707462,26.484707462,15071,,,,,,,,,,,,,,,,,,28.961592727178477,,,,,,,,,,,,,,,,27.170797171614524,25.99155849090422,24.109129973988267,22.74733416024102,22.001573875380753,21.40300333411981,20.63799064184737,20.025745683424432,19.634073025992322,19.219775516646994,18.92788817335096,18.852955799855756,18.766335285537263,18.473911236451535,18.211919054791395,,21.40300333411981,19.219775516646994,,28.961592727178477,21.078266094943107,"rgba(38, 166, 154, 1.0)",3.8884673649920036,22.388942758201278,1.4056459189313424,54.19233095102199,10.62141740190313,False,False,False,False,False,10.2296765538918,0.0,0.0,0.0,0.0,0,1.0576132261200164,0.8660355743411635,False,False,False,False,0.10903184413499588,0.12620754093009348,False,False,False,False,-44675,-53592.81896444041,False,False,False,False,14243.703212973578,False,False,False,False
2024-04-04 00:00:00+00:00,29.4181136519,29.5441912818,27.6530268328,27.8547510407,15451,,,,,,,,,,,,,,,,,,28.951423311129286,,,,,,,,,,,,,,,,27.783613252853932,26.083086248386017,24.217141268853695,22.83535453668333,22.085520764151894,21.486509934583687,20.708991288658346,20.08735117302756,19.693307411660594,19.27659647350656,18.982587073736873,18.907042470255536,18.8198256526227,18.52472272075837,18.26103790296705,,21.486509934583687,19.27659647350656,,28.951423311129286,21.183512544847076,"rgba(0, 255, 255, 0.75)",3.9565447701678327,22.490011842335925,1.7510485062122,55.92817377154882,10.62141740190313,False,False,True,False,False,12.478968465277891,0.0,0.0,0.0,0.0,1,1.0705507239150795,0.8481056386930413,False,False,False,False,0.18055438888248518,0.15338096490628933,False,False,False,False,-29224,-52637.179005050595,False,False,False,False,14291.048185013831,False,False,False,False
2024-04-05 00:00:00+00:00,28.8213462035,29.5862171584,27.8211303393,29.1239325153,20131,,,,,,,,,,,,,,,,,,28.92461607808955,,,,,,,,,,,,,,,,28.090055209751167,26.18883323289801,24.3470307751739,22.943940893675446,22.189845527085147,21.590698453275387,20.79824908454607,20.16518194631941,19.768285487977707,19.34865110033251,19.05204043785529,18.975741485029996,18.887791438405376,18.589368984682586,18.323590358077727,,21.590698453275387,19.34865110033251,,28.92461607808955,21.283953627672382,"rgba(0, 255, 255, 0.75)",3.984438104880297,22.591505909255975,1.5635429965930379,56.14420767977538,10.62141740190313,False,False,True,False,False,11.31146660634052,0.0,0.0,0.0,0.0,0,1.0712086195821169,0.8380861002599932,False,False,False,False,0.1858773780904089,0.1696291714983491,False,False,False,False,-49355,-52508.466102891754,False,False,False,False,14520.065903248584,False,False,False,False
2024-04-08 00:00:00+00:00,30.2586311848,31.2420366983,28.9474238334,28.9474238334,24903,,,,,,,,,,,,,,,,,,29.092663281036184,,,,,,,,,,,,,,,,28.673339799897246,26.37448800059647,24.545969965272768,23.10413616813324,22.341208283054534,21.740062343218245,20.92502620779074,20.275019644837688,19.87360422089032,19.449402267148166,19.14887445894934,19.071457013699575,18.982407599996513,18.679138393115526,18.41025212965265,,21.740062343218245,19.449402267148166,,29.092663281036184,21.439625766416864,"rgba(0, 255, 255, 0.75)",4.053677270660891,22.758565231811513,1.8501882247191606,57.907198438447146,10.62141740190313,False,False,True,False,True,13.334070754949739,0.0,0.0,0.0,0.0,0,1.0810260801962435,0.8288740443109152,False,False,False,False,0.2574706965343323,0.2135499340163407,False,False,False,False,-24452,-51408.212530229335,False,False,False,False,14927.239789395699,False,False,False,False
2024-04-09 00:00:00+00:00,28.7877255022,30.6860343503,28.7877255022,29.9896655742,14357,,,,,,,,,,,,,,,,,,29.116694986890266,,,,,,,,,,,,,,,,28.77821972427347,26.45464005910729,24.6404546229231,23.184071332026292,22.417979487725482,21.816567301423785,20.990912581045855,20.332657990058458,19.92911846029855,19.502738598512316,19.200288463381735,19.122315205754624,19.032722977584168,18.727012635485046,18.456572922160362,,21.816567301423785,19.502738598512316,,29.116694986890266,21.505751490784032,"rgba(38, 166, 154, 1.0)",4.093367259987885,22.829591094406204,1.4555582310030568,56.792478546433,10.62141740190313,False,False,True,False,True,10.498604175688996,0.0,0.0,0.0,0.0,0,1.0774394998393466,0.8373757312369338,False,False,False,False,0.23883328442870377,0.22619160922252224,False,False,False,False,-38809,-50914.125764337994,False,False,False,False,14904.877444713515,False,False,False,False
2024-04-10 00:00:00+00:00,29.5610016325,29.5610016325,28.1153114759,29.4013033012,15894,,,,,,,,,,,,,,,,,,29.113873428028295,,,,,,,,,,,,,,,,28.818688441056512,26.528928874973758,24.733700300148076,23.26552011275556,22.497000595851425,21.89578073969389,21.059764555968577,20.393259967461887,19.987644025640066,19.559113583729367,19.254728319486123,19.176190970125383,19.08605003048186,18.777840611069777,18.50581752312512,,21.89578073969389,19.559113583729367,,29.113873428028295,21.569335243437827,"rgba(0, 255, 255, 0.75)",4.158066759973825,22.89732899605955,1.6025891408444815,56.96931113301687,10.62141740190313,False,False,True,False,True,11.590482981801838,0.0,0.0,0.0,0.0,1,1.0654997850302275,0.8646712127813265,False,False,False,False,0.19270607545640214,0.2094488423394622,False,False,False,False,-22915,-49816.12083240317,False,False,False,False,14943.666564528672,False,False,False,False
2024-04-11 00:00:00+00:00,27.9976390212,29.9223401199,27.9976390212,29.5610016325,15815,,,,,,,,,,,,,,,,,,29.080885211548058,,,,,,,,,,,,,,,,28.797503445872522,26.586737828108404,24.813666500774115,23.33839478811589,22.568657726321444,21.968180818814865,21.123425781413843,20.449720857486533,20.04235826818722,19.61199163437053,19.30590631282641,19.226867589274946,19.136241854552875,18.82578426514489,18.55234639692553,,21.968180818814865,19.61199163437053,,29.080885211548058,21.623185604546,"rgba(38, 166, 154, 1.0)",4.191472384800757,22.95363941760233,1.2033956425165475,54.81321872873843,10.104489162710472,False,True,True,False,True,8.668573686731218,0.0,0.0,0.0,0.0,1,1.0590523306087871,0.8665868532450224,False,False,False,False,0.19890779609211265,0.20417831921578744,False,False,False,False,-38730,-49381.37099583834,False,False,False,False,14977.836503174607,False,False,False,False
2024-04-12 00:00:00+00:00,27.8211303393,28.577596119,27.800117401,28.0480700732,14214,,,,,,,,,,,,,,,,,,29.02123669311951,,,,,,,,,,,,,,,,28.7273717208891,26.622290092096083,24.872441073387428,23.39532687397134,22.625703985823353,22.026462159933573,21.17544416924787,20.496306146803267,20.08770836297392,19.65601084407658,19.3486349955339,19.269208811088305,19.178212017350887,18.865985830810775,18.591447280489053,,22.026462159933573,19.65601084407658,,29.02123669311951,21.66257029096503,"rgba(38, 166, 154, 1.0)",4.220172661154298,22.993382366541915,1.143969301824159,53.13064358412248,8.299406542809649,False,True,False,False,False,8.344566877937645,0.0,0.0,0.0,0.0,1,1.0466004744918147,0.8792146424995986,False,False,False,False,0.15988825064657872,0.1820332849311831,False,False,False,False,-52944,-49521.08193717801,False,False,False,False,14947.882130501093,False,False,False,False
2024-04-15 00:00:00+00:00,26.5015178127,28.2455916935,26.5015178127,27.737078586,31818,,,,,,,,,,,,,,,,,,28.79581227680401,,,,,,,,,,,,,,,,28.436710334752103,26.645800098054135,24.958376074720732,23.492117389532368,22.726884240327596,22.132373101075085,21.27288716091024,20.58526722034167,20.17510325285721,19.74157555144193,19.43216740759789,19.35210211514504,19.26050864489406,18.945236445527666,18.668855400848173,,22.132373101075085,19.74157555144193,,28.79581227680401,21.721730962535055,"rgba(38, 166, 154, 0.5)",4.231987743292904,23.0468142722059,0.8163311781725533,50.23451545369645,5.415971038785543,False,True,False,False,False,5.953018876567068,0.0,0.0,0.0,0.0,0,1.0405142233051052,0.8826644199615855,False,False,False,False,0.1191500438397751,0.1505916643854791,False,False,False,False,-84762,-50903.07872395535,False,False,False,False,15609.455380285364,False,False,False,False
2024-04-16 00:00:00+00:00,25.9131555396,27.7454837614,25.7030261564,26.8377248258,32676,,,,,,,,,,,,,,,,,,28.54595201691944,,,,,,,,,,,,,,,26.453888485799997,28.132092517049013,26.63624114313478,25.015792516829364,23.569858509877232,22.811791325464384,22.22337435883577,21.359190258081718,20.665555152169247,20.254642740552356,19.820064604792886,19.509195017994838,19.42864101075608,19.336605876649145,19.018879648402148,18.741061743968842,,22.22337435883577,19.820064604792886,,28.54595201691944,22.061054681897364,"rgba(38, 166, 154, 0.5)",4.236783517734727,23.402351977901134,0.5926202155925386,47.56533716392984,2.8341092752483448,False,True,False,True,False,4.909803018472122,0.0,0.0,0.0,0.0,0,1.024167542010259,0.8922662877343803,False,False,False,False,0.08699216167479282,0.11879191303013596,False,False,False,False,-117438,-53512.291323015925,False,False,False,False,16278.731639882018,False,False,False,False
2024-04-17 00:00:00+00:00,26.2829832541,27.2596646274,25.7618623837,26.1400952735,27626,,,,,,,,,,,,,,,,,,28.371281849490227,,,,,,,,,,,,,,,26.445160365451766,27.93698519109529,26.628102479162322,25.060405214843023,23.632056657322288,22.880255226931194,22.297040772124607,21.429678969479625,20.731522738165022,20.320132252752753,19.88481888800262,19.572836850862437,19.49190356079897,19.399528685989893,19.079867129012865,18.800923742944402,,22.297040772124607,19.88481888800262,,28.371281849490227,22.09945117030869,"rgba(38, 166, 154, 0.5)",4.247675825039861,23.43256590582347,0.6710534103081608,46.42748963896005,1.7053640730376074,False,True,False,True,False,5.484385076865507,0.0,0.0,0.0,0.0,0,1.0334827604439274,0.8906022640846962,False,False,False,False,0.07646085546736432,0.09762638424875014,False,False,False,False,-89812,-54935.80931034863,False,False,False,False,16723.722555965076,False,False,False,False
2024-04-18 00:00:00+00:00,26.6612161439,26.6612161439,26.2913884294,26.3166039554,6272,,,,,,,,,,,,,,,,,,28.337478791646525,,,,,,,,,,,,,,,26.45390124578512,27.90140101012047,26.627282824810266,25.070876490243453,23.646309026623673,22.895880333622802,22.313815726642243,21.44573440889446,20.746556899581527,20.335055090897917,19.899572656004075,19.58733769065421,19.506318339497767,19.413866219589885,19.09376595310798,18.814566646786947,,22.313815726642243,19.899572656004075,,28.337478791646525,22.109515035178923,"rgba(38, 166, 154, 0.5)",4.259311829343364,23.440855663572258,0.7560753026209419,46.341473510979895,1.4862293900252155,False,True,False,True,False,6.074058088840847,0.0,0.0,0.0,0.0,0,1.0369427663948885,0.8964033635748385,False,False,False,False,0.0747625665318091,0.08619447539027962,False,False,False,False,-83540,-56057.542278570254,False,False,False,False,16313.851083182133,False,False,False,False
2024-04-19 00:00:00+00:00,26.3586298321,26.3586298321,25.8879400136,26.0644486956,3596,,,,,,,,,,,,,,,,,,28.31513747302589,,,,,,,,,,,,,,,26.440978398423184,27.876971457454538,26.625076283152286,25.07545286878757,23.653474847535353,22.90395735919047,22.322613043660404,21.45428945898954,20.754643186305316,20.343116720243337,19.90757521307479,19.595223591154763,19.514162475280976,19.421673863457993,19.101352544417942,18.822027456705374,,22.322613043660404,19.90757521307479,,28.31513747302589,22.113286797989616,"rgba(38, 166, 154, 0.5)",4.270243944400129,23.44359150508682,0.682639766010528,45.8099313910805,0.7636291202604539,False,True,False,True,False,5.5165158590392664,0.0,0.0,0.0,0.0,0,1.0280989159582117,0.8931016531530821,False,False,False,False,0.0573884841292545,0.07179147975976706,False,False,False,False,-87136,-57276.30532646946,False,False,False,False,15815.11182501813,False,False,False,False
2024-04-22 00:00:00+00:00,26.5015178127,27.737078586,26.4258712347,27.737078586,7462,,,,,,,,,,,,,,,,,,28.284820421715406,,,,,,,,,,,,,,,26.483961167785168,27.848333719369364,26.627876790920354,25.09054827518139,23.67218813943299,22.9240551433342,22.34394972096888,21.47449671252673,20.773451565248642,20.36172652288339,19.925920460843905,19.613221654000952,19.532045928488863,19.439452682191227,19.118560735526827,18.83889685327721,,22.34394972096888,19.925920460843905,,28.284820421715406,22.129292879498756,"rgba(38, 166, 154, 0.5)",4.273735433993278,23.45767020800579,0.7122218143134122,45.74570843787694,0.43447609438458556,False,True,False,True,False,5.746004416365352,0.0,0.0,0.0,0.0,0,1.0330114215810802,0.8751558869449163,False,False,False,False,0.10465777691647928,0.08822462833812317,False,False,False,False,-79674,-58154.6462940589,False,False,False,False,15487.538812272322,False,False,False,False
2024-04-23 00:00:00+00:00,26.7788885985,27.7286734107,26.4678971114,26.4678971114,8808,,,,,,,,,,,,,,,,,,28.253187991732716,,,,,,,,,,,,,,,26.53571056635331,27.820021013016326,26.63239308198706,25.10905528257947,23.69470330121327,22.94813239071041,22.3694486087513,21.498609455437105,20.795878578609255,20.383904200219984,19.947771716541027,19.63465333424779,19.553339812921998,19.460620353524856,19.139045039478514,18.858973862452906,,22.3694486087513,19.947771716541027,,28.253187991732716,22.148891287377786,"rgba(38, 166, 154, 0.5)",4.277896392702815,23.47518796634879,0.772272240577547,46.29282062671707,0.43447609438458556,False,True,False,True,False,6.196127487770937,0.0,0.0,0.0,0.0,0,1.032934964231121,0.8864263564681187,False,False,False,False,0.10549061994369996,0.09685762414091156,False,False,False,False,-70866,-58653.130753115416,False,False,False,False,15225.596113751839,False,False,False,False
2024-04-24 00:00:00+00:00,27.123500787,27.5857013784,26.7788885985,26.7788885985,4969,,,,,,,,,,,,,,,,,,28.238342496958758,,,,,,,,,,,,,,,26.569793590975937,27.807987459323492,26.63607976120468,25.120271077609573,23.707922240411158,22.962158836696105,22.384237881723536,21.512540074014236,20.80880643229558,20.396672165750026,19.96033709183345,19.646968638045628,19.565573858312607,19.47277950763213,19.150804664287097,18.870493725368686,,22.384237881723536,19.96033709183345,,28.238342496958758,22.160839187842747,"rgba(38, 166, 154, 0.5)",4.27740666779095,23.486079268088563,0.8503801021075161,47.40434536355727,0.43447609438458556,False,True,False,True,False,6.758441899199472,0.0,0.0,0.0,0.0,0,1.0283506470092092,0.8915359295054448,False,False,False,False,0.10965496224262421,0.10325629319176788,False,False,False,False,-65897,-58937.20405691481,False,False,False,False,14823.37665831059,False,False,False,False
2024-04-25 00:00:00+00:00,27.2411732416,28.0379838628,26.9454791736,27.3084146443,11545,,,,,,,,,,,,,,,,,,28.212890614283634,,,,,,,,,,,,,,,26.66381171170966,27.791677045934044,26.648353261438366,25.148939185971614,23.74040476452548,22.996274142778795,22.41999701698653,21.546038474261167,20.839794156944578,20.427222171658723,19.990352701455613,19.676356748626993,19.59476089244274,19.501779710282893,19.178827603328454,18.89792485004317,,22.41999701698653,19.990352701455613,,28.212890614283634,22.1914071523993,"rgba(38, 166, 154, 0.5)",4.279822585590253,23.514573926750522,0.8707368682516361,48.40968912874122,0.43447609438458556,False,True,False,False,True,6.952217197455575,0.0,0.0,0.0,0.0,0,1.0418874225253094,0.8834618331984673,False,False,False,False,0.12502752183625462,0.11414190751401125,False,False,False,False,-54352,-58757.39213311423,False,False,False,False,14694.812867788605,False,False,False,False
2024-04-26 00:00:00+00:00,28.8045358528,29.3479304379,27.2579835923,27.2579835923,33806,,,,,,,,,,,,,,,,,,28.23408428968364,,,,,,,,,,,,,,,27.110324367862844,27.864082272816884,26.729378141094124,25.266483430100106,23.858935025474217,23.116561354109262,22.543519860017877,21.659353757103723,20.943284274324256,20.52854470350199,20.08925469653727,19.772790185255918,19.690437970374248,19.596735411997894,19.270250066891006,18.987141879677356,,22.543519860017877,20.08925469653727,,28.23408428968364,22.314192337321188,"rgba(38, 166, 154, 1.0)",4.298040375460814,23.635777577252306,1.2025848582200738,52.170933178520066,-1.9233898710450887,False,True,False,False,True,9.474639131204125,0.0,0.0,0.0,0.0,0,1.0444443905870975,0.8690862205597916,False,False,False,False,0.16562865071915248,0.13988527911658186,False,False,False,False,-20546,-57258.906167109744,False,False,False,False,15444.271186698857,False,False,False,False
2024-04-29 00:00:00+00:00,28.3926822617,28.9138031321,27.4176819235,28.4683288397,24448,,,,,,,,,,,,,,,,,,28.23449502409516,,,,,,,,,,,,,,,27.28185599602195,27.891115296147266,26.776494782945456,25.34072579558963,23.936946408283372,23.196730243772567,22.626424248022918,21.73634200402291,21.014172597731292,20.598178049740497,20.1574402998813,19.839422042667252,19.75658523060548,19.66242430660395,19.333636032628103,19.049101395472032,,22.626424248022918,20.1574402998813,,28.23449502409516,22.387349670633498,"rgba(38, 166, 154, 1.0)",4.301229230387777,23.708121683791866,1.0891213481048991,53.65542511082674,-0.5005135945965407,False,True,True,False,True,8.641186351763917,0.0,0.0,0.0,0.0,0,1.0411239663764118,0.8932997371954213,False,False,False,False,0.1587266538725729,0.1493059664945774,False,False,False,False,-44994,-56777.92945467407,False,False,False,False,15797.35859114204,False,False,False,False
2024-04-30 00:00:00+00:00,26.4678971114,28.2581994565,26.4678971114,28.2581994565,12508,,,,,,,,,,,,,,,,,,28.20178339357534,,,,,,,,,,,,,,,27.266217652491815,27.8618921607192,26.781016913625653,25.362459562121835,23.965174104883882,23.227440840250097,22.65921862992204,21.768038268920538,21.04409159041878,20.62790937191765,20.186871974024125,19.86839031510189,19.785394338715175,19.69109029679813,19.36148186840094,19.076464187108666,,22.65921862992204,20.186871974024125,,28.20178339357534,22.408322004713774,"rgba(38, 166, 154, 0.5)",4.278113375206982,23.727223830772832,0.6406266127752093,50.69928652385922,-0.5005135945965407,False,True,False,False,False,4.882636037516956,0.0,0.0,0.0,0.0,0,1.0287608459821946,0.898025783280398,False,False,False,False,0.11862791070656042,0.1339669386005689,False,False,False,False,-57502,-56806.32437802019,False,False,False,False,15668.36413658745,False,False,False,False
2024-05-01 00:00:00+00:00,26.409060884,26.8965610531,25.8543193123,26.8881558778,9459,,,,,,,,,,,,,,,,,,28.164194646614686,,,,,,,,,,,,,,,27.220797382173473,27.823470977580474,26.776391696208883,25.37213184721009,23.981588723717582,23.246296625847425,22.679931261522,21.78872237652479,21.063995649790616,20.647863055494984,20.20678547009314,19.88809385242454,19.805015174503772,19.71064169417139,19.380565259007337,19.095287334456433,,22.679931261522,20.20678547009314,,28.164194646614686,22.417973648795435,"rgba(38, 166, 154, 0.5)",4.286673887239859,23.73476550733556,0.6238625673450489,48.62432053568908,3.1272149821949995,False,True,False,False,False,4.770826009573188,0.0,0.0,0.0,0.0,0,1.038167440443267,0.8945896040467054,False,False,False,False,0.06979440109694343,0.10188066984875617,False,False,False,False,-66961,-57204.54695143117,False,False,False,False,15424.859660642844,False,False,False,False
2024-05-02 00:00:00+00:00,25.3836294939,26.7662808355,25.3836294939,26.3670350074,5563,,,,,,,,,,,,,,,,,,28.136283129623767,,,,,,,,,,,,,,,27.180231791294272,27.793616787144476,26.77000808700944,25.374741007844623,23.98898617835232,23.255384955298712,22.690239611834023,21.799376620570687,21.07444720323517,20.658431206301405,20.217415142979196,19.89866422877098,19.815554123865684,19.721157545303555,19.390875466846083,19.10549260733471,,22.690239611834023,20.217415142979196,,28.136283129623767,22.420913910249084,#000000,4.282448568571759,23.736131655665478,0.3847093110061515,45.49130430070845,0.25052591463700935,False,True,False,True,False,2.833378414682734,0.0,0.0,0.0,0.0,1,1.0441171295475404,0.8812748141029325,False,False,False,False,0.049667389578864546,0.07577402971381036,False,False,False,False,-72524,-57805.30981608093,False,False,False,False,15038.120066107831,False,False,False,False
2024-05-03 00:00:00+00:00,27.4513026249,27.728589359,25.3836294939,25.3836294939,5455,,,,,,,,,,,,,,,,,,28.12133596794912,,,,,,,,,,,,,,,27.17108198739964,27.77992710584063,26.770571902694726,25.38271252369903,24.00010064337471,23.267687753663356,22.70349865339431,21.812364788154586,21.086812196970424,20.670762616686336,20.22966347995396,19.910747528620114,19.827578089700392,19.733129345836474,19.40253085457322,19.11696514177624,,22.70349865339431,20.22966347995396,,28.12133596794912,22.42913341327113,"rgba(38, 166, 154, 0.5)",4.2651298712696395,23.74339078391548,0.8693549675852547,47.605639786589734,0.25052591463700935,False,True,False,True,False,6.268114207008189,0.0,0.0,0.0,0.0,1,1.0403576928148626,0.8748784037841602,False,False,False,False,0.06567945884970555,0.07072674428175796,False,False,False,False,-67069,-58168.59178407776,False,False,False,False,14662.311436064387,False,False,False,False
2024-05-06 00:00:00+00:00,29.140742866,29.140742866,27.1907421897,27.737078586,14695,,,,,,,,,,,,,,,,,,28.132587021986605,,,,,,,,,,,,,,,27.26391840355705,27.806785543160604,26.800945389293513,25.427170609202783,24.046536557117985,23.31534466590769,22.75271518051667,21.858270400526152,21.129235369011816,20.71246437143967,20.270529018510782,19.950711631577843,19.86726042055552,19.772544888814135,19.440602938037145,19.154202058919306,,22.75271518051667,20.270529018510782,,28.132587021986605,22.473077340384293,"rgba(38, 166, 154, 1.0)",4.260233022646433,23.787339659013732,1.2565986833416836,51.53851363590725,-3.7862451997664905,False,True,False,False,True,8.891424334696922,0.0,0.0,0.0,0.0,1,1.054143208966526,0.8659332232194,False,False,False,False,0.14962614321298082,0.11017644374736939,False,False,False,False,-52374,-57941.352890584516,False,False,False,False,14663.59334053245,False,False,False,False
2024-05-07 00:00:00+00:00,28.7288892749,29.3676825999,28.3002253331,28.4431133137,6407,,,,,,,,,,,,,,,,,28.798932402633334,28.141319627657428,,,,,,,,,,,,,,,27.309599142506315,27.822865633743383,26.816209456118695,25.448068739369674,24.067866500047934,23.337073026434986,22.775050939964913,21.879009085446718,21.14834800340455,20.731222266672738,20.288883310736544,19.96864422241828,19.885062553191133,19.790222739988337,19.457664514835578,19.170877708488252,,22.775050939964913,20.288883310736544,,28.470126015145382,22.493541740210503,"rgba(38, 166, 154, 1.0)",4.236221427285958,24.211409292292686,1.0663937332240798,53.359644237523455,-2.207533722941122,False,True,True,False,True,8.102420711274682,0.0,0.0,0.0,0.0,0,1.0654224592450872,0.8643635391180343,False,False,False,False,0.18503126358103197,0.14760385366420067,False,False,False,False,-58781,-57974.28022820865,False,False,False,False,14339.805366393924,False,False,False,False
2024-05-08 00:00:00+00:00,23.1982839083,27.0646645597,23.1982839083,26.9133714038,26256,,,,,,,,,,,,,,,,,25.332867944189125,27.95506957692143,,,,,,,,,,,,,,,27.002797972864013,27.615107837120785,26.745503293060953,25.424264695078687,24.07543776033908,23.355448563043513,22.800582413873197,21.91055822696284,21.18209886268741,20.76658932957596,20.325585570137022,20.005862537013275,19.922347046097542,19.82761871060064,19.49496197832843,19.208280282051142,,22.800582413873197,20.325585570137022,,26.64396876055528,22.478940317427156,#000000,4.185263526766862,24.010287173807736,-0.194014847646885,47.46805736961042,3.5399036846040275,False,True,False,False,False,0.0,0.0,0.0,0.0,0.0,0,1.0172888277505532,0.8757374738573814,False,False,False,False,-0.00781746677244053,0.06989319344588008,False,False,False,False,-85037,-59035.56335651419,False,False,False,False,14807.107116731419,False,False,False,False
2024-05-09 00:00:00+00:00,21.5844902451,22.5594905833,21.1894470047,22.2148783948,33721,,,,,,,,,,,,,,,,,23.52700910331362,27.575553639424765,,,,,,,,,,,,,,,26.362733441093162,27.182769959319057,26.5590890023797,25.3118370429534,24.02335085773248,23.323723836676795,22.78136135994006,21.908527384643833,21.189733853479883,20.778672667174813,20.34171008294621,20.02441156473002,19.941454755602365,19.847358760145042,19.516499412410756,19.231290406916077,,22.78136135994006,20.34171008294621,,25.551281371369193,22.395282774258977,"rgba(239, 83, 80, 0.5)",4.133144789338751,23.81118816028023,-0.5387418125113574,42.26554791049408,-1.0472615821350502,False,True,False,True,False,0.0,0.0,0.0,0.0,0.0,0,1.0030585304407236,0.9119228980608397,False,False,False,False,-0.20679047224079639,-0.06844863939745816,False,False,False,False,-118758,-61377.61969547442,False,False,False,False,15548.828406271363,False,False,False,False
2024-05-10 00:00:00+00:00,20.9709124461,21.5424643685,20.4329812251,21.5004384919,11807,,,,,,,,,,,,,,,,,23.142725575057025,27.436705008055362,,,,,,,,,,,,,,,26.141439265573272,27.02603393864509,26.486763290679384,25.26559493246361,23.999400958512027,23.3073520636259,22.769599440058027,21.903591483667096,21.188806328603047,20.77952031949427,20.34419015713071,20.027909032415856,19.94519365057982,19.85136630203538,19.521324945662045,19.236762943760187,,22.769599440058027,20.34419015713071,,25.289715291556192,22.362178065806606,"rgba(239, 83, 80, 0.5)",4.09055295566734,23.749334112340726,-0.6792288710970735,38.34161453991517,-4.402633441219592,False,True,False,True,False,0.0,0.0,0.0,0.0,0.0,0,0.9951023442309388,0.931872437552997,False,False,False,False,-0.28384978034024,-0.17614920986884908,False,False,False,False,-130565,-64090.85029565189,False,False,False,False,15402.090037397975,False,False,False,False
2024-05-13 00:00:00+00:00,17.8862131003,20.8532399915,17.3147452297,20.8532399915,117539,,,,,,,,,,,,,,,,,20.465629494420273,25.91992549893694,,,,,,,,,,,,,,18.684732773833332,23.975312636672378,25.349047710248993,25.59466874191068,24.633151052786765,23.613039030243254,23.00654340356575,22.52000912781674,21.741461460502933,21.08218119907249,20.696094633258287,20.282589228944506,19.98079094882234,19.90166827980956,19.81174357750155,19.494774384412416,19.220104187122296,,22.52000912781674,20.282589228944506,,23.19277749667861,21.74046543391319,"rgba(239, 83, 80, 1.0)",4.113533583657817,22.963224194622974,-1.2342213795197505,33.77662838631484,-8.393918366228391,False,True,False,True,False,0.0,0.0,0.0,0.0,0.0,0,0.9620239898324123,0.9458375846655092,True,False,False,False,-0.34282825441539394,-0.25948873214212154,False,False,False,False,-248104,-71307.05224484202,True,False,False,False,19407.45905553923,True,False,False,False
2024-05-14 00:00:00+00:00,18.491385724,19.0629376464,17.4407388079,17.8105665224,24484,,,,,,,,,,,,,,,,,20.22837192488842,25.65552891522012,,,,,,,,,,,,,,18.623869652296424,23.653294747052225,25.06698051832286,25.42570410192546,24.509478647111603,23.53425534165024,22.94402275643557,22.46737134820768,21.706057275915633,21.05799941007797,20.67664127922622,20.267619578068945,19.968827925432517,19.890455968936088,19.8013461293918,19.487135835560302,19.21455441127617,,22.46737134820768,20.267619578068945,,22.94195042005427,21.664447936875746,"rgba(239, 83, 80, 1.0)",4.118957924470137,22.85068746124518,-1.0583506355690584,31.73137279038917,-10.087817177289935,False,True,False,True,False,0.0,0.0,0.0,0.0,0.0,0,0.9623840789694476,0.996274345663344,False,False,False,False,-0.34282825441539394,-0.30115849327875777,False,False,False,False,-223620,-77280.1090195541,False,False,False,False,19606.53909257691,False,False,False,False
2024-05-15 00:00:00+00:00,19.5000067635,19.7101361468,18.4241443214,19.3739291336,14946,,,,,,,,,,,,,,,,,20.163738365605152,25.521320610552124,,,,,,,,,,,,,,18.679814859089532,23.5037881074522,24.926743858094834,25.33868995298819,24.446756940820634,23.49524634586095,22.913796984187304,22.442582422702355,21.690345204916202,21.048142026625104,20.669319112985534,20.262695424107246,19.96548873385159,19.88750855504806,19.79882715537419,19.4860349274924,19.21454253870489,,22.442582422702355,20.262695424107246,,22.84252948807864,21.633548420605955,"rgba(239, 83, 80, 0.5)",4.1339723064310565,22.80250230623462,-0.7988673599958707,32.00564411688907,-10.087817177289935,False,True,False,True,False,0.0,0.0,0.0,0.0,0.0,0,0.9437373810030839,1.0048440260200875,False,False,False,False,-0.2985132637186025,-0.2998358784986801,False,False,False,False,-208674,-82432.81062663042,False,False,False,False,19423.77285365233,False,False,False,False
2024-05-16 00:00:00+00:00,19.6765154454,19.9822116722,18.9368600165,18.9368600165,6016,,,,,,,,,,,,,,,,,20.147976573630693,25.471528331980153,,,,,,,,,,,,,,18.71126510220372,23.450695424660008,24.87523380785693,25.30614525003077,24.42344736875417,23.480902309949634,22.902809418901157,22.433689686296997,21.684886879455938,21.044890960678156,20.667035702008157,20.261326510128782,19.96472058532383,19.886888261850714,19.79836909392253,19.48610846598529,19.215027006433512,,22.433689686296997,20.261326510128782,,22.809752452805423,21.62314363732002,"rgba(239, 83, 80, 0.5)",4.140545657471034,22.785858212736578,-0.7509500014149596,32.47856423567032,-10.087817177289935,False,True,False,True,False,0.0,0.0,0.0,0.0,0.0,0,0.9382297447774298,1.0112204702862566,False,False,False,False,-0.2775937118566281,-0.2887147951776541,False,False,False,False,-202658,-87147.52393539003,False,False,False,False,18897.97783978361,False,False,False,False
2024-05-17 00:00:00+00:00,20.6935416603,20.962423219,19.7017309714,20.0043172833,10400,,,,,,,,,,,,,,,,,20.16056808706335,25.400420577955945,,,,,,,,,,,,,,18.815711979881574,23.38297991711247,24.803419641590818,25.259571460802356,24.391155999595593,23.46207335399385,22.88912460913356,22.423281272861843,21.679523160737773,21.042703572914387,20.66629398615903,20.261943752097416,19.966209976247466,19.888588718027012,19.800303809013933,19.488782050431983,19.21828467610544,,22.423281272861843,20.261943752097416,,22.780494332509647,21.614114819806264,"rgba(239, 83, 80, 0.5)",4.132048684734465,22.76865132289739,-0.5021987447204396,34.471441554694806,-10.087817177289935,False,True,False,True,False,0.0,0.0,0.0,0.0,0.0,0,0.9389367639185242,1.0008151999808514,False,False,False,False,-0.2318850653989728,-0.26029993028831344,False,False,False,False,-192258,-91269.50338890414,False,False,False,False,18564.723806850918,False,False,False,False
2024-05-20 00:00:00+00:00,19.9538862313,21.4500074399,19.9538862313,20.4494553687,24293,,,,,,,,,,,,,,,,,20.186283801834183,25.241921982921273,,,,,,,,,,,,,,19.01687122840635,23.236127201072744,24.644426801452152,25.15418801750039,24.31773625977275,23.41899102008198,22.85774698550898,22.399389896156354,21.667174600168217,21.037656773842645,20.66458148988289,20.263370348495894,19.96965401051381,19.89252139706884,19.804778956779806,19.494970101960607,19.22582791269481,,22.399389896156354,20.263370348495894,,22.714102892377728,21.592118411844663,"rgba(239, 83, 80, 0.5)",4.143449827668101,22.728229856663273,-0.6695733605454685,35.068989437566316,-10.087817177289935,False,True,False,True,False,0.0,0.0,0.0,0.0,0.0,0,0.9455137878855433,0.9929273931121291,False,False,False,False,-0.21280306666870386,-0.23655149847850865,False,False,False,False,-216551,-96182.50325600593,False,False,False,False,18789.3620889352,False,False,False,False
2024-05-21 00:00:00+00:00,20.508627803,20.8279404138,19.8908474163,20.0799638612,8498,,,,,,,,,,,,,,,,,20.1929435745998,25.18836646721892,,,,,,,,,,,,,,19.07425660619538,23.187422677845024,24.590969398361118,25.118075423836668,24.2924136296971,23.40399351128606,22.84676575724418,22.390985066697574,21.662760939721558,21.03578204286871,20.663867425312763,20.263750913088195,19.97073991979835,19.89377844615802,19.80622591820466,19.497018665446788,19.228352212069982,,22.390985066697574,20.263750913088195,,22.69065502090936,21.583950503166598,"rgba(239, 83, 80, 0.5)",4.141905141722468,22.713734303581454,-0.5323894259114854,36.42198124307815,-10.087817177289935,False,True,False,True,True,0.0,0.0,0.0,0.0,0.0,0,0.9387140763469526,1.0709958984572956,False,False,False,False,-0.230470234218159,-0.23351086634833382,False,False,False,False,-208053,-100569.58155969197,False,False,False,False,18385.77926191813,False,False,False,False
2024-05-22 00:00:00+00:00,21.2398780566,21.3155246346,20.4161708744,20.508627803,16760,,,,,,,,,,,,,,,,,20.237334999733356,25.098582109198396,,,,,,,,,,,,,,19.21831880461399,23.11522869709113,24.503519423243883,25.05703782765873,24.2507560941858,23.380506603209202,22.830491584809863,22.379417366982647,21.658141487468964,21.03551736247199,20.665658464946677,20.267473900703465,19.97568535434288,19.899016472174768,19.81179180236735,19.50359028256045,19.235735068048132,,22.379417366982647,20.267473900703465,,22.667958554465876,21.575758035110585,#000000,4.131486609015226,22.695489766341517,-0.3523215364090156,38.565121752168245,-10.087817177289935,False,True,False,True,True,0.0,0.0,0.0,0.0,0.0,0,0.917183187561899,1.045849827908504,False,False,False,False,-0.20439658649645626,-0.21895372642239502,False,False,False,False,-191293,-104127.36267499818,False,False,False,False,18322.023212431144,False,False,False,False
2024-05-23 00:00:00+00:00,20.7607830629,21.5382617808,20.7607830629,21.0213434981,9919,,,,,,,,,,,,,,,,,20.262291710764842,25.04759962976568,,,,,,,,,,,,,,19.29506315959408,23.075256042014544,24.454153825614753,25.02201239455413,24.22681157192921,23.366989000749257,22.821145686588988,22.372803989761024,21.655556516350547,21.035463641389644,20.666804378205217,20.269748265474185,19.978673850716643,19.90217588679952,19.815142858485533,19.507528773468206,19.240148127337143,,22.372803989761024,20.269748265474185,,22.654945670265263,21.570910468766627,#000000,4.1179409326022745,22.684853570131175,-0.46724091936289275,39.39079059909663,-10.087817177289935,False,True,False,True,True,0.0,0.0,0.0,0.0,0.0,0,0.9334704226983896,1.0284533735827257,False,False,False,False,-0.18991326036947795,-0.20443349339593647,False,False,False,False,-201212,-107934.60335441002,False,False,False,False,17992.492890375022,False,False,False,False
2024-05-24 00:00:00+00:00,21.5004384919,21.5004384919,20.4413864004,20.9456969201,7524,,,,,,,,,,,,,,,,,20.28319673551852,25.010966623360623,,,,,,,,,,,,,,19.353043022039582,23.047756165450828,24.418986807017184,24.996680214595866,24.209596641615928,23.357389451482348,22.814617711556966,22.368298881495914,21.654000093044054,21.0357558032646,20.667980671363097,20.27175592769828,19.981205508336597,19.9048325583741,19.81794005898624,19.510753338571437,19.24371982006932,,22.368298881495914,20.27175592769828,,22.647081679439573,21.567900745586016,#000000,4.092275294436332,22.677701125052657,-0.287679236720269,41.25611564614262,-15.295156356508734,False,True,False,True,True,0.0,0.0,0.0,0.0,0.0,0,0.9322560776205486,1.0242275375797447,False,False,False,False,-0.199022836695628,-0.20172816504578223,False,False,False,False,-193688,-111297.48165423708,False,False,False,False,17581.96375741914,False,False,False,False
2024-05-28 00:00:00+00:00,21.1053952514,21.7694041024,21.0130223745,21.5928954205,11519,,,,,,,,,,,,,,,,21.295940576099998,20.318538101936845,24.95830244381398,,,,,,,,,,,,,,19.44188944767703,23.010316416122503,24.36895263501354,24.960004740958258,24.184871224943176,23.343829603450395,22.805603237333905,22.362296802173756,21.652328857397425,21.036791151963357,20.67032484792054,20.27533016975523,19.985551118272898,19.90936146766213,19.822675664199476,19.51611130692768,19.249586710220473,,22.362296802173756,20.27533016975523,,22.19092704061694,21.564460317764222,#000000,4.070059940759869,22.68129149979115,-0.38719239306754144,41.93252250650981,-14.331222469281904,False,True,False,True,True,0.0,0.0,0.0,0.0,0.0,0,0.9420359768094738,1.0288862056832184,False,False,False,False,-0.17763550739971826,-0.18968183622275026,False,False,False,False,-205207,-114980.20786387484,False,False,False,False,17344.200472814468,False,False,False,False
2024-05-29 00:00:00+00:00,20.2564725431,21.0129383228,20.2564725431,20.8112141149,5141,,,,,,,,,,,,,,,,21.05298889743811,20.321453268100868,24.93032709634638,,,,,,,,,,,,,,19.46322512780618,22.986679666079198,24.34154631554446,24.940402860613954,24.171000451088783,23.33553059981547,22.799534265391912,22.35767785172755,21.649951338008286,21.035854808379607,20.670055898661133,20.27569297449629,19.986321614455765,19.910230938265833,19.823655169859638,19.51743902410327,19.25119107399866,,22.35767785172755,20.27569297449629,,22.101589753961786,21.559764116370353,"rgba(239, 83, 80, 0.5)",4.070223849501347,22.661038656017684,-0.5907699924691547,41.19939167496123,-14.331222469281904,False,True,False,True,True,0.0,0.0,0.0,0.0,0.0,0,0.9304983499087796,1.0411287468210941,False,False,False,False,-0.21626040434504454,-0.2029711202838974,False,False,False,False,-210348,-118720.12128097778,False,False,False,False,16865.643591527627,False,False,False,False
2024-05-30 00:00:00+00:00,20.7187571862,20.8448348162,20.3657398224,20.6851364849,7772,,,,,,,,,,,,,,,,20.922603580499647,20.32874162457625,24.889962599220627,,,,,,,,,,,,,,19.497853862844146,22.95367631628609,24.302273342651702,24.911984314425652,24.15099140219764,23.323668750615134,22.790955065347287,22.351243305721745,21.64679709744801,21.0348050253505,20.66998831438622,20.276554737782806,19.987780933168715,19.911834927101786,19.825420342352963,19.519710914255487,19.25386732250544,,22.351243305721745,20.276554737782806,,22.047102601432172,21.553494469084782,#000000,4.064656997138202,22.643341834352928,-0.4734925110551681,41.6518942979934,-13.954615936286558,False,True,False,True,True,0.0,0.0,0.0,0.0,0.0,0,0.9191956452205581,1.0640948563134611,False,False,False,False,-0.21777458723569865,-0.21037285375979803,False,False,False,False,-202576,-122008.58711309629,False,False,False,False,16509.030117350074,False,False,False,False
2024-05-31 00:00:00+00:00,20.2480673678,20.4666019264,19.869834478,20.4666019264,3346,,,,,,,,,,,,,,,,20.834940140375878,20.327447975023667,24.871008292165623,,,,,,,,,,,,,,19.50655062450063,22.937050801345233,24.283581201742873,24.898592326264033,24.141354911257235,23.31774546973472,22.786516041562408,22.34776484987995,21.644841419995736,21.033839536122315,20.66947578194423,20.27647230272225,19.98797880551398,19.912101329857794,19.825762610142082,19.52029701856647,19.254645575187073,,22.34776484987995,20.27647230272225,,22.011132135855053,21.54968062390229,"rgba(239, 83, 80, 0.5)",4.047922987365945,22.63277414593641,-0.589118613565368,41.246260912499984,-13.954615936286558,False,True,False,True,True,0.0,0.0,0.0,0.0,0.0,0,0.885978254402437,1.070713228610771,False,False,False,False,-0.2403912627252073,-0.22538205824250268,False,False,False,False,-205922,-125299.30918709251,False,False,False,False,15992.832857846151,False,False,False,False
2024-06-03 00:00:00+00:00,20.1051793872,20.9792335697,19.8667245631,20.2984984198,6087,,,,,,,,,,,,,,,,20.741852214600357,20.32726831694235,24.837807423760342,,,,,,,,,,,,,,19.524540022178407,22.908639405055204,24.25101283148066,24.875051720085704,24.124483338548288,23.307446671434267,22.778858400986955,22.341823159068774,21.641595875553243,21.032343824737335,20.668785564379082,20.276546622912836,19.988549902099063,19.912793611128723,19.826589276574744,19.521553352310498,19.256241670023293,,22.341823159068774,20.276546622912836,,21.968975985101014,21.543344426385712,"rgba(239, 83, 80, 0.5)",4.046981308587407,22.61764137178989,-0.6208237184734767,40.75510205063823,-13.954615936286558,False,True,False,True,True,0.0,0.0,0.0,0.0,0.0,0,0.8694749316848747,1.108029409086247,False,False,False,False,-0.22013371235544185,-0.22275788529897228,False,False,False,False,-212009,-128699.68921897124,False,False,False,False,15604.368824205125,False,False,False,False
2024-06-04 00:00:00+00:00,19.4916015882,20.3573346471,18.9067694888,20.0127224586,17601,,,,,,,,,,,,,,,,20.346297569866238,20.291973037123068,24.729363352218964,,,,,,,,,,,,,,19.528200515087082,22.80759809965919,24.142806613933896,24.79760995994995,24.067307118269863,23.27086948436696,22.750477110994574,22.318696802020373,21.627163729631114,21.023664694002605,20.662683962597143,20.27290430815963,19.986536042203014,19.911182341468763,19.825420641251334,19.521842392282835,19.257664684839803,,22.318696802020373,20.27290430815963,,21.789211319736093,21.51603697063048,"rgba(239, 83, 80, 0.5)",4.076306188707427,22.556560046486037,-0.751896034399201,39.47572280201513,-13.954615936286558,False,True,False,True,True,0.0,0.0,0.0,0.0,0.0,0,0.8562184740087346,1.096775780339146,False,False,False,False,-0.260972110566172,-0.24186499793257213,False,False,False,False,-229610,-132656.95630842337,False,False,False,False,15682.668086001002,False,False,False,False
2024-06-05 00:00:00+00:00,20.6683261343,20.7103520109,19.4495757115,19.4916015882,15639,,,,,,,,,,,,,,,,20.329934253568478,20.291328766759186,24.649141887541063,,,,,,,,,,,,,,19.56623878536954,22.741010808950563,24.064736551267405,24.739549777548543,24.025345825757988,23.24494733448369,22.7310917958819,22.303583214097923,21.618790669451624,21.0197019478836,20.660759276157567,20.272919127081153,19.987814998654517,19.912770280060702,19.827351206523968,19.524871931092385,19.261563697581067,,22.303583214097923,20.272919127081153,,21.75680163595624,21.500179248696714,#000000,4.068750027602789,22.52968436605565,-0.45747667444006634,41.3889759802732,-13.063880850476174,False,True,False,True,True,0.0,0.0,0.0,0.0,0.0,0,0.867872241140442,1.0706889568994655,False,False,False,False,-0.23517340613062393,-0.23851920203159804,False,False,False,False,-213971,-135845.74233554403,False,False,False,False,15680.95561204018,False,False,False,False
2024-06-06 00:00:00+00:00,20.0715586859,21.0044490957,20.0715586859,20.458196751,4691,,,,,,,,,,,,,,,,20.33337023676426,20.29242463112275,24.62621153407581,,,,,,,,,,,,,,19.57850493509596,22.72254840357359,24.042570676498254,24.722832304017935,24.013292004212946,23.237534746370955,22.725585687021823,22.29932902813753,21.6164968135771,21.01869044528649,20.66034439631301,20.2730721017339,19.988337263448884,19.913382652430002,19.828063661032573,19.525904001687763,19.26284950310521,,22.29932902813753,20.2730721017339,,21.75066880065427,21.49584344844376,"rgba(239, 83, 80, 0.5)",4.043787183002878,22.522593969816093,-0.6061237085419456,41.63404192328022,-12.60407934099981,False,True,False,True,True,0.0,0.0,0.0,0.0,0.0,0,0.8792708174467212,1.0889151611587653,False,False,False,False,-0.2054348879314279,-0.22197704498151297,False,False,False,False,-218662,-139093.4387145423,False,False,False,False,15249.976960587624,False,False,False,False
2024-06-07 00:00:00+00:00,20.0799638612,20.424491998,19.844618952,20.1976363158,10770,,,,,,,,,,,,,,,,20.305062956797407,20.2876974694993,24.57124307525108,,,,,,,,,,,,,,19.596441984504448,22.67653600449703,23.98904788392408,24.68260784185886,23.98391056450537,23.219087570735876,22.711616465881008,22.288286436063462,21.610133419501377,21.01541370704018,20.658488468260035,20.272571531421136,19.988724993924826,19.913988332568426,19.828910575413513,19.527530814266164,19.26509132861945,,22.288286436063462,20.272571531421136,,21.721334500515926,21.484022818999136,"rgba(239, 83, 80, 0.5)",4.004061149737722,22.502244463799354,-0.6049559464789944,41.81783216497535,-12.168757440945562,False,True,False,True,True,0.0,0.0,0.0,0.0,0.0,0,0.8772912014602192,1.0752785209554265,False,False,False,False,-0.2289975109304972,-0.2254872779560051,False,False,False,False,-207892,-141791.42151005045,False,False,False,False,15074.291589584189,False,False,False,False
2024-06-10 00:00:00+00:00,19.6344895688,19.9239833439,19.2258776198,19.7792364563,14802,,,,,,,,,,,,,,,,20.197085424557244,20.26303871647319,24.489252965422146,,,,,,,,,,,,,,19.596369300728487,22.603529918944876,23.90823244585776,24.62227172225707,23.93889571705062,23.18988457814636,22.688850053120753,22.269689715484112,21.59845220339311,21.008358676306603,20.653524059242216,20.26960906132431,19.98709201298258,19.912684577105246,19.827969099121802,19.52778451646758,19.266277212642247,,22.269689715484112,20.26960906132431,,21.649792368817526,21.46291028648093,"rgba(239, 83, 80, 0.5)",3.982681856478375,22.464918976414218,-0.7106842850151687,41.123320385586034,-12.168757440945562,False,True,False,True,True,0.0,0.0,0.0,0.0,0.0,1,0.8737846758995,1.0789297278078251,False,False,False,False,-0.26210628850226597,-0.24379678322913553,False,False,False,False,-222694,-144964.07164691124,False,False,False,False,15063.613488031868,False,False,False,False
2024-06-11 00:00:00+00:00,20.2219916417,20.3326804381,19.2428215201,19.4131119761,3559,,,,,,,,,,,,,,,,20.187755244143172,20.26023441779029,24.471273066337364,,,,,,,,,,,,,,19.599874312553816,22.588401927229324,23.890729267536695,24.608937484722258,23.929040421342307,23.18358605005828,22.68401767054827,22.26581624274626,21.596133722832477,21.007075568105435,20.652715860949833,20.269255157967212,19.987037654111322,19.912704015687293,19.828070066594353,19.52815127135656,19.266852896181685,,22.26581624274626,20.269255157967212,,21.63975424275694,21.45872938767784,"rgba(239, 83, 80, 0.5)",3.9706321346860873,22.457906282278675,-0.5631130169542745,42.22196399432322,-11.36621167666452,False,True,False,True,True,0.0,0.0,0.0,0.0,0.0,1,0.9043515095748834,1.058929021482313,False,False,False,False,-0.24945272858503506,-0.2466247559070853,False,False,False,False,-219135,-147872.73550389512,False,False,False,False,14612.452174775717,False,False,False,False
2024-06-12 00:00:00+00:00,20.9457260795,21.2181908089,19.9324978667,20.3582240065,10348,,,,,,,,,,,,,,,20.698804918366665,20.235280223059053,20.27079247369408,24.42848413167337,,,,,,,,,,,,,,19.632212161430697,22.55778890136764,23.850387340841905,24.57687769474313,23.906100967853785,23.169694474169265,22.673949422458545,22.25830141593039,21.592517404747802,21.006010286506243,20.65286558102805,20.27056232114058,19.98909229210316,19.914940045713227,19.83050867468072,19.53122766876928,19.270441560627408,,22.25830141593039,20.27056232114058,,21.408340436698293,21.45196930671246,#000000,3.9319519784639185,22.419466045171472,-0.374811282981948,44.720042570848534,-8.85797049507562,False,False,False,True,True,0.0,0.0,0.0,0.0,0.0,1,0.9123783318745888,1.0465350564946354,False,False,False,False,-0.20326580218385906,-0.22494527904547218,False,False,False,False,-208787,-150261.5301900169,False,False,False,False,14445.218756157063,False,False,False,False
2024-06-13 00:00:00+00:00,20.1964480734,20.67326135,20.1794190278,20.179504173,2126,,,,,,,,,,,,,,,20.639307011197317,20.23742550050981,20.271180873756453,24.41900144103588,,,,,,,,,,,,,,19.636523878619954,22.550463769252946,23.841320900854218,24.569768922511518,23.900919746959445,23.166459145053263,22.671530163448026,22.256422795330973,21.59148923119869,21.005544664178895,20.652663388262127,20.27061177350654,19.98930603568446,19.91519397422006,19.830807246260004,19.53166933630027,19.270996974777535,,22.256422795330973,20.27061177350654,,21.391728706624868,21.45009952625994,"rgba(239, 83, 80, 0.5)",3.9062221776530146,22.413514138941146,-0.5675729553287294,44.762922607143736,-8.712217178679637,False,False,False,True,True,0.0,0.0,0.0,0.0,0.0,1,0.9079959580572505,1.0459877079294146,False,False,False,False,-0.2119328457541466,-0.21843906239980937,False,False,False,False,-210913,-152640.0192021731,False,False,False,False,13962.11213826855,False,False,False,False
2024-06-14 00:00:00+00:00,20.0772447542,20.9797841706,19.9324978667,20.1794190278,25074,,,,,,,,,,,,,,,20.432651022185798,20.254159625251273,20.274399103241052,24.30987038124816,,,,,,,,,,,,,,19.682410328785032,22.466851959015447,23.737240745780806,24.48731062130356,23.84059668753394,23.128589115092975,22.643131900172712,22.23431421083878,21.579298108878447,20.99993769869813,20.650143862672415,20.271045053669138,19.991670022078686,19.918030661041527,19.83416902355405,19.536716978884,19.277384793555772,,22.23431421083878,20.271045053669138,,21.31777003298157,21.42816716303267,"rgba(239, 83, 80, 0.5)",3.881965980250234,22.36797198688965,-0.5900946181249093,44.53968475275182,-8.712217178679637,False,False,False,True,True,0.0,0.0,0.0,0.0,0.0,1,0.8868800737417061,1.066097144214963,False,False,False,False,-0.21019696546686656,-0.21431801393333796,False,False,False,False,-235987,-155908.52825306827,False,False,False,False,14397.872446571746,False,False,False,False
2024-06-17 00:00:00+00:00,18.7319501524,20.507057865,18.2679086599,19.5706306478,47969,,,,,,,,,,,,,,,19.72381642572627,19.97495860850696,20.16939959454314,24.060144059703273,,,,,,,,,,,,,19.168972225766666,19.62470698954678,22.24525852893091,23.492101328945807,24.29653449530206,23.694353284476822,23.029976540868788,22.564356831929402,22.168463804279092,21.535549566664585,20.971325619876886,20.628353589876387,20.255834844959377,19.980887278245884,19.908353741166096,19.825705254199047,19.532321032528866,19.27614784081874,,22.168463804279092,20.255834844959377,,20.982079672119912,21.233289044354564,"rgba(239, 83, 80, 0.5)",3.8950270154692688,22.098369033344213,-0.8642864009862664,41.84887363354891,-8.712217178679637,False,True,False,True,False,0.0,0.0,0.0,0.0,0.0,1,0.8618838700865958,1.07288925287012,False,False,False,False,-0.27331949718297394,-0.24381875555815596,False,False,False,False,-283956,-160929.9977333401,False,False,False,False,15714.387252588542,False,False,False,False
2024-06-18 00:00:00+00:00,18.7319501524,19.2428215201,18.7319501524,18.7319501524,18669,,,,,,,,,,,,,,,19.576598959506903,19.877321830994738,20.12422610005473,23.964441168493334,,,,,,,,,,,,,19.09424590495144,19.594430969165952,22.16006432719448,23.398205812017355,24.222263043558673,23.636671782714703,22.990352181043633,22.53232248866206,22.141382480595478,21.517078457496666,20.958817999082545,20.618526896525353,20.248603030901236,19.97541310072645,19.903320467309793,19.82115485971883,19.529403293126332,19.274494838330906,,22.141382480595478,20.248603030901236,,20.885647014762426,21.200930662951215,"rgba(239, 83, 80, 0.5)",3.907870696281256,22.040937808403616,-0.8467495250424893,40.05499955408031,-6.51524907389836,False,True,False,True,False,0.0,0.0,0.0,0.0,0.0,1,0.8503345066316318,1.1188778527365553,False,False,False,False,-0.29609067438021486,-0.26995471496918544,False,False,False,False,-283956,-165754.54684183656,False,False,False,False,15830.254419153698,False,False,False,False
2024-06-20 00:00:00+00:00,19.5578588636,19.5578588636,19.3407385323,19.3407385323,1988,,,,,,,,,,,,,,,19.574892951285765,19.87356052233187,20.121810489392775,23.955609013028504,,,,,,,,,,,,,19.10557957084462,19.593946961496172,22.152825884989245,23.389700809557574,24.215328316868284,23.631357792005566,22.986773084026325,22.52948702619212,22.139039615319824,21.515562109341328,20.957870207129417,20.617840435132248,20.24816912201434,19.97514847483627,19.903097996704442,19.820978821047806,19.529381647356505,19.274594118756884,,22.139039615319824,20.24816912201434,,20.881468244009728,21.19926011075661,"rgba(239, 83, 80, 0.5)",3.9489874328771313,22.037700175614766,-0.6279689044763602,41.27013609036898,-6.51524907389836,False,True,False,True,False,0.0,0.0,0.0,0.0,0.0,1,0.8503227314515873,1.1019180634317836,False,False,False,False,-0.2620309641467688,-0.26599283955797715,False,False,False,False,-281968,-170311.93716176457,False,False,False,False,15287.42091252022,False,False,False,False
2024-06-21 00:00:00+00:00,19.166190815,19.3662821007,19.166190815,19.3194522253,5600,,,,,,,,,,,,,,,19.557758123598706,19.85669286948702,20.112440570004566,23.92952056922054,,,,,,,,,,,,,19.11518438183506,19.58948432644922,22.130733803884194,23.364403364676022,24.194865153659617,23.615554098443432,22.97600577673286,22.52086765759153,22.13183603888387,21.510772879858756,20.954750008525572,20.615480846529053,20.24654555575941,19.97402084096678,19.902094306924873,19.820111317453375,19.52897057680559,19.274538911311197,,22.13183603888387,20.24654555575941,,20.864103033077708,21.192567769238355,"rgba(239, 83, 80, 0.5)",3.9998186366777597,22.025624956024593,-0.7148909490055361,41.26361147421864,-6.51524907389836,False,True,False,True,False,0.0,0.0,0.0,0.0,0.0,1,0.8525350118210913,1.0867609190461913,False,False,False,False,-0.27414471855991224,-0.27006877905894466,False,False,False,False,-287568,-174910.214135813,False,False,False,False,14907.522053205703,False,False,False,False
2024-06-24 00:00:00+00:00,19.5919169548,20.6050600224,19.3960829305,19.3960829305,18757,,,,,,,,,,,,,,,19.601815135127783,19.857313659190876,20.10398032275291,23.855671073893014,,,,,,,,,,,,,19.266310517216397,19.600411229988016,22.074719041956374,23.29448325410928,24.136101118141838,23.570946661303367,22.94639566278888,22.497804964582322,22.11316543289166,21.499283507988554,20.948183504781795,20.611218790580704,20.244509353450546,19.973465626363076,19.901905940133798,19.820328835988395,19.530520837591233,19.277142463922416,,22.11316543289166,20.244509353450546,,20.854695047741146,21.18371648576548,"rgba(239, 83, 80, 0.5)",4.0404621938883,22.007760449358564,-0.5979126591539028,42.48943084319681,-6.51524907389836,False,False,False,True,True,0.0,0.0,0.0,0.0,0.0,1,0.8532256088026627,1.071673785677707,False,False,False,False,-0.2246363460216868,-0.24735256254031573,False,False,False,False,-268811,-178592.59789519288,False,False,False,False,15058.481972687832,False,False,False,False
2024-06-25 00:00:00+00:00,20.6051451676,20.6051451676,19.8388381159,19.8899252527,51738,,,,,,,,,,,,,,,19.81410882086935,19.94727105678284,20.125107364375538,23.68837407103628,,,,,,,,,,,,,19.653627463118713,19.67445447699284,21.964624544766366,23.140692139045647,23.999490199619583,23.468643419910457,22.87998123772931,22.447568348657907,22.074002804748503,21.47757355981041,20.93840468551501,20.60718889106352,20.246032935451115,19.978647366879457,19.90798710180398,19.82741197679427,19.540834003403532,19.29004472255857,,22.074002804748503,20.246032935451115,,20.893715328266,21.17317832654829,#000000,4.064931235358041,21.985825610174707,-0.33965653110318766,45.89864444072701,-7.669863279053324,True,False,False,False,True,0.0,0.0,0.0,0.0,0.0,1,0.8596238122032434,1.0476236175026306,False,False,False,False,-0.21016325225225727,-0.2287579073962865,False,False,False,False,-217073,-180101.63327185198,False,False,False,False,16496.894444347134,False,False,False,False
2024-06-26 00:00:00+00:00,20.588116122,20.588116122,19.9026970369,20.5880309768,13831,,,,,,,,,,,,,,,19.852585539515953,19.96647307424818,20.130376824219173,23.646446597559,,,,,,,,,,,,,19.715215473270888,19.6920888981879,21.937700466765406,23.10239991786276,23.964719113919163,23.442470041580176,22.862865863620282,22.43459598897359,22.063885090225355,21.47195799369837,20.935887635264162,20.606173294687405,20.24647109520653,19.98004493916601,19.90962081936927,19.82930890713371,19.543580477479114,19.29347328158776,,22.063885090225355,20.24647109520653,,20.898970508885576,21.16846996099988,#000000,4.089395337955596,21.977417157895083,-0.33973263064109493,48.125691834122016,-5.6456171331533085,True,False,False,False,True,0.0,0.0,0.0,0.0,0.0,1,0.8778362860882312,1.0433348155843178,False,False,False,False,-0.20863790000531984,-0.21869790370080316,False,False,False,False,-230904,-182093.88294746564,False,False,False,False,16392.34956417666,False,False,False,False
2024-06-27 00:00:00+00:00,20.2901078241,20.8520663287,19.8474377839,20.8520663287,9227,,,,,,,,,,,,,,,19.87403381311626,19.97742172925532,20.133322820995183,23.618810111972326,,,,,,,,,,,,,19.749018412105745,19.702854461523934,21.919906017650842,23.077164300528892,23.941701018015436,23.425086554329088,22.851442189170825,22.42590818466196,22.05708470409306,21.468143542288388,20.93413445848604,20.6054191224539,20.24668512291904,19.980898926339425,19.91063248488964,19.830496272321117,19.54533602222189,19.295684829815016,,22.05708470409306,20.24668512291904,,20.900897118834774,21.164866479100787,#000000,4.06652731857819,21.97110722581308,-0.4133746732828582,48.77371497219809,-5.0876715404752275,True,False,False,False,True,0.0,0.0,0.0,0.0,0.0,1,0.8873482319448006,1.032239158933062,False,False,False,False,-0.201851892272109,-0.2102748979864561,False,False,False,False,-240131,-184369.84832207483,False,False,False,False,16111.355463620714,False,False,False,False
2024-06-28 00:00:00+00:00,21.005327739,21.2095911409,19.8218090703,20.4348547117,42470,,,,,,,,,,,,,,20.678909316733332,20.011981660098332,20.062853697918765,20.16804673350451,23.510217145365093,,,,,,,,,,,,,19.93685505684381,19.77322084855768,21.859752841840375,22.980730109345778,23.849291554014414,23.356262372198277,22.80726108184403,22.393335384012513,22.032648286755027,21.45619445127972,20.930780626131607,20.606330953552416,20.251731006595488,19.988654798225813,19.91905192551758,19.83965931590068,19.55686683965608,19.309138468941907,,22.032648286755027,20.251731006595488,,20.88640171072401,21.158209217845176,#000000,4.068797591528352,21.91879488664463,-0.22450542871598295,51.06849014789999,-2.939420743922824,True,False,True,False,True,0.0,0.0,0.0,0.0,0.0,1,0.885851131810141,1.0192588331031407,False,False,False,False,-0.19109702004155302,-0.20068595901400454,False,False,False,False,-197661,-184891.06995650326,False,False,False,False,17145.027798380685,False,False,False,False
2024-07-01 00:00:00+00:00,20.7754356235,20.8639866606,20.4349398569,20.8639866606,4718,,,,,,,,,,,,,,20.68016357708338,20.02467694838379,20.071244711004265,20.171721423398548,23.4986978786577,,,,,,,,,,,,,19.953416659487736,19.78051635381979,21.8534955666513,22.97054949757226,23.83938715170968,23.348863820724823,22.802491921317163,22.3898176028792,22.030011677369966,21.454910380874757,20.930431766286215,20.606448121784943,20.252300541297632,19.989521241141308,19.919991121524184,19.840680072711898,19.55814749882671,19.31063044201068,,22.030011677369966,20.252300541297632,,20.889300907705536,21.15731174655501,#000000,4.074561377481788,21.91715760557623,-0.28020733431234957,51.892114485176045,-2.1748539510563063,True,False,True,False,True,0.0,0.0,0.0,0.0,0.0,1,0.8854289256723783,1.013256651446725,False,False,False,False,-0.18245980092900033,-0.19157287997150244,False,False,False,False,-202379,-185576.8711346796,False,False,False,False,16657.693374914776,False,False,False,False
2024-07-02 00:00:00+00:00,19.8899252527,20.588116122,19.8899252527,20.5796015992,8054,,,,,,,,,,,,,,20.59888176775709,20.0277053961145,20.072390125715902,20.171140337731828,23.47530904226068,,,,,,,,,,,,,19.959528415616138,19.785094694879582,21.837814006576444,22.94909251230283,23.819593118255487,23.333645268887512,22.792219804435632,22.381845992356098,22.023632207528852,21.45110259307626,20.92842671509331,20.60531400938564,20.252014524692438,19.989800842500394,19.920410922501784,19.841255731087536,19.559233132952745,19.312123846569975,,22.023632207528852,20.252014524692438,,20.869085333915997,21.15234157437215,#000000,4.099551001447255,21.90491169422672,-0.49151393428582146,49.962568081398366,-2.1748539510563063,True,False,False,False,True,0.0,0.0,0.0,0.0,0.0,1,0.8852221540971731,1.014596042418443,False,False,False,False,-0.20905380997473758,-0.20031334497312,False,False,False,False,-210433,-186551.62128626078,False,False,False,False,16320.29363472204,False,False,False,False
2024-07-03 00:00:00+00:00,19.6174605232,19.9452696509,19.6174605232,19.8728962071,2183,,,,,,,,,,,,,,20.56572709990142,20.02520482986832,20.070315286236482,20.169718353588404,23.46828325901815,,,,,,,,,,,,,19.957271801906398,19.784883772051778,21.832642528028302,22.94252538589271,23.813693608072324,23.32903947997362,22.789038225867913,22.379318002192242,22.021551821945426,21.449767774376237,20.927618774904875,20.604756122274114,20.251700609461647,19.98965117875418,19.92030224225819,19.8411923940782,19.559320397216997,19.312330417726958,,22.021551821945426,20.251700609461647,,20.859849765722554,21.150366918721225,"rgba(239, 83, 80, 0.5)",4.128950836051872,21.90007728440809,-0.5528321483698617,47.98623177270334,-2.1748539510563063,True,False,False,False,False,0.0,0.0,0.0,0.0,0.0,1,0.8717158934233542,1.0453911155548143,False,False,False,False,-0.23905648097858526,-0.21968491297585263,False,False,False,False,-212616,-187573.7537848388,False,False,False,False,15765.889962772157,False,False,False,False
2024-07-05 00:00:00+00:00,19.2257924746,20.2729936333,19.2257924746,19.498257204,10946,,,,,,,,,,,,,,20.407092058034166,20.007194176959917,20.05583878644301,20.16032514574593,23.432034003342316,,,,,,,,,,,,,19.93954626832328,19.781145706314216,21.80524627654836,22.908459770557034,23.783277104247535,23.305155149237123,22.772397958869753,22.365992787978563,22.010490308884645,21.442518566871307,20.923073658565198,20.601487400861345,20.249678489301793,19.988471295940617,19.919333023523897,19.84045588317369,19.55936088504767,19.31298464590733,,22.010490308884645,20.249678489301793,,20.81249683410507,21.139393065564075,"rgba(239, 83, 80, 0.5)",4.1516270613370905,21.874608802856617,-0.6380188511931343,45.695713635450396,0.11186859051802855,True,False,False,True,False,0.0,0.0,0.0,0.0,0.0,1,0.8644816962061439,1.040269594944184,False,False,False,False,-0.24116775007554792,-0.23042633152570027,False,False,False,False,-223562,-188985.0575579824,False,False,False,False,15576.874670114426,False,False,False,False
2024-07-08 00:00:00+00:00,19.2172779518,20.0091285718,19.1576762922,19.1576762922,15796,,,,,,,,,,,,,,20.229602439031684,19.977411239029827,20.03178687303536,20.144752538172526,23.37939264954691,,,,,,,,,,,,,19.90956597306831,19.77313790639219,21.76490979124013,22.8588646595817,23.738981885079582,23.27018634858653,22.747844458630006,22.346212150401207,21.99396709510858,21.431525856773096,20.916020598711558,20.596289303407715,20.2462943770537,19.986316416281642,19.917486216217405,19.838949052633453,19.558993784165093,19.313516324251296,,21.99396709510858,20.2462943770537,,20.752589147763263,21.122725677643512,"rgba(239, 83, 80, 0.5)",4.130500995287085,21.839265562357603,-0.6347868245400012,44.14701175477015,-1.326693998716216,False,False,False,True,False,0.0,0.0,0.0,0.0,0.0,1,0.8586327842660577,1.0421368065273167,False,False,False,False,-0.25216335337497375,-0.241294842450337,False,False,False,False,-239358,-190960.46706551252,False,False,False,False,15585.46782030602,False,False,False,False
2024-07-09 00:00:00+00:00,18.4850289913,19.2172779518,18.0253299055,19.2172779518,19086,,,,,,,,,,,,,,19.923916729942693,19.890724981730813,19.963930991138444,20.103625677534477,23.303659155782082,,,,,,,,,,,,18.575878949533333,19.815648094252566,19.737976532781115,21.69994915488251,22.78568092081554,23.675825978137937,23.219146182072063,22.710794830886048,22.31544142192343,21.967404801602306,21.412508238709904,20.902456191684013,20.585220188808226,20.237674739334057,19.97938370435433,19.91098095381436,19.832911917690137,19.55456412415329,19.310336384573873,,21.967404801602306,20.237674739334057,,20.637171507225702,20.959462279474156,"rgba(239, 83, 80, 0.5)",4.102539977046859,21.63020414698406,-0.7666409525028103,41.33270804339852,-3.955717177483642,False,False,False,True,False,0.0,0.0,0.0,0.0,0.0,1,0.8385194478239409,1.0615467195433537,True,False,False,False,-0.3171820008440989,-0.27923842164721796,False,False,False,False,-258444,-193606.88012176694,False,False,False,False,15722.743592058725,True,False,False,False
2024-07-10 00:00:00+00:00,19.2853941341,19.2853941341,18.5190870824,19.208763429,5453,,,,,,,,,,,,,,19.879073257646436,19.87577827263834,19.95165763402996,20.095644126145093,23.28449446830569,,,,,,,,,,,,18.67678344919246,19.800152260377246,19.73208519622963,21.68450010858603,22.76743494831796,23.65964609198008,23.206173076700047,22.701479254933318,22.30779837783288,21.960897369294713,21.407983550827073,20.89936032735858,20.582789563024185,20.23589682752328,19.978052265549763,19.909762116439587,19.83181689853746,19.553889656711878,19.30999147456509,,21.960897369294713,20.23589682752328,,20.617329551753105,20.95823646389375,"rgba(239, 83, 80, 0.5)",4.015306373702055,21.62249335368782,-0.5820475455856805,42.35780792180075,-3.955717177483642,False,False,False,True,False,0.0,0.0,0.0,0.0,0.0,1,0.8377691245001577,1.0824013003152815,False,False,False,False,-0.29794928368463125,-0.28859385266592463,False,False,False,False,-252991,-195935.6691365996,False,False,False,False,15320.008549232893,False,False,False,False
2024-07-11 00:00:00+00:00,20.3837675749,20.3837675749,18.995900359,19.2853941341,10671,,,,,,,,,,,,,,19.88283402707821,19.877269200244644,19.950892655661534,20.093142008618656,23.255236460844525,,,,,,,,,,,,19.053908808989927,19.8046484761426,19.735114368427997,21.664757187878816,22.74063012633391,23.634339946956384,23.18638521533791,22.68777724656191,22.29698270588717,21.95209280107188,21.402478402435232,20.896205600436897,20.58077220637976,20.23499269182366,19.977896523359274,19.909792850008316,19.832054655052794,19.554811325058054,19.311459176292345,,21.95209280107188,20.23499269182366,,20.611874870489515,20.971426332338673,#000000,3.958902953855398,21.630568807377575,-0.31493604339640924,46.18549305800212,-8.720441319617237,True,False,False,True,True,0.0,0.0,0.0,0.0,0.0,1,0.8425644788579081,1.0580112490536244,False,False,False,False,-0.24510637368098717,-0.2668501131734559,False,False,False,False,-242320,-197754.6625037918,False,False,False,False,15137.69448847866,False,False,False,False
2024-07-12 00:00:00+00:00,19.8047800247,20.1113028454,19.0811307322,20.1113028454,11005,,,,,,,,,,,,,,19.864509847077198,19.8703349139503,19.94370559723197,20.086913797277983,23.22332015235604,,,,,,,,,,,,19.199601306840616,19.79952134265148,19.73398664098703,21.641938658128083,22.71105333688287,23.606827467202695,23.164649313024395,22.672495583996707,22.2847425937498,21.941959983623782,21.395871925109724,20.892126724399446,20.577903957079563,20.233311285927968,19.977017953863083,19.909115178473023,19.831599379797467,19.555097679668403,19.31233444829601,,21.941959983623782,20.233311285927968,,20.597756861578695,20.9705870926159,#000000,3.897138429774089,21.623097858006027,-0.46657768669803973,47.12968404577664,-8.016555189545002,True,False,False,False,True,0.0,0.0,0.0,0.0,0.0,1,0.8554852185989583,1.050168608003797,False,False,False,False,-0.2513124025146547,-0.25908125784405533,False,False,False,False,-253325,-199933.89142521174,False,False,False,False,14975.628037950086,False,False,False,False
2024-07-15 00:00:00+00:00,18.8511534715,20.2474500649,18.8511534715,19.7451783651,6134,,,,,,,,,,,,,,19.83989026470967,19.860398487384057,19.935017669779942,20.08070738130481,23.204053802895217,,,,,,,,,,,,19.2133089627524,19.789786291400763,19.730238794528457,21.62723725265074,22.692951429489977,23.590313448926604,23.151452799893526,22.663063402456267,22.277066502763887,21.935490642786803,21.391472629208216,20.88922101596101,20.575704072981253,20.231804524377004,19.975983521756653,19.90819954083039,19.83081477972912,19.554754984299137,19.3123402944167,,21.935490642786803,20.231804524377004,,20.584013521214736,20.96532657322152,"rgba(239, 83, 80, 0.5)",3.8670116364540954,21.612934186739814,-0.714189915852506,45.47770171313964,-8.016555189545002,True,False,False,True,True,0.0,0.0,0.0,0.0,0.0,1,0.8624751268561257,1.0258025699404998,False,False,False,False,-0.25442959075823884,-0.25675542430114706,False,False,False,False,-259459,-202268.2094085368,False,False,False,False,14628.897526657925,False,False,False,False
2024-07-16 00:00:00+00:00,20.1794190278,20.1794190278,18.8852115627,18.8852115627,11141,,,,,,,,,,,,,,19.832958218323085,19.85685145045853,19.930427828174007,20.075909193816326,23.173372650421218,,,,,,,,,,,,19.307137551692424,19.788311010181534,19.730524067045682,21.605903383366144,22.66470116376472,23.563637698704813,23.130385044264536,22.648258128927964,22.265242734728822,21.92574405180899,21.385181310525905,20.885411113432948,20.57309041745532,20.230364578786165,19.975336837459086,19.907751215515077,19.83058630875956,19.55525801209691,19.31342575737349,,21.92574405180899,20.230364578786165,,20.573903868238634,20.96243423083632,#000000,3.8185490171898118,21.604535159949737,-0.3732088093499249,47.773288208890676,-7.5373456868495055,True,False,False,False,True,0.0,0.0,0.0,0.0,0.0,1,0.8699288529620379,1.0242754275607866,False,False,False,False,-0.2555594195410354,-0.25615742192109126,False,False,False,False,-248318,-204074.0835493785,False,False,False,False,14492.117231494869,False,False,False,False
2024-07-17 00:00:00+00:00,20.7754356235,20.7754356235,19.8084412695,19.9920995262,10548,,,,,,,,,,,,,,19.87430520180112,19.874151918391416,19.942297961116708,20.08099029889882,23.150699286137044,,,,,,,,,,,,19.470400415529404,19.809821999287195,19.74133758014914,21.593644569292255,22.644795703852772,23.543325299415578,23.114785830502026,22.63775307003802,22.257256947234353,21.919557849531287,21.381815340882163,20.884048985173944,20.572732763633542,20.23099048932501,19.976616566191723,19.909192504798494,19.832208397348875,19.55746512972364,19.31610774132246,,21.919557849531287,20.23099048932501,,20.58448893326902,20.968097746485892,#000000,3.7620246167053915,21.609616959868834,-0.22173734128815195,50.57434748374676,-4.888000503789293,True,False,False,False,True,0.0,0.0,0.0,0.0,0.0,1,0.8821723076489886,1.030853728751343,False,False,False,False,-0.20560944023115515,-0.2308834310761232,False,False,False,False,-237770,-205395.49203763815,False,False,False,False,14337.445967514679,False,False,False,False
2024-07-18 00:00:00+00:00,20.5710870764,20.7754356235,20.1623899822,20.7754356235,2513,,,,,,,,,,,,,,19.884135070792645,19.878468934293256,19.94531521071715,20.082340242295317,23.1454519552905,,,,,,,,,,,,19.504297420303743,19.815124584006377,19.744043428473084,21.590888354228422,22.640212783907266,23.53860251877403,23.11116530923928,22.63532190427999,22.2554170507156,21.918141538173185,21.381059867390885,20.883763136452544,20.57268325697916,20.23117245277854,19.976952245812463,19.909566139216167,19.832624542049782,19.558018550963872,19.316772790015705,,21.918141538173185,20.23117245277854,,20.587142282677775,20.96925409861895,#000000,3.7356614475452137,21.610681281428427,-0.2782891917873248,51.8931301531554,-3.632741509813627,True,False,True,False,True,0.0,0.0,0.0,0.0,0.0,1,0.8550698811706035,1.0553094946635073,False,False,False,False,-0.19412472080022067,-0.21250407593817194,False,False,False,False,-240283,-206763.6296047896,False,False,False,False,13873.742204082731,False,False,False,False
2024-07-19 00:00:00+00:00,20.3837675749,20.5796015992,20.3411949609,20.4518837573,5014,,,,,,,,,,,,,,19.900796356961532,19.88598719496811,19.95051568500614,20.084576020088956,23.134775970300634,,,,,,,,,,,,19.56150105248536,19.824441598617852,19.748905722064055,21.585088776979667,22.630837614551197,23.5290127552647,23.103783589659336,22.63033326568473,22.25161530968197,21.915188514036185,21.37943977369762,20.883092291157652,20.57248837934832,20.231443979302345,19.97753416052407,19.910224808437256,19.833369090025762,19.559041361150097,19.318021417788955,,21.915188514036185,20.231443979302345,,20.591330245465077,20.970808603181954,#000000,3.7222355803862697,21.61181935457113,-0.3299231747023628,52.250769371162534,-3.1955227883863913,True,False,True,False,True,0.0,0.0,0.0,0.0,0.0,1,0.8371378425576504,1.0633064467441888,False,False,False,False,-0.1186751247640429,-0.16558960035110742,False,False,False,False,-245297,-208274.74216930766,False,False,False,False,13526.30133333439,False,False,False,False
2024-07-22 00:00:00+00:00,20.4348547117,20.4348547117,19.9525069952,20.1113028454,5009,,,,,,,,,,,,,,19.91174708581343,19.891156253455744,19.953913402551873,20.085769116897257,23.123564124814266,,,,,,,,,,,,19.60272900285179,19.831094674889407,19.75257264975464,21.57855100733094,22.62087111617524,23.518996790448238,23.09600797257096,22.625008815382227,22.24749846393275,21.91193100944739,21.377552277680355,20.882184439038642,20.572067459926767,20.231500674249848,19.97791015578156,19.9106800182612,19.833912724359354,19.559873627308978,19.319086842468653,,21.91193100944739,20.231500674249848,,20.593229996706516,20.971054195887316,#000000,3.679461102889118,21.61115262044631,-0.3196929865144316,52.62299814248782,-2.647763643975672,True,False,True,False,True,0.0,0.0,0.0,0.0,0.0,1,0.8947295816459573,1.0600487294211172,False,False,False,False,0.023784996595276033,-0.0709023018779157,False,False,False,False,-240288,-209530.16404502108,False,False,False,False,13192.289516340885,False,False,False,False
2024-07-23 00:00:00+00:00,20.502970894,20.502970894,19.8558671615,19.8814107299,3783,,,,,,,,,,,,,,19.91988695115967,19.895101213396604,19.95653641500973,20.086722739745,23.115193512487473,,,,,,,,,,,,19.63138884400999,19.83613614379331,19.755377529623097,21.573705993489526,22.61344172236064,23.511503689404748,23.090191108016274,22.62102598163474,22.244421315729383,21.90949912321194,21.376148029130505,20.881515425569695,20.571764394727605,20.231556635799436,19.97820611721197,19.911035515258856,19.834334694741838,19.56051249676346,19.319901020028652,,21.90949912321194,20.231556635799436,,20.594688166359695,20.97114030423714,#000000,3.5965590567196695,21.61056486701008,-0.3079593454584582,53.0633143351416,-1.9758343253319595,True,False,True,False,True,0.0,0.0,0.0,0.0,0.0,1,0.9163819112694112,0.9862287712938602,False,False,False,False,0.07538341121910648,0.0022405546705953905,False,False,False,False,-236505,-210588.00074913792,False,False,False,False,12823.297770602027,False,False,False,False
2024-07-24 00:00:00+00:00,20.962755125,21.0734439214,20.34460077,20.34460077,7030,,,,,,,,,,,,,,19.95371822066137,19.91142779971019,19.968599678777945,20.092885292182388,23.102530536816708,,,,,,,,,,,,19.715284476860102,19.855404207442884,19.765400646674777,21.568304310024832,22.60273842754942,23.49984330851776,23.08138645690241,22.615258554698997,22.24020134429491,21.906403714664727,21.374757060167962,20.881332085313062,20.572202210665925,20.232602744315926,19.979653177589032,19.912581025169086,19.83599103239801,19.56252180148486,19.322200403262755,,21.906403714664727,20.232602744315926,,20.60583230562972,20.974950894105127,#000000,3.5205571209059463,21.615046843352104,-0.18528082231037588,54.64756014471165,-0.2227901996087951,True,False,True,False,True,0.0,0.0,0.0,0.0,0.0,0,0.9405643842021881,0.9562626063782499,False,False,False,False,0.18879248948727173,0.09551652207893356,False,False,False,False,-229475,-211328.66738642662,False,False,False,False,12596.109622735281,False,False,False,False
2024-07-25 00:00:00+00:00,21.4310538789,21.5332281524,20.5710870764,20.9968132162,7195,,,,,,,,,,,,,,20.000404512927688,19.93456107998536,19.986185266921506,20.102485763067463,23.09184911231253,,,,,,,,,,,,19.815947322910333,19.8821043833171,19.779226027121688,21.565560972201684,22.59421628214194,23.489694877546636,23.073948973175373,22.610632463554293,22.237049967724555,21.90434290808033,21.374278515000487,20.881964905198405,20.573424331870825,20.234401117616137,19.981826651806838,19.91484574310682,19.838359251677364,19.565212267366945,19.325159934709593,,21.90434290808033,20.234401117616137,,20.62309714704291,20.981168257690914,#000000,3.396005180903175,21.623302392946822,-0.05661019456857692,56.91419329916824,2.1074654210916393,True,False,True,False,True,0.0,0.0,0.0,0.0,0.0,0,1.0078558808819948,0.932845683043954,False,False,False,False,0.2647353707393107,0.18012594640912213,False,False,False,False,-222280,-211758.13141048833,False,False,False,False,12384.301402235858,False,False,False,False
2024-07-26 00:00:00+00:00,21.6013443348,22.137759271,21.6013443348,21.8652945415,2626,,,,,,,,,,,,,,20.024825727017248,19.946778096035942,19.995652057615786,20.107883398305344,23.089196787629568,,,,,,,,,,,,19.864059352118748,19.895982179434498,19.786345766406516,21.566110690405445,22.592442380211683,23.486971526822405,23.07210601670026,22.609657694110652,22.23655554823777,21.904214718747138,21.374639315057138,20.882662549330313,20.57431151314458,20.235473025134237,19.983015840740524,19.916062918430658,19.839608663179483,19.566557400284687,19.326587664412106,,21.904214718747138,20.235473025134237,,20.632867213320775,20.98491393488994,#000000,3.307130697005519,21.628582243404445,-0.008236114958839521,58.85305839077702,4.062460908793376,True,False,True,False,True,0.28287340036795783,0.0,0.0,0.0,0.0,0,1.023245950615884,0.881133891871611,False,False,False,False,0.34282823161363685,0.2614770890113795,False,False,False,False,-219654,-212067.77331595938,False,False,False,False,12001.622915873668,False,False,False,False
2024-07-29 00:00:00+00:00,21.4140248333,21.46511197,21.2863069913,21.2863069913,1572,,,,,,,,,,,,,,20.035935858325324,19.952468543771424,20.000038121573585,20.110345089715572,23.087140630249596,,,,,,,,,,,,19.886089056539046,19.902486308780038,19.789751154604655,21.56583870773452,22.590873919633697,23.484972246400083,23.070671581299717,22.608800257008806,22.236006533156246,21.903896249462836,21.374646677176113,20.88289763126733,20.57466968029394,20.23595146631274,19.983571987412045,19.91663785911829,19.840205024537294,19.567219516158634,19.327305242682062,,21.903896249462836,20.23595146631274,,20.637185648727097,20.986446899977796,#000000,3.189784542182351,21.630689513347434,-0.06792455013252964,59.33601675726276,4.649446560969402,True,False,True,False,True,0.0,0.0,0.0,0.0,0.0,0,0.9990947534134157,0.9037711382290118,False,False,False,False,0.23382829677262734,0.24765269289200342,False,False,False,False,-221226,-212426.91946043156,False,False,False,False,11592.618095643329,False,False,False,False
2024-07-30 00:00:00+00:00,22.7337758667,22.7933775263,21.7716347907,21.7716347907,5154,,,,,,,,,,,,,,20.09829851518111,19.984157705716054,20.024899819427294,20.12489149371011,23.08455767741672,,,,,,,,,,,,20.001299749591112,19.938131612333507,19.808043512209874,21.570169904763375,22.590202171336742,23.481696293874407,23.06889509746306,22.608396322456876,22.23642361145104,21.904965153284692,21.376488901334355,20.885255912419755,20.577346031661286,20.238936321495494,19.986745572439386,19.919855140290068,19.843473868019895,19.57062995851179,19.330844796645977,,21.904965153284692,20.238936321495494,,20.663361042290255,20.99672631218856,#000000,3.1123538512803957,21.645575895444683,0.34963889816308685,62.71223439225606,7.946736402450767,True,False,True,False,True,2.6894319932569672,0.0,0.0,0.0,0.0,0,0.9909996011734893,0.887597188217592,False,False,False,False,0.34282823418549285,0.2952404635387481,False,False,False,False,-216072,-212569.8637953166,False,False,False,False,11340.123268363199,False,False,False,False
2024-07-31 00:00:00+00:00,21.8312364503,23.4149376904,21.8312364503,23.2361327117,6619,,,,,,,,,,,,,,20.171395862917656,20.022494742803204,20.055136807993875,20.142718721806197,23.080898024051454,,,,,,,,,,,,20.13075753046812,19.981150878851203,19.830517218834178,21.575198806319744,22.588946953628795,23.477225051671144,23.06636507917978,22.607663265685638,22.236756486471293,21.90614058754859,21.378680781875076,20.888130116581184,20.580635599620063,20.242629203089102,19.99068660671403,19.92385390138365,19.84754050670685,19.574885305026122,19.33527078393824,,21.90614058754859,20.242629203089102,,20.694528831914475,21.00858077176804,#000000,3.0342477175528413,21.662810573189223,0.05550828171887542,61.5374630637761,7.946736402450767,True,False,True,False,True,0.7103804760852448,0.0,0.0,0.0,0.0,0,0.97683438780662,0.8963245834641576,False,False,False,False,0.3428282359072048,0.31903434972297645,False,False,False,False,-222691,-212966.77109746105,False,False,False,False,11154.98117940778,False,False,False,False
2024-08-01 00:00:00+00:00,20.4433692345,22.3250787725,20.4433692345,22.3250787725,8037,,,,,,,,,,,,,,20.205363957221063,20.042643009998482,20.070861568864323,20.151622252357658,23.068658669543886,,,,,,,,,,,,20.189498957621137,20.00416039378974,19.843641689135616,21.571323474688885,22.578997481415175,23.46564174682378,23.057764112074683,22.602193993037183,22.232928081162626,21.903523117182978,21.377848630485992,20.88856117341383,20.581731524706523,20.24437659589249,19.99286051685022,19.926131991613662,19.849936484136272,19.577651681225483,19.338344949606288,,21.903523117182978,20.24437659589249,,20.707829891597083,21.011953504992764,#000000,2.9882441505825335,21.66718511192235,-0.4095434695935997,56.80532204386559,11.866679564938863,True,False,True,False,False,0.0,0.0,0.0,0.0,0.0,0,0.9429979209406341,0.929877451331985,False,False,False,False,0.1263467121979901,0.22269053096048327,False,False,False,False,-230728,-213663.28987795277,False,False,False,False,11032.7074076663,False,False,False,False
2024-08-02 00:00:00+00:00,19.7962655019,20.1666472436,19.7962655019,19.7962655019,1378,,,,,,,,,,,,,,20.203525822439676,20.04223920816151,20.070461359212974,20.15124136017805,23.065374959484192,,,,,,,,,,,,20.186638661071502,20.003855742792386,19.843779502889628,21.569151496140027,22.57601305478576,23.462717927768868,23.055447081409426,22.600558441022006,22.231626750576183,21.902458149352512,21.377173645637793,20.888168927069923,20.581477742285387,20.24425916381838,19.992835283341993,19.92612981044325,19.849959917422602,19.577760123579306,19.338521483557788,,21.902458149352512,20.24425916381838,,20.70656854189528,21.010975416050773,"rgba(239, 83, 80, 0.5)",2.9561066309857895,21.665579372887063,-0.6323567125058994,52.181413184336435,7.678840607705915,True,False,False,False,False,0.0,0.0,0.0,0.0,0.0,0,0.9362386137142164,0.9557421075202991,False,False,False,False,-0.10607087325235837,0.058309828854062454,False,False,False,False,-232106,-214386.53341215072,False,False,False,False,10654.091430895072,False,False,False,False
2024-08-05 00:00:00+00:00,18.7404646752,19.5919169548,18.7404646752,19.583402432,5090,,,,,,,,,,,,,,20.176145959110244,20.03003480994476,20.060327648026476,20.14444528243199,23.049868979868222,,,,,,,,,,,19.024282101733338,20.142832334256124,19.990972077938817,19.838333007884177,21.556849349651177,22.56135047919423,23.449240721712307,23.044482555650664,22.592522209127573,22.22497575357645,21.896762216667398,21.37315732377232,20.885385703086794,20.579275844335484,20.242631326526002,19.991602477656112,19.924996980486924,19.848937134709505,19.577112773723726,19.33816942925563,,21.896762216667398,20.242631326526002,,20.692164535876337,20.90419359004724,"rgba(239, 83, 80, 0.5)",2.924783929890208,21.531092664936807,-0.9541313329910031,47.049903394751965,3.1250766376433603,True,False,False,True,False,0.0,0.0,0.0,0.0,0.0,0,0.907805988018725,0.9737338289615788,False,False,False,False,-0.24491601803802018,-0.09330309459197886,False,False,False,False,-237196,-215281.02229794872,False,False,False,False,10435.891766938403,False,False,False,False
2024-08-06 00:00:00+00:00,19.6855767056,20.1027883226,19.4024688226,19.4024688226,5755,,,,,,,,,,,,,,20.164740632455008,20.02602581002738,20.056752131379184,20.141640479210768,23.035529531449974,,,,,,,,,,,19.398925357455724,20.1259713165954,19.987152191686043,19.83752708981827,21.546920193292713,22.548197433484635,23.436516511378624,23.034321645584185,22.585268608703714,22.219140368003266,21.891925396915166,21.369992697356395,20.883438792298175,20.577920672425424,20.241859531857333,19.991226939282647,19.92472082663762,19.848771178372825,19.577315053432983,19.338665487981682,,21.891925396915166,20.241859531857333,,20.68493771690446,20.918288864628142,"rgba(239, 83, 80, 0.5)",2.8707154212708152,21.54206716521292,-0.6466995808282122,46.23234955899054,2.608109850560851,False,False,False,True,False,0.0,0.0,0.0,0.0,0.0,0,0.9018315837462217,0.954522033936787,False,False,False,False,-0.14441016916995833,-0.1188566318809686,False,False,False,False,-231441,-215914.74691371544,False,False,False,False,10252.32738392121,False,False,False,False
2024-08-07 00:00:00+00:00,20.0602157086,21.2948215141,20.0602157086,21.1500746266,4680,,,,,,,,,,,,,,20.17099687391168,20.03082134134648,20.060376210238804,20.143448490981754,23.026555119509535,,,,,,,,,,,19.72232786308762,20.137093836655897,19.992858532321303,19.841350604641253,21.54218827263674,22.540381895640238,23.428290426017437,23.02794858217229,22.580921912994263,22.21582282539113,21.889351691641053,21.368587844786784,20.8828752879953,20.57778303849638,20.242140802125004,19.991787835562654,19.925350991100153,19.849478917664243,19.578274621692557,19.3398299985857,,21.889351691641053,20.242140802125004,,20.68643960719765,20.933732289060405,"rgba(239, 83, 80, 0.5)",2.8172465397136888,21.55674671361682,-0.5312034228885447,46.63139022965707,2.608109850560851,False,False,False,True,False,0.0,0.0,0.0,0.0,0.0,0,0.9151736196930985,0.9224232065979466,False,False,False,False,0.009124490740483404,-0.05486607057024259,False,False,False,False,-226761,-216340.09017200113,False,False,False,False,10033.804741414497,False,False,False,False
2024-08-08 00:00:00+00:00,22.8018920491,23.0743567786,20.47717189,20.47717189,16313,,,,,,,,,,,,,,20.300109874329713,20.10625895604748,20.121153511852672,20.180434962940847,23.01560068246543,,,,,,,,,,,20.949711795036812,20.33678588947581,20.076638871312266,19.88820343144604,21.55088531553761,22.534909605477125,23.415737576093992,23.020126528814547,22.57762560356005,22.21517843834201,21.890785765143562,21.37265015561676,20.88873927484386,20.584710631234067,20.250105995603914,20.000402912352804,19.934119406480786,19.85842590450319,19.587735846077305,19.34974617779039,,21.890785765143562,20.250105995603914,,20.74471159752723,21.01416125623714,#000000,2.7581438369309983,21.64720929730625,0.41864486410490176,52.006305887691454,2.608109850560851,True,False,False,False,True,2.8799931794362195,0.0,0.0,0.0,0.0,0,0.9077875665115199,0.8883729149622547,False,False,False,False,0.19260072870486333,0.06886732906731037,False,False,False,False,-210448,-216109.02781231483,False,False,False,False,10280.047692731576,False,False,False,False
2024-08-09 00:00:00+00:00,22.052614043,22.7933775263,22.052614043,22.7167468211,3251,,,,,,,,,,,,,,20.326191358244117,20.12194551505278,20.133902745632398,20.188316904074522,23.013884591505285,,,,,,,,,,,21.07477309353105,20.375444643856678,20.093968808933564,19.898053491937933,21.55313278056575,22.53430372309899,23.413610864531698,23.018894443639564,22.577231697512833,22.215288816871578,21.891296467287898,21.37365062618325,20.890073062292156,20.586246551138366,20.25183895930724,20.00225810286262,19.936003206795636,19.86034324859438,19.589747771885975,19.351843093570043,,21.891296467287898,20.25183895930724,,20.75684822290182,21.02440017271986,#000000,2.68502500489603,21.659571031900317,0.14638337087475323,53.90391207453559,-3.0394069700746584,True,False,True,False,True,1.353659665983514,0.0,0.0,0.0,0.0,0,0.9546403192185481,0.8805335402079262,False,False,False,False,0.30622574404126646,0.1875465365542884,False,False,False,False,-213699,-216014.51691771427,False,False,False,False,10004.398763604848,False,False,False,False
2024-08-12 00:00:00+00:00,22.6316015932,23.4149376904,22.4442820916,22.7337758667,12713,,,,,,,,,,,,,,20.447725925628447,20.195631862345614,20.194232749291523,20.226193172779176,23.012179821718256,,,,,,,,,,,21.54165063790672,20.550998690979117,20.174921450320742,19.944156261854328,21.56795166295872,22.53725328950855,23.409296741699322,23.017641654777,22.57862559728913,22.218419533414764,21.895861879076012,21.379773107313355,20.897219630257293,20.5940788564317,20.26033682950841,20.011153579545173,19.944988808519724,19.869437319448277,19.59912215773427,19.361485798268916,,21.895861879076012,20.26033682950841,,20.815192706352605,21.067718674340576,#000000,2.601456000896646,21.713776132549363,0.352812217594412,56.07286647930952,-0.9893035581431846,True,False,True,False,True,2.4744254862410315,0.0,0.0,0.0,0.0,0,0.9553136513831577,0.8617451421015659,False,False,False,False,0.3428282372240059,0.26518738688914717,False,False,False,False,-200986,-215425.16331309802,False,False,False,False,10110.61841993407,False,False,False,False
2024-08-13 00:00:00+00:00,25.3817924564,25.3817924564,22.7508049123,22.9892115506,17215,,,,,,,,,,,,,,20.69792105875785,20.348749481690835,20.32099324855866,20.307673387014553,23.03071294568029,,,,,,,,,,,22.32622325555238,20.90007493349945,20.34170066421676,20.03923115854682,21.613381999221907,22.563451528818792,23.420158911874786,23.03089774061283,22.592887093463318,22.23407271246928,21.91292651636393,21.397459027481595,20.91512423169306,20.612475100754057,20.27919508236303,20.03021253363209,19.964078178112945,19.888578000573546,19.618264147523004,19.380720703298188,,21.91292651636393,20.27919508236303,,20.941210024340442,21.15305567600359,"rgba(38, 166, 154, 1.0)",2.551570514010261,21.824986878259367,1.3939671894665615,60.829871115990386,3.4849200037140378,True,False,True,False,True,7.456548972437076,0.0,0.0,0.0,0.0,0,0.9741948889768712,0.8256741108362601,False,False,False,False,0.3428282408128537,0.3040078138510004,False,False,False,False,-183771,-214183.82357532947,False,False,False,False,10389.221619152342,False,False,False,False
2024-08-14 00:00:00+00:00,26.5397675568,27.6679418273,25.4499086388,25.4499086388,42730,,,,,,,,,,,,,,21.47512462776383,20.851563243760253,20.74490457433619,20.589538213277798,23.136008849277708,,,,,,,,,,,24.00228371505244,21.916122739195657,20.883686112634184,20.35967888672054,21.796015513425647,22.691073618610577,23.49539836079167,23.10712776519367,22.664343996372434,22.306231959153664,21.98704852620793,21.46887204081362,20.983726353839256,20.6810315324189,20.347624169491063,20.09816117346656,20.03183691424138,19.956186874926217,19.684780626262167,19.446682066544927,,21.98704852620793,20.347624169491063,,21.35942790168316,21.395395647268128,"rgba(0, 255, 255, 0.75)",2.47233416463649,22.155984547118287,1.773135311717163,65.03037235946344,7.343030150277812,True,False,True,False,True,9.392901607826808,0.0,0.0,0.0,0.0,0,1.0224508368916996,0.7984922872235644,False,False,False,False,0.34282824508441706,0.3234180294677087,False,False,False,False,-141041,-211315.47755276752,False,False,False,False,11657.487438009113,False,False,False,False
2024-08-15 00:00:00+00:00,28.2937592529,30.6522820675,26.1097841555,26.3950206692,75869,,,,,,,,,,,,,,22.78684287350016,21.79513310139532,21.564697486593026,21.16546252165666,23.398940830563358,,,,,,,,,,,25.799535649341244,23.473214804618802,21.88559422124777,21.00175350561189,22.199918491716993,22.995352674222566,23.69404991941882,23.301244817235077,22.840927508030052,22.480430219470357,22.16261450594153,21.634107287434613,21.13956227610802,20.8350687784155,20.49970225411638,20.248061540308107,20.18104167373225,20.104749251711862,19.829925599984254,19.589770176759934,,22.16261450594153,20.49970225411638,,22.142215362741705,21.7948312577713,"rgba(0, 255, 0, 1.0)",2.468443301878814,22.71980973107523,2.2580828644442636,69.13985949839343,11.085825716142914,True,False,True,False,True,12.17661656489463,0.0,0.0,0.0,0.0,0,1.049042049010229,0.7473274658850753,False,False,False,False,0.3428282468264784,0.33312313814709354,False,False,False,False,-65172,-205584.36078599232,False,False,False,False,14175.585969851894,False,False,False,False
2024-08-16 00:00:00+00:00,29.375103648,30.7374272955,29.1452115325,30.5756513623,46234,,,,,,,,,,,,,29.752580825333336,23.512214065015762,22.361739968461613,22.069281490201636,21.536919748955633,23.588301944318417,,,,,,,,,,,26.594685054026115,24.280067737495187,22.480140906984904,21.41017102911742,22.473214735139667,23.20966992555167,23.841395257327207,23.44354123037762,22.96926699198355,22.605916715238326,22.288086482335164,21.751160865689783,21.249158630771568,20.942873413808353,20.60560734743287,20.352100719226353,20.28451119187701,20.2076735482428,19.930165478238052,19.688315527866248,,22.288086482335164,20.60560734743287,,23.803506340381063,22.03038613943649,"rgba(0, 255, 0, 1.0)",2.573629362884147,23.42583666784269,2.311625390180597,72.56715432341582,14.19658887395866,True,False,True,False,True,13.809914515400116,0.0,0.0,0.0,0.0,0,1.0756549258827783,0.7425417279277297,False,False,False,False,0.3428282478724912,0.33797569300979236,False,False,False,False,-18938,-198264.89565712988,False,True,False,False,15432.778676916525,False,True,False,False
2024-08-19 00:00:00+00:00,26.0374107118,29.153154051,26.0009692692,26.6933566779,41801,,,,,,,,,,,,,28.475908368667824,23.81782540668779,22.64614017354464,22.332876429580065,21.74494145678387,23.679496402505862,,,,,,,,,,,26.666878204111573,24.56980666882606,22.77330746471724,21.639079265181536,22.61864346804691,23.31711009381867,23.9107273650731,23.514325862018843,23.036872514352364,22.67439756653787,22.358414986680547,21.819524433772298,21.315292571471428,21.00905210933336,20.671754036684277,20.417874131732464,20.35012856236185,20.273171277004412,19.99473131414523,19.752414321728086,,22.358414986680547,20.671754036684277,,23.782864706295012,22.134175310879904,"rgba(38, 166, 154, 0.5)",2.563785656450343,23.504128004516577,0.9881023793505604,68.59715959153166,14.19658887395866,True,False,True,False,True,7.08818519546454,0.0,0.0,0.0,0.0,0,1.008274156976139,0.7794374546597856,False,False,False,False,0.19457359042916236,0.26627464171947735,False,False,False,False,-60739,-192871.72327841888,False,False,False,False,16466.826571939408,False,False,False,False
2024-08-20 00:00:00+00:00,23.850924158,25.3631529207,23.6960480271,25.0261606806,35409,,,,,,,,,,,,,27.279047988232957,23.850812727744877,22.726909963335885,22.417199916742124,21.82399038579857,23.693061588224154,,,,,,,,,,,26.394327941278156,24.548219773449322,22.851943469277042,21.72742687258923,22.66267206931894,23.33986210617088,23.917755408148377,23.527181423713444,23.054341756215145,22.695322463951268,22.38237807126832,21.846307166987636,21.343806270188757,21.03894938622433,20.70299107996648,20.449862987502886,20.38227748782018,20.305523065233782,20.02751364368098,19.785672715819796,,22.38237807126832,20.70299107996648,,23.631837095013093,22.14921675794025,#000000,2.535830948791047,23.461882260131482,0.15341791535985266,63.00896242016881,22.142913335604675,True,False,True,False,False,3.1350660248668376,0.0,0.0,0.0,0.0,0,0.9848614560029204,0.825351301010965,False,False,False,False,0.014477190759753546,0.14037591623961546,False,False,False,False,-96148,-189078.6360910299,False,False,False,False,17209.65690245159,False,False,False,False
2024-08-21 00:00:00+00:00,23.5411718962,24.562443324,22.9398880939,23.7051583877,13805,,,,,,,,,,,,,26.917160204760297,23.846435253683566,22.74470416649188,22.43794166208074,21.84609575161939,23.692961610423602,,,,,,,,,,,26.27759605669857,24.5216696919585,22.86823229050014,21.752362680860266,22.67294474404289,23.342904419334385,23.91611585295136,23.52815336950994,23.05769456313421,22.70023505067991,22.38858694025754,21.85398844258333,21.35246984009674,21.048265247119872,20.712944874249043,20.46020156076301,20.392703744539457,20.316054649442037,20.038319596027875,19.796740176011436,,22.38858694025754,20.712944874249043,,23.58088310817658,22.149909189538025,#000000,2.443364765547112,23.44303584707678,0.040164305594890856,58.900479962809115,18.43228815537536,True,False,True,False,False,2.5948916437520744,0.0,0.0,0.0,0.0,0,0.9853298954148023,0.8345104263190035,False,False,False,False,-0.030919379895844784,0.054728268171885336,False,False,False,False,-109953,-185975.66996981305,False,False,False,False,17076.140945492705,False,False,False,False
2024-08-22 00:00:00+00:00,24.6890773369,25.4239190262,23.6049444206,23.6049444206,8483,,,,,,,,,,,,,26.780687047680136,23.857770389524756,22.765412274616804,22.459252614493007,21.865893059714256,23.697482097625873,,,,,,,,,,,26.233681767073012,24.52261117863106,22.88856031219828,21.774309401454804,22.6846461905524,23.34960350224795,23.918899773671278,23.532188870529843,23.062657610981226,22.705950996374586,22.394983955462408,21.860964053130036,21.359787559793208,21.055884464706203,20.720855557808225,20.468270991064035,20.400805914471796,20.324199446820213,20.046545298047537,19.805063497485833,,22.394983955462408,20.720855557808225,,23.571082913942472,22.155523517125197,"rgba(38, 166, 154, 0.5)",2.2953136757261166,23.442784926888542,0.5429725894075,57.52393622605719,17.18197372267757,True,False,True,False,False,4.439545654670919,0.0,0.0,0.0,0.0,0,0.9944632121063801,0.8286051129597134,False,False,False,False,0.013592620587301575,0.03416044437959345,False,False,False,False,-101470,-182661.72212785963,False,False,False,False,16739.15502606162,False,False,False,False
2024-08-23 00:00:00+00:00,24.9714985168,25.1900560686,24.1379005181,24.6890773369,6368,,,,,,,,,,,,,26.696358063985652,23.868294503983407,22.782286218686856,22.476414593514978,21.881617383204105,23.701589982818412,,,,,,,,,,,26.205851372355383,24.525946033842263,22.90522436558459,21.79168692308871,22.694228081480574,23.35537403529155,23.921589191857215,23.535758366486984,23.066837473023465,22.71066213619268,22.400186740692906,21.866549648600714,21.365589095180688,21.06189649288937,20.727070430694074,20.474592854705513,20.407149063251087,20.33057114105753,20.05296417610694,19.811545851516982,,22.400186740692906,20.727070430694074,,23.567760124365567,22.16056367369496,"rgba(38, 166, 154, 0.5)",2.162713107355604,23.44458574436202,0.7060172554763727,56.93698697945913,16.463317332871924,True,False,True,False,False,4.887984512343344,0.0,0.0,0.0,0.0,0,0.9920329469290103,0.8452055990058782,False,False,False,False,0.02231462088836736,0.028237532633980406,False,False,False,False,-95102,-179228.00753461022,False,False,False,False,16332.443064255283,False,False,False,False
2024-08-26 00:00:00+00:00,24.6708566156,25.2812507786,24.5979737305,24.9714985168,8163,,,,,,,,,,,,,26.602315146181752,23.88265594062172,22.804398182196177,22.498833332162533,21.902102967909038,23.707219346370497,,,,,,,,,,,26.173666813216183,24.53152900316792,22.927097577704355,21.814287111553565,22.706872658725793,23.363136651040428,23.925350263742008,23.54061249664926,23.07242753992527,22.71691396131068,22.407057068242356,21.87388373538268,21.37317909589486,21.069747898478767,20.73517345746651,20.482826780228418,20.415408607535394,20.33886551423677,20.061312290312447,19.81997039229072,,22.407057068242356,20.73517345746651,,23.56625415257362,22.16746594585522,"rgba(38, 166, 154, 0.5)",2.1894221048631404,23.44814033321773,0.5584653044592804,56.08015168971845,15.321801402454028,True,False,True,False,False,4.340260649629684,0.0,0.0,0.0,0.0,0,0.9995011595576041,0.8394073904849098,False,False,False,False,0.03840029067917181,0.033318911656576106,False,False,False,False,-103265,-176249.06606266473,False,False,False,False,16012.072748009978,False,False,False,False
2024-08-27 00:00:00+00:00,25.7458791713,25.827872417,24.8530638285,25.472568352,10077,,,,,,,,,,,,,26.535661061744495,23.910912239474165,22.839201810380473,22.533141219205785,21.932289679768147,23.717855645487457,,,,,,,,,,,26.153793248446128,24.551187989331254,22.961996827156714,21.847385081779294,22.72677596696743,23.37659413548084,23.9330642161225,23.549394880489633,23.081691771076837,22.72683010049985,22.41764358650592,21.884780534570005,21.384180929057656,21.080991995585943,20.746646681404584,20.494398603435688,20.42699491382075,20.350476888343266,20.072918868011147,19.831620070067988,,22.41764358650592,20.746646681404584,,23.578176942676752,22.17996836440767,"rgba(38, 166, 154, 1.0)",2.2555568162015973,23.46038547978812,1.0132724988771058,56.87302826639745,15.321801402454028,True,False,True,False,False,6.064761728854631,0.0,0.0,0.0,0.0,0,1.0044186102089585,0.8331858480448081,False,False,False,False,0.0618315265428573,0.0475752190997167,False,False,False,False,-93188,-172991.76935432493,False,False,False,False,15779.324797107627,False,False,False,False
2024-08-28 00:00:00+00:00,25.827872417,25.9371967447,24.4704286815,25.499899434,8928,,,,,,,,,,,,,26.47969156145503,23.9341354212192,22.868560237238007,22.562238629379415,21.9581377808266,23.72683480709727,,,,,,,,,,,26.135538862634785,24.566778542301748,22.99136335863036,21.875706472718157,22.74376870743197,23.388016803492647,23.93955484124562,23.556854125921813,23.08962313417238,22.73535376343198,22.426767830783167,21.89420943540476,21.393727962878934,21.090762307359334,20.756628948535063,20.504475576144674,20.437086779011715,20.360593077753908,20.083039653286406,19.841785233645826,,22.426767830783167,20.756628948535063,,23.58826640620259,22.190581770839266,"rgba(38, 166, 154, 1.0)",2.3211759288892213,23.47066459628328,1.0155231197166248,57.505017139501994,15.321801402454028,True,False,True,False,False,6.195451925703061,0.0,0.0,0.0,0.0,0,1.0244170775995252,0.8221253445233544,False,False,False,False,0.053837274147325066,0.050706246623520884,False,False,False,False,-84260,-169512.0921247436,False,False,False,False,15510.645393299485,False,False,False,False
2024-08-29 00:00:00+00:00,26.8209017269,27.3128612015,25.8734242202,26.565811629,13021,,,,,,,,,,,,,26.49251495470998,23.994489776801213,22.930778481694002,22.62190091886719,22.00862981058727,23.74940577687249,,,,,,,,,,,26.154019621754614,24.620890617640807,23.054554330346008,21.930616096951375,22.77966769050475,23.41465557828595,23.956916434572495,23.5749276363954,23.107304678313472,22.753482511560968,22.445538631001963,21.912753690226367,21.41190227227041,21.10905601219384,20.775022409898188,20.522844750366925,20.455433391727734,20.37892888818666,20.101197972313752,19.859875669521305,,22.445538631001963,20.775022409898188,,23.632953286588688,22.21597944420165,"rgba(38, 166, 154, 1.0)",2.380245551968226,23.503879047444098,1.3935632299419929,59.16991639423544,15.321801402454028,True,False,True,False,False,7.7705911155203715,0.0,0.0,0.0,0.0,0,1.0377450768599243,0.7836229328242534,False,False,False,False,0.13561383951047637,0.09316004306699863,False,False,False,False,-71239,-165658.24537475363,False,False,False,False,15413.012240621074,False,False,False,False
2024-08-30 00:00:00+00:00,27.2126472345,27.2126472345,26.7024670386,27.0942125461,4155,,,,,,,,,,,,,26.50414956839737,24.015804067001262,22.95214695572797,22.642299577058974,22.02578794579684,23.7574475991724,,,,,,,,,,,26.16373387255616,24.64061923875912,23.0763008419664,21.9492343635132,22.79207216112782,23.42403042250157,23.963166735925753,23.581341695455517,23.11349800184786,22.759780774092917,22.45202012304368,21.919103218402615,21.418085548612407,21.11525877927022,20.781238135060846,20.52903816327566,20.461615645804795,20.385103546243325,20.107299570180814,19.86594372519672,,22.45202012304368,20.781238135060846,,23.64960595219247,22.224924228141866,"rgba(0, 255, 255, 0.75)",2.454871361863762,23.515973687263106,1.5058522432842854,60.752119357680556,15.321801402454028,True,False,True,False,True,8.384484656892148,0.0,0.0,0.0,0.0,0,1.0506965402725625,0.7953258410642265,False,False,False,False,0.15732045313805673,0.12524024810252768,False,False,False,False,-67084,-161792.58869339075,False,False,False,False,14971.521564518287,False,False,False,False
2024-09-03 00:00:00+00:00,26.1102935969,27.1397643493,26.082962515,27.1397643493,10657,,,,,,,,,,,,,26.50107189647848,24.058592896460873,22.998082857437524,22.68677118236683,22.064081375025335,23.774171647977447,,,,,,,,,,,26.171387548077078,24.677536480067932,23.122756646801438,21.990836592292887,22.819128461714513,23.443916607396464,23.975990690155406,23.59486011934442,23.126889103772292,22.773605960350253,22.466405375852123,21.933424005196617,21.432202611526485,21.129509132996546,20.795606521730637,20.5434156703983,20.475982702669434,20.39947005045817,20.12155464735267,19.880167179712405,,22.466405375852123,20.795606521730637,,23.68046197595775,22.243732305393305,"rgba(38, 166, 154, 1.0)",2.5046451102534513,23.539589172554805,1.0263747202433238,59.57619476106318,15.321801402454028,True,False,True,False,True,6.254043263671473,0.0,0.0,0.0,0.0,0,1.0451585531780518,0.7976260342378022,False,False,False,False,0.13669599280092198,0.13096812045172485,False,False,False,False,-77741,-158496.44796031658,False,False,False,False,14802.32464041953,False,False,False,False
2024-09-04 00:00:00+00:00,26.4018251374,26.7571292024,26.0100796299,26.0100796299,4397,,,,,,,,,,,,,26.498756040029598,24.075416528762037,23.01639034967574,22.70455559293973,22.079493468406845,23.78087133507482,,,,,,,,,,,26.173816778812245,24.691873833507458,23.14124330770118,22.00756987962263,22.83000866310279,23.451897305124636,23.98112689343235,23.600294307879356,23.132292327418643,22.779195450304705,22.47222931683968,21.939234997470948,21.437940854690236,21.135306296961833,20.80145642571813,20.549272615615376,20.481836250324953,20.40532430963793,20.127366829646782,19.885969045043897,,22.47222931683968,20.80145642571813,,23.692580552481463,22.25126278444279,"rgba(38, 166, 154, 1.0)",2.559447851617482,23.548934068936966,1.1146509848442923,59.213705199926856,15.321801402454028,True,False,True,False,True,6.7247884947323335,0.0,0.0,0.0,0.0,0,1.0445176993027125,0.8230454205223257,False,False,False,False,0.12319109142880506,0.12707960594026496,False,False,False,False,-73344,-155157.13627559828,False,False,False,False,14394.272693736411,False,False,False,False
2024-09-05 00:00:00+00:00,26.4018251374,27.1397643493,26.4018251374,27.1397643493,3573,,,,,,,,,,,,,26.501232205976088,24.090414592734994,23.032249373029565,22.71988536945846,22.09268187337457,23.78682644628578,,,,,,,,,,,26.178064621020813,24.705093308609708,23.15729369000774,22.021869321720345,22.839438780793795,23.45891765905475,23.985730073916585,23.605101785998308,23.137016710936365,22.784048574261796,22.47726012567563,21.94421908869204,21.44283653471114,21.14023862756414,20.80642021211262,20.554233296968956,20.48679176650846,20.410277887974694,20.132276223819023,19.890862842999518,,22.47726012567563,20.80642021211262,,23.703881643476578,22.25789955666732,"rgba(38, 166, 154, 1.0)",2.61763158286515,23.55744330983785,1.0866242011218428,58.972045492502644,15.293078869056501,True,False,True,False,True,6.7247884947323335,0.0,0.0,0.0,0.0,0,1.0477349860861203,0.820196345186974,False,False,False,False,0.1461787063579668,0.13662915614911586,False,False,False,False,-73344,-151948.7779902807,False,False,False,False,13969.909058687925,False,False,False,False
2024-09-06 00:00:00+00:00,23.4409579291,26.6423125059,23.4409579291,26.3584031452,20189,,,,,,,,,,,,,26.330188134769,24.103735322708953,23.06779048678342,22.758321575524132,22.131450387903673,23.7951934907324,,,,,,,,,,24.508076121366663,26.097574457298098,24.69784611269748,23.191348743775528,22.064419471662244,22.8624070708314,23.471780305538307,23.99077566535916,23.613079442116767,23.147349301724255,22.796183158395152,22.490991919938242,21.95946252044553,21.459026018059554,21.157179916740045,20.824093921238056,20.57232275988833,20.50497061694167,20.428569470207645,20.150813531366556,19.909667730672197,,22.490991919938242,20.824093921238056,,23.69777989973693,22.499413526279533,#000000,2.6183677304879196,23.65419929246155,-0.08144057111558224,53.61604354600602,9.882838973940096,False,False,False,False,False,1.2064097829154115,0.0,0.0,0.0,0.0,0,1.0012035314676393,0.8342847914060705,False,False,False,False,0.04435882626794808,0.09049399120853197,False,False,False,False,-93533,-149657.96316713246,False,False,False,False,14213.794977955065,False,False,False,False
2024-09-09 00:00:00+00:00,25.349050061,25.349050061,24.5102269499,24.5102269499,6389,,,,,,,,,,,,,26.29685505756922,24.11338484138897,23.082929761129723,22.773935902407715,22.14629809740173,23.799854364404617,,,,,,,,,,24.643021146627333,26.08212823908854,24.70212202642517,23.206214269386088,22.080607125139288,22.871979152550402,23.477954929841342,23.994062921731715,23.6171399004396,23.15192240414254,22.80123536916735,22.496497527687364,21.965302996362094,21.46505048527721,21.163397914889416,20.830498747836256,20.5788245126329,20.511491244200368,20.435115913428408,20.157398739352278,19.916309445611333,,22.496497527687364,20.830498747836256,,23.702209670716996,22.51159827831028,"rgba(38, 166, 154, 0.5)",2.6485909199772157,23.66552270281765,0.6356313258813224,53.06910578685236,9.169736468509562,False,False,False,False,False,4.343756906705238,0.0,0.0,0.0,0.0,0,1.0019989496544024,0.8436477143906679,False,False,False,False,0.03781793818865996,0.06415596469859597,False,False,False,False,-87144,-147206.43519979392,False,False,False,False,13906.94027293722,False,False,False,False
2024-09-10 00:00:00+00:00,25.3767035701,25.8007240439,24.4733556043,25.8007240439,7761,,,,,,,,,,,,,26.26325048711875,24.126618946088918,23.102357551678814,22.793822373301452,22.16503350438515,23.80612288154606,,,,,,,,,,24.772730487806967,26.066621500283425,24.70921873995792,23.22536309904353,22.10099672693619,22.884268623681823,23.48608078508975,23.998573215018485,23.622539782150792,23.157873392807645,22.80773948154625,22.50353544017117,21.97270392586224,21.472640023768975,21.1712088513787,20.83852281867641,20.586955797322744,20.519642613522276,20.443295652900932,20.165613872285576,19.924584717653534,,22.50353544017117,20.83852281867641,,23.709534290686523,22.525306241510588,"rgba(38, 166, 154, 0.5)",2.6808231907509934,23.678717635239728,0.6333822912001161,52.74492404086757,8.587715719729644,False,False,False,False,False,4.388153161555014,0.0,0.0,0.0,0.0,0,1.0018354997908425,0.8421252556588664,False,False,False,False,0.04993366555313452,0.05704481512586525,False,False,False,False,-79383,-144546.69264293925,False,False,False,False,13665.923007331838,False,False,False,False
2024-09-11 00:00:00+00:00,25.874466735,25.874466735,24.4272664224,24.8881582417,10503,,,,,,,,,,,,,26.22804623014462,24.146828349420286,23.130224371214602,22.822133245633445,22.191461454531066,23.815560530457038,,,,,,,,,,24.917792873736584,26.050647686182916,24.72172438758557,23.252932400853634,22.129699038077284,22.90192976511682,23.49805794748254,24.005494147180766,23.630586066810164,23.16655287686276,22.817121796766283,22.513613134290182,21.983203967814372,21.483340366426887,21.1821871509869,20.849767704353035,20.59832915468309,20.531038666396654,20.45472537883764,20.17707306346271,19.93611187419348,,22.513613134290182,20.849767704353035,,23.722375696900176,22.54329087869534,"rgba(38, 166, 154, 0.5)",2.7188089848335597,23.696807784501978,0.8009606274827479,53.2895069842617,8.587715719729644,False,False,False,False,False,5.193784438697694,0.0,0.0,0.0,0.0,0,0.9942980911350858,0.840100054733224,False,False,False,False,0.05074186245150687,0.05389333878868606,False,False,False,False,-68880,-141579.37136282396,False,False,False,False,13541.886810965883,False,False,False,False
2024-09-12 00:00:00+00:00,25.6255851525,26.0772591355,25.229218188,26.0403877899,7698,,,,,,,,,,,,,26.211246369278527,24.164150330055758,23.152449534394343,22.84449073108915,22.212061431616878,23.82350081445266,,,,,,,,,,25.02419757056551,26.043710571216792,24.733940318517156,23.275025418352048,22.152020292800525,22.91601086917275,23.50789636753056,24.011437064455663,23.637274052741184,23.173587015767914,22.824623904427334,22.52159750025605,21.991424729445324,21.49164912066122,21.190676710478762,20.85842945503138,20.607067269831788,20.53978859173713,20.463494919623287,20.185844264336836,19.944918424850258,,22.52159750025605,20.85842945503138,,23.734649868481224,22.55748480034746,"rgba(38, 166, 154, 0.5)",2.7527936450586266,23.711850293980483,0.6951973541332268,53.18974716043029,8.385264522487795,False,False,False,False,False,4.729672588516564,0.0,0.0,0.0,0.0,1,1.0165685049011792,0.8357835898122338,False,False,False,False,0.08015981445732857,0.06702657662300732,False,False,False,False,-76578,-139030.29797604654,False,False,False,False,13312.7147791633,False,False,False,False
2024-09-13 00:00:00+00:00,26.1694374993,26.8146860463,25.5234515254,26.0864769718,17527,,,,,,,,,,,,,26.208661332005793,24.215611636244006,23.211978342440066,22.90340236844863,22.265098009248607,23.846466426568416,,,,,,,,,,25.310613600039737,26.04840238733944,24.77595589635432,23.334656264050974,22.209285606544043,22.953607112517233,23.535388984099246,24.029109899335257,23.65627892181736,23.19282761657578,22.844711429612392,22.542657626676494,22.012676401971284,21.51282048396915,21.21215125300493,20.88018592539205,20.628912588213847,20.561637674796245,20.48536442725857,20.207621586116964,19.966706767566066,,22.542657626676494,20.88018592539205,,23.775203019159253,22.596743284284265,"rgba(38, 166, 154, 0.5)",2.794270061313064,23.75639313328656,0.8635687721892982,54.02934818886294,8.385264522487795,False,False,True,False,False,5.624929246080541,0.0,0.0,0.0,0.0,1,1.0244533566714678,0.8182873766133933,False,False,False,False,0.11051111595848415,0.08876884629074573,False,False,False,False,-59051,-135893.85491816237,False,False,False,False,13477.980866254937,False,False,False,False
2024-09-16 00:00:00+00:00,26.5289331184,26.5380587764,25.9205559169,26.1786553357,6194,,,,,,,,,,,,,26.2112237307746,24.234610013179235,23.233565716458116,22.92472106028706,22.28425685380859,23.85502690205696,,,,,,,,,,25.39334286414472,26.052064162231375,24.791860065241465,23.35630280240724,22.229936502058564,22.967337335294182,23.545551431484014,24.03574815705251,23.663350424791158,23.199930558907322,22.852091595166947,22.550367969023274,22.02042217676483,21.520512137386707,21.219939581796986,20.888063335230502,20.636813447922293,20.569537731140784,20.49326944326142,20.21548530163664,19.974567959143037,,22.550367969023274,20.888063335230502,,23.790567379427426,22.610096351147146,"rgba(38, 166, 154, 0.5)",2.8352462871307353,23.771884435902283,0.9724194667010205,55.18478572247479,8.385264522487795,False,False,True,False,False,6.216013573317284,0.0,0.0,0.0,0.0,1,1.035967440588522,0.8258685907499316,False,False,False,False,0.11406772764682642,0.10141828696878608,False,False,False,False,-52857,-132637.50766646973,False,False,False,False,13192.334557774351,False,False,False,False
2024-09-17 00:00:00+00:00,26.2155266812,27.1926173381,25.9666450988,26.4091012453,17027,,,,,,,,,,,,,26.22486477354422,24.28823075226648,23.293807862999415,22.984151876947656,22.337656048149928,23.879469887952073,,,,,,,,,,25.587712942005798,26.066122495034836,24.83748135761139,23.41674191647631,22.28740696164265,23.005939194446242,23.574388248694103,24.054816543217797,23.683530209414663,23.220090072730123,22.87296634424764,22.572120933379434,22.042206000079684,21.542094266864467,21.241765480892667,20.910111990595787,20.658910045236716,20.591627706475485,20.515368362109847,20.23745274441524,19.996515162009857,,22.572120933379434,20.910111990595787,,23.83469686697663,22.645942690778543,"rgba(38, 166, 154, 0.5)",2.8705702236668365,23.814095087911397,0.836569533638177,55.24113217742915,8.385264522487795,False,False,True,False,True,5.605076285308723,0.0,0.0,0.0,0.0,1,1.0374107962024937,0.8136436002319113,False,False,False,False,0.13481157763157037,0.11811493230017822,False,False,False,False,-69884,-130176.58579719641,False,False,False,False,13342.713594724377,False,False,False,False
2024-09-18 00:00:00+00:00,25.6716743345,26.7501611916,25.6716743345,26.3644869172,3504,,,,,,,,,,,,,26.222688476101695,24.296837204452093,23.304291289543023,22.99466185594134,22.34735456747002,23.883619524165994,,,,,,,,,,25.60376667959147,26.065875312600422,24.84416887044639,23.427183025354374,22.297849291473952,23.01280774236148,23.579383512610356,24.058012751945892,23.687013268896465,23.223664703546895,22.876724060108177,22.576078798823072,22.046231408685713,21.54612846795695,21.245868609073455,20.914280140885058,20.663103173347537,20.595823625687682,20.519570445430336,20.241645219650774,20.00071596742554,,22.576078798823072,20.914280140885058,,23.841575486279027,22.65125895542382,"rgba(38, 166, 154, 0.5)",2.8903309746414068,23.820140161841113,0.6405959002285545,54.05376981472686,8.134302318290182,False,False,True,False,True,4.545535225974252,0.0,0.0,0.0,0.0,1,1.0494893921421138,0.8083257779720743,False,False,False,False,0.10737905199796315,0.11274699214907069,False,False,False,False,-73388,-127949.58243260048,False,False,False,False,12956.881689048912,False,False,False,False
2024-09-19 00:00:00+00:00,27.690380503,27.690380503,26.4920617728,26.6026758094,5929,,,,,,,,,,,,,26.24261870964133,24.32164639267228,23.329959240172464,23.019591111564484,22.369222103392126,23.89470218026809,,,,,,,,,,25.701149455348496,26.080361347971667,24.867145530184736,23.453117192729927,22.32130405555019,23.029180161135265,23.59210898231936,24.06683536295469,23.696037993524108,23.232397343911526,22.885593197030854,22.585189475746493,22.055171618572633,21.554850826444987,21.254618916695417,20.923050081276287,20.67184489855429,20.604550803582498,20.528287915822904,20.250265965871968,20.00929280478353,,22.585189475746493,20.923050081276287,,23.862956622951796,22.66765305626142,"rgba(38, 166, 154, 1.0)",2.9474940740802036,23.840320818011786,1.3062145633624946,56.69711029752286,8.134302318290182,False,False,True,False,True,7.886935436976831,0.0,0.0,0.0,0.0,1,1.0421548915846224,0.7882274941649687,False,False,False,False,0.15669529014144498,0.13472114114525785,False,False,False,False,-67459,-125577.40272936125,False,False,False,False,12681.278485556799,False,False,False,False
2024-09-20 00:00:00+00:00,26.0864769718,28.9807854186,25.7638526983,27.3493205567,30436,,,,,,,,,,,,26.94370502956667,26.30389541120826,24.428626584705192,23.445577103242815,23.133096705105377,22.47078955133399,23.944775132200068,,,,,,,,,,25.98516322448496,26.12976818210541,24.96264419887492,23.569383787826183,22.430143673351328,23.10460154347876,23.65007829390708,24.10658064443768,23.737256129033227,23.272856285944428,22.927021905126356,22.62799892452296,22.097577610777883,21.59652709594208,21.296580830273403,20.965258376365256,20.7140239897792,20.646687132072408,20.570407514323524,20.292023677697237,20.050920948401238,,22.62799892452296,20.965258376365256,,24.381495073908912,22.734129151016212,"rgba(38, 166, 154, 0.5)",2.9603021755583776,24.12220110396812,0.6635389738418763,55.213456038851795,8.134302318290182,False,False,True,False,True,4.817917504512966,0.0,0.0,0.0,0.0,1,1.0245253593850872,0.7909131107311195,False,False,False,False,0.1743897414684302,0.154555441306844,False,False,False,False,-97895,-124491.81830860199,False,False,False,False,13377.542074358495,False,False,False,False
2024-09-23 00:00:00+00:00,26.6487649914,27.6258556483,25.9896896898,26.2708336996,17824,,,,,,,,,,,,26.87392517027684,26.325849643471145,24.482909144726406,23.506438965066792,23.193423123946495,22.525777441872407,23.9715428675278,,,,,,,,,,26.07601884952685,26.150035023835002,25.009644140368486,23.630329926548757,22.488965425503935,23.145327674079542,23.68121020301659,24.12783424226484,23.759518313693125,23.2949444376308,22.949770240574402,22.65160034377595,22.1211167070409,21.619783860002006,21.320055910539633,20.988930337538797,20.737721459379703,20.67037143647447,20.594094253691868,20.315549147505422,20.074406194124553,,22.65160034377595,20.988930337538797,,24.411409479555413,22.766641096649554,"rgba(38, 166, 154, 0.5)",2.9931584451114985,24.15673214626363,0.8325763205774896,55.13362058712161,8.134302318290182,False,False,True,False,True,5.735361215560999,0.0,0.0,0.0,0.0,1,1.030067293491048,0.8104131703537371,False,False,False,False,0.13895086485515046,0.14675315308099723,False,False,False,False,-80071,-122749.82543375486,False,False,False,False,13551.912973403261,False,False,False,False
2024-09-24 00:00:00+00:00,26.0035164444,27.2512427776,25.9666450988,25.9850807716,25431,,,,,,,,,,,,26.712834310091896,26.331129980406097,24.544912279370738,23.580609976303716,23.268027228201714,22.595581366678296,24.004202098423708,,,,,,,,,,26.123751481462907,26.161404029408434,25.060050107877547,23.704118813497377,22.56355590845728,23.19643905816004,23.71965963922556,24.15363891957439,23.787097674410447,23.322860401491003,22.9788400826749,22.68199717512563,22.151803902119436,21.65038349151183,21.35108209344984,21.020355659320458,20.769277588611146,20.701934913084013,20.625688289856953,20.347023734115627,20.105902139781488,,22.68199717512563,21.020355659320458,,24.433899605639454,22.80354814817174,"rgba(38, 166, 154, 0.5)",3.00678001544066,24.190140287723384,0.6030957194621551,53.84796283415338,7.64023174087847,False,True,True,False,False,4.51816206683754,0.0,0.0,0.0,0.0,1,1.0329500520516324,0.817124583782745,False,False,False,False,0.12655612865219495,0.1366546408665961,False,False,False,False,-105502,-122073.44012262722,False,False,False,False,14017.75952346588,False,False,False,False
2024-09-25 00:00:00+00:00,27.404627575,27.4230632478,26.3906655726,26.3906655726,6237,,,,,,,,,,,,26.74092228119081,26.342760537728445,24.56473241745195,23.6023733076891,23.289566430020443,22.615242297655353,24.014260426046,,,,,,,,,,26.15615858446458,26.17118199948876,25.0776985822615,23.725930777064733,22.58451111367609,23.21127887206694,23.73121912554947,24.161721701567025,23.795470260883842,23.331091674891738,22.98726483639704,22.69069579059572,22.160429819702763,21.658870305548714,21.359627808214636,21.028952702155554,20.777870647152795,20.710519946602734,20.63427051247141,20.355535770668986,20.11438974570459,,22.69069579059572,21.028952702155554,,24.452836813968872,22.815515041571253,"rgba(38, 166, 154, 1.0)",3.043626785145732,24.20568922082454,1.0510284538786814,55.238788253621514,7.64023174087847,False,True,True,False,False,6.796529649036238,0.0,0.0,0.0,0.0,1,1.0334136885261325,0.8092349891978355,False,False,False,False,0.14514376208728277,0.14089920147693943,False,False,False,False,-99265,-121178.99149036733,False,False,False,False,13712.631699016238,False,False,False,False
2024-09-26 00:00:00+00:00,26.759379028,26.759379028,26.2892693723,26.5381509547,4864,,,,,,,,,,,,26.732991924097824,26.345900821201145,24.577117926843137,23.616884616029758,23.304129166521044,22.628851218906448,24.020860227803666,,,,,,,,,,26.16774103358677,26.17476232342525,25.0880557739162,23.740384124333172,22.599021000384727,23.22137390281168,23.738918275034884,24.166981215644384,23.801037798896726,23.336682521126075,22.993057712597007,22.69673043415405,22.166494120204295,21.66489732234647,21.36572765814199,21.035120096569667,20.784056551964937,20.716705527126543,20.640460090848002,20.361695514279692,20.120548346568846,,22.69673043415405,21.035120096569667,,24.460962271629004,22.822995149869627,"rgba(38, 166, 154, 0.5)",3.0589139240674217,24.213794134629957,0.8321858530707505,54.89881087212371,7.64023174087847,False,True,True,False,False,5.572583701316496,0.0,0.0,0.0,0.0,1,1.010529575264125,0.8180172893636504,False,False,False,False,0.12129296724189434,0.1310960843594169,False,False,False,False,-104129,-120510.36437309803,False,False,False,False,13365.626534348934,False,False,False,False
2024-09-27 00:00:00+00:00,27.3216670475,27.3216670475,26.6443404299,26.7317255188,3873,,,,,,,,,,,,26.748843839618207,26.353047244884667,24.589248134551816,23.630231546739203,23.317353838369076,22.640957908638253,24.02709067976445,,,,,,,,,,26.18652363413521,26.18080824203705,25.09885564197825,23.75375455017025,22.611913990364418,23.23053552650884,23.74607008669217,24.17199772388819,23.806232896829314,23.341790855274805,22.998285533495675,22.70212735026916,22.171846587797475,21.67016419622744,21.371031055308038,21.04045535785487,20.789389462543785,20.72203350672282,20.645786364605875,20.366978509748463,20.125816318630566,,22.70212735026916,21.04045535785487,,24.472396170366522,22.83032905362261,"rgba(38, 166, 154, 1.0)",3.0890177946069657,24.223239646000646,1.0030461484905708,55.57397734606827,7.64023174087847,False,True,True,False,False,6.4842243019585375,0.0,0.0,0.0,0.0,1,1.0105356569361874,0.8105008887561731,False,False,False,False,0.14990970940682471,0.1405028968831208,False,False,False,False,-100256,-119716.07557415302,False,False,False,False,12993.366670256819,False,False,False,False
2024-09-30 00:00:00+00:00,26.9253000829,27.4926579125,26.8976465738,26.8976465738,4755,,,,,,,,,,,,26.766982148168815,26.361744689494152,24.60403664572277,23.64652223504081,23.33350425191257,22.655763091267616,24.034728655987987,,,,,,,,,,26.208794925511665,26.188197756403042,25.1120182072581,23.77007014871738,22.6276750151963,23.241751401111934,23.75483330749608,24.178152729404506,23.812606703946592,23.348059064931363,23.004700239441153,22.70874922854597,22.17841449532338,21.676627615967565,21.377539354809898,21.047002840035976,20.795934175777614,20.728572207817464,20.65232300699805,20.373462237909223,20.132281721317703,,22.70874922854597,21.047002840035976,,24.486183102513532,22.839274233130165,"rgba(38, 166, 154, 0.5)",3.116130561899583,24.234690445871433,0.8634457329632498,55.19270152777689,7.64023174087847,False,True,True,False,False,5.721801205652383,0.0,0.0,0.0,0.0,1,1.011496743994992,0.8064354759507999,False,False,False,False,0.16322560040489387,0.15186424864400733,False,False,False,False,-105011,-119139.40594379407,False,False,False,False,12670.29346750165,False,False,False,False
2024-10-01 00:00:00+00:00,26.3814477362,27.4230632478,26.3814477362,27.4230632478,8025,,,,,,,,,,,,26.763950040499438,26.368768016260024,24.624906040982687,23.670716439997534,23.357760884014056,22.678432441203054,24.04596329171009,,,,,,,,,,26.229228593699823,26.195392134769577,25.12972170301394,23.794180041344852,22.651809542003665,23.258703230385947,23.76786911598656,24.18715331511029,23.82208424856047,23.35753518034556,23.014490996747032,22.71892657231799,22.18861539855458,21.686746883910534,21.38777003488938,21.05733616576625,20.806291578049958,20.738927363951074,20.662682924676567,20.383766047382654,20.14257845704562,,22.71892657231799,21.05733616576625,,24.50149959352384,22.851961553573336,"rgba(38, 166, 154, 0.5)",3.124524057910348,24.24903246551845,0.6824768288414739,53.813107862866694,7.093980671984276,False,True,True,False,False,4.677998531705132,0.0,0.0,0.0,0.0,1,1.0096908277861423,0.8068817913545938,False,False,False,False,0.1448554786789166,0.14835986366146198,False,False,False,False,-113036,-118900.05669109628,False,False,False,False,12488.125096227075,False,False,False,False
2024-10-02 00:00:00+00:00,26.0956948082,27.0635676287,25.7961151257,26.2247445176,12751,,,,,,,,,,,,26.71420702090006,26.36728304937415,24.650931690218975,23.703334039043227,23.390993363499557,22.71034166826469,24.06092246672546,,,,,,,,,,26.23447382252915,26.197941221503566,25.15005185444815,23.826447211855108,22.68577815632461,23.282157451886665,23.785511157355444,24.199037298433385,23.83490972347155,23.370664245981477,23.02823574311858,22.733348409288368,22.203274017721334,21.70144103045288,21.40270313115964,21.072495847843804,20.821539675811415,20.754185701990043,20.677963209804172,20.39901532761834,20.157858225199448,,22.733348409288368,21.072495847843804,,24.514001899718018,22.868058711929883,"rgba(38, 166, 154, 0.5)",3.125292345125397,24.263985267541518,0.5860922238252207,52.30439195854085,5.562625922755181,False,True,False,False,False,4.129407025897546,0.0,0.0,0.0,0.0,1,1.0030760737566633,0.8142013101676013,False,False,False,False,0.11542422144494947,0.13189204255320572,False,False,False,False,-125787,-119170.13289928858,False,False,False,False,12498.433915982876,False,False,False,False
2024-10-03 00:00:00+00:00,25.9758629352,26.6672006641,25.8375953894,26.3169228815,5320,,,,,,,,,,,,26.689547454444018,26.364764053115127,24.660547073101693,23.715897291065954,23.40390155250013,22.722913464039735,24.06667229288257,,,,,,,,,,26.232696296153133,26.197618027857047,25.157208799442852,23.838827745340634,22.699155977731248,23.291332641869346,23.79234451822904,24.203589195686085,23.839883450494504,23.37581542011904,23.033662428488466,22.73906733252744,22.209125208192287,21.707335050640697,21.408707142521685,21.078604997339472,20.82769418718275,20.760346832264723,20.684135931601773,20.40518506108721,20.164047778747786,,22.73906733252744,21.078604997339472,,24.517749025878462,22.87411681223847,"rgba(38, 166, 154, 0.5)",3.100403064173594,24.269115410018095,0.550492142426273,51.04041238674198,4.297750062861901,False,True,False,False,False,3.896958654665589,0.0,0.0,0.0,0.0,1,0.9970997021090999,0.8273616421857465,False,False,False,False,0.10442346433408274,0.11815775344364424,False,False,False,False,-131107,-119638.2453346106,False,False,False,False,12216.92670359139,False,False,False,False
2024-10-04 00:00:00+00:00,27.3032313748,27.3032313748,26.6856363369,26.7225076825,2648,,,,,,,,,,,,26.698387247407982,26.3691734279489,24.668249882649,23.724481987346493,23.412451052715607,22.730833673098033,24.070798372191785,,,,,,,,,,26.242877705917248,26.201438811325918,25.16402666873459,23.847409277313588,22.707568983999927,23.297362474778595,23.797071491448097,24.20692841136107,23.843347845997563,23.37923287322918,23.037164049517017,22.742684588571986,22.212720412621536,21.710879164683863,21.412278265011707,21.082200099279977,20.831289707451642,20.76393958000549,20.68772810444085,20.40875035827255,20.167604598311232,,22.742684588571986,21.082200099279977,,24.52491080619397,22.87884494369812,"rgba(38, 166, 154, 0.5)",3.0916782842974055,24.27507392597751,0.9794542544101252,52.955809882565184,4.297750062861901,False,True,False,False,True,6.18194726713822,0.0,0.0,0.0,0.0,1,0.9959414984039093,0.8169157389038376,False,False,False,False,0.15062575721986976,0.134391755331757,False,False,False,False,-128459,-119984.15728227294,False,False,False,False,11841.674675999571,False,False,False,False
2024-10-07 00:00:00+00:00,26.8607752282,27.2387065201,26.8607752282,27.1926173381,5871,,,,,,,,,,,,26.711610126882174,26.377306191795693,24.6843858272113,23.7427417812795,23.430701303858832,22.747849788853973,24.07957365850295,,,,,,,,,,26.261803705204677,26.208763661458047,25.17811814532746,23.865633389111796,22.72564040294133,23.310276406068706,23.807154151994467,24.214022246288557,23.85074248261082,23.386562773455616,23.044695247942542,22.750480020698927,22.220492591223213,21.718559358394824,21.42002625016171,21.090009368256425,20.839106342902696,20.771751844627783,20.695540941329106,20.416511103963757,20.175351912852502,,22.750480020698927,21.090009368256425,,24.539166954054924,22.888794521698124,"rgba(38, 166, 154, 0.5)",3.0869724339377056,24.28723087919031,0.833679083336325,53.1794404470897,4.297750062861901,False,True,False,False,True,5.3041654002351635,0.0,0.0,0.0,0.0,1,0.9859344648017281,0.8247862694294973,False,False,False,False,0.1540926848653954,0.1442422200985762,False,False,False,False,-134330,-120546.7393496348,False,False,False,False,11607.530571058413,False,False,False,False
2024-10-08 00:00:00+00:00,26.7132898461,27.4507167569,26.5714273441,26.5714273441,5283,,,,,,,,,,,,26.71954351082526,26.383565841481104,24.69824850773931,23.758623383375465,23.44662240625345,22.762777136792185,24.087222653472693,,,,,,,,,,26.27635210697831,26.214615321477268,25.190095617386973,23.881462943316006,22.741488225240893,23.321584628016627,23.815960108315473,24.2202030389756,23.85720854425782,23.392996377649325,23.05131929569345,22.75734661661985,22.22735513559062,21.72535322837217,21.426886250067422,21.09692979401532,20.846037630078424,20.77868037269079,20.702471200215008,20.423399472780496,20.182231740412792,,22.75734661661985,21.09692979401532,,24.550943348562782,22.897387295386892,"rgba(38, 166, 154, 0.5)",3.0698811244631585,24.297473160386026,0.7869414442347297,52.97110052253072,4.297750062861901,False,True,False,False,True,5.009910573772942,0.0,0.0,0.0,0.0,1,0.9845764115141603,0.8161889720008555,False,False,False,False,0.151668343012819,0.1479552815556976,False,False,False,False,-139613,-121294.43584572755,False,False,False,False,11359.509764350241,False,False,False,False
2024-10-09 00:00:00+00:00,28.1881436678,28.2346937416,26.7225076825,26.7225076825,4103,,,,,,,,,,,,26.749268443301176,26.39556757764218,24.71276049575221,23.773962723149403,23.461730544013413,22.776527040282016,24.094816118874647,,,,,,,,,,26.300934413595883,26.224252564474483,25.203571417438937,23.896872771758876,22.756068701465495,23.332272309137323,23.824530460004567,24.226410603876126,23.863527240133756,23.399113780276817,23.057515408364708,22.763692033132035,22.233582626721994,21.731432720093924,21.432980758733155,21.103034074145633,20.852121308061648,20.784753958489862,20.70853781447327,20.429400287707576,20.188201868762874,,22.763692033132035,21.103034074145633,,24.566376134716432,22.906230262604304,"rgba(38, 166, 154, 1.0)",3.0822217482597267,24.30958454977699,1.2583647235027486,55.68357557956865,2.4036314777301016,False,True,True,False,True,7.5325419568957415,0.0,0.0,0.0,0.0,1,0.9847922166014839,0.8202280929989155,False,False,False,False,0.1811076016349281,0.16453144159531286,False,False,False,False,-135510,-121851.90894981667,False,False,False,False,11074.940753983565,False,False,False,False
2024-10-10 00:00:00+00:00,27.3677562295,28.5476392869,27.3032313748,28.5476392869,5308,,,,,,,,,,,,26.786096093013477,26.411058332267277,24.73147968710574,23.793753355124753,23.4812291424004,22.79428966993176,24.104658621463628,,,,,,,,,,26.332045151609584,26.236739283760286,25.22096044532154,23.91675179321135,22.77489721858619,23.346098556368936,23.835631341162944,24.23446461212525,23.87172266300546,23.407046788390986,23.065548769472986,22.771917339738323,22.241653923776894,21.739311429410108,21.440878232796226,21.11094353108336,20.86000367265038,20.79262315720754,20.716397869681014,20.43717480790117,20.1959363434244,,22.771917339738323,21.11094353108336,,24.586080700186724,22.917640529363023,"rgba(38, 166, 154, 0.5)",3.091718928655123,24.32512826071786,0.9841217908206361,55.46805689641145,2.4036314777301016,False,True,True,False,True,5.877948431660929,0.0,0.0,0.0,0.0,1,0.9916391397746197,0.8235140506285431,False,False,False,False,0.20953640683431338,0.18703392421481313,False,False,False,False,-140818,-122595.67722629444,False,False,False,False,10848.78621461166,False,False,False,False
2024-10-11 00:00:00+00:00,28.6582533235,28.6582533235,28.6582533235,28.6582533235,1622,,,,,,,,,,,,26.80713258758469,26.418945393795376,24.738886677779277,23.80116047435044,23.488429886406948,22.800695835308677,24.108413161218966,,,,,,,,,,26.347316447648012,26.24282157726678,25.22814762463644,23.92423541444313,22.781681875832138,23.35118611217134,23.83980629231664,24.237561516634294,23.87481328706999,23.409977964005666,23.068479511257852,22.774889214168326,22.244526957134102,21.742082852670855,21.44363899261998,21.113691178515776,20.86272991904609,20.795341786052873,20.719109945350233,20.439845694174455,20.198584112398176,,22.774889214168326,21.113691178515776,,24.59480914520634,22.922094208150746,"rgba(38, 166, 154, 1.0)",3.121859872050876,24.33169584883485,1.3858909919050455,57.523054473784576,4.200702217529113,False,False,True,False,True,8.032909762583753,0.0,0.0,0.0,0.0,1,1.0109989725393906,0.7917603635989389,False,False,False,False,0.25691675249826373,0.22197533835653843,False,False,False,False,-139196,-123246.67027624369,False,False,False,False,10486.951461097478,False,False,False,False
2024-10-14 00:00:00+00:00,28.169707995,28.8426100512,28.169707995,28.5568571232,2037,,,,,,,,,,,28.394008680400002,26.829214087441677,26.42761272955912,24.747524821110172,23.809926519482662,23.496983894550663,22.80835922185552,24.112846227463695,,,,,,,,,,26.364052543405755,26.24958600330381,25.23643916162014,23.93307764006273,22.789798162845653,23.357244126488904,23.844752231544778,24.241212536785984,23.878474918350975,23.41346936146259,23.071981969030535,22.778449776345695,22.2479829297827,21.74542736143585,21.44697624349514,21.11701823988541,20.866035031490053,20.79863868405901,20.722400025240823,20.44308971853091,20.201803192742332,,22.778449776345695,21.11701823988541,,25.078309522732937,22.927305333258374,"rgba(38, 166, 154, 1.0)",3.1340824368865037,24.59530462319891,1.1404943691755647,57.71026091915332,4.419423879009798,False,False,True,False,True,7.044821378164425,0.0,0.0,0.0,0.0,1,1.0094152692751286,0.7642078004569671,False,False,False,False,0.24699655280975816,0.23448594558314828,False,False,False,False,-141233,-123952.01653992041,False,False,False,False,10155.580815564244,False,False,False,False
2024-10-15 00:00:00+00:00,27.7088161757,28.0691414001,27.696464275,27.9853512673,4960,,,,,,,,,,,27.99051590805071,26.861841821227028,26.442384620653552,24.765131787861414,23.82849905658801,23.515281721340774,22.825039071817645,24.122172210047214,,,,,,,,,,26.392569771054006,26.2615554031259,25.252841247010416,23.951733809693575,22.807465811388546,23.370274277123283,23.855249329344442,24.248860989762917,23.886245290582057,23.420981081608648,23.07958099127356,22.786223863574723,22.255603991879035,21.752861035348147,21.45442420026788,21.124474096354017,20.87346311803776,20.806053813576384,20.72980590951085,20.45041301508828,20.20908705941357,,22.786223863574723,21.124474096354017,,25.043858274698295,22.938034052280223,"rgba(38, 166, 154, 0.5)",3.145305773223609,24.589276154151054,0.9918081886047424,56.74352025464029,4.419423879009798,False,True,True,False,True,6.115602564595459,0.0,0.0,0.0,0.0,1,1.0159409101910568,0.7664333836380268,False,False,False,False,0.19924956918648845,0.21686775738481837,False,False,False,False,-146193,-124824.21196972746,False,False,False,False,9951.832548287215,False,False,False,False
2024-10-16 00:00:00+00:00,28.5660749596,28.5660749596,27.4606720202,27.4606720202,3985,,,,,,,,,,,28.06566244322229,26.896110299175994,26.457168372155866,24.78083828909489,23.84467713488953,23.5311330440352,22.839353228695124,24.130382075916888,,,,,,,,,,26.42044407102683,26.273303058383267,25.2677576808805,23.96802392133912,22.82261895248638,23.381559656434003,23.86443124184153,24.25562052013602,23.89305490956976,23.4275070239374,23.08614694035798,22.792913294224693,22.262120748614535,21.75918617692865,21.46074494805852,21.1307849624623,20.879739011618412,20.81231583377273,20.736056874665064,20.456583144449898,20.215215014190004,,22.792913294224693,21.1307849624623,,25.068165610898223,22.94754564855938,"rgba(38, 166, 154, 1.0)",3.1655262468943466,24.606001496658692,1.2510000404597759,57.6568476429284,4.435872101607572,False,False,True,False,True,7.565168470554951,0.0,0.0,0.0,0.0,1,1.0128078369451963,0.7747622283845896,False,False,False,False,0.1950809861852542,0.2059743717850363,False,False,False,False,-142208,-125505.92914738522,False,False,False,False,9717.83911502105,False,False,False,False
2024-10-17 00:00:00+00:00,28.6674711599,28.6674711599,28.0590939584,28.1420544859,3011,,,,,,,,,,,28.151522382335497,26.92593750850337,26.469863513409607,24.79353105561515,23.8575669091988,23.543720443463712,22.85065484399851,24.136969302559606,,,,,,,,,,26.444021305227857,26.283304137934014,25.279946721765146,23.981021780266456,22.83457812383111,23.390522692614645,23.871769244167936,24.261057569695026,23.89850424143036,23.432701515801586,23.09135553297731,22.79820597966444,22.26725635992363,21.76415502372578,21.465701966009345,21.135725810443954,20.884646645545516,20.817211128188994,20.740941870736417,20.461399296984172,20.219993669582095,,22.79820597966444,21.135725810443954,,25.091220744885533,22.955201347346684,"rgba(38, 166, 154, 1.0)",3.169403460899074,24.62092003414133,1.2767548138572333,58.44504288357975,5.273637555378187,False,False,True,False,True,7.736006051842601,0.0,0.0,0.0,0.0,0,1.0173058270951871,0.791757777902113,False,False,False,False,0.20528750071083884,0.20563093624793757,False,False,False,False,-139197,-126042.83388670345,False,False,False,False,9454.825816392773,False,False,False,False
2024-10-18 00:00:00+00:00,28.4185895774,28.814956542,28.4185895774,28.814956542,1576,,,,,,,,,,,28.19193105843275,26.941949542265988,26.47672835468549,24.800294696122027,23.864410418579737,23.550398030850392,22.85664255829489,24.140477557092474,,,,,,,,,,26.456662684051725,26.288707560488838,25.28646100456099,23.987925098602012,22.84091287677997,23.395280811700847,23.87567250324239,24.263955931350143,23.901404965661268,23.435462529623393,23.094121350177225,22.801014310575017,22.269978291118814,21.766786209180953,21.468325601680412,21.138339593616475,20.887241965706036,20.819799695463978,20.74352473870724,20.463944904067976,20.2225187559709,,22.801014310575017,21.138339593616475,,25.10285402704047,22.959276131317786,"rgba(38, 166, 154, 1.0)",3.1590923069798214,24.628612475565955,1.1997044510096526,58.2781213007994,5.273637555378187,False,False,True,False,True,7.214341026703124,0.0,0.0,0.0,0.0,0,1.023061260606158,0.8131399106616901,False,False,False,False,0.21707035421265322,0.2113506452302954,False,False,False,False,-140773,-126620.4874597739,False,False,False,False,9145.852254965606,False,False,False,False
2024-10-21 00:00:00+00:00,26.639547155,27.8101201976,26.639547155,27.8101201976,5791,,,,,,,,,,,27.876844025588795,26.945017437207028,26.483351849960297,24.814945077456574,23.88128022672459,23.56736537653664,22.872688471376918,24.14889153917233,,,,,,,,,,26.469025890131824,26.295140158353757,25.2991262695326,24.004716886364488,22.85790125700082,23.4075534413374,23.885311204483596,24.27080558667419,23.908555917144415,23.442573291063354,23.101434163217743,22.808586465974336,22.277542617369463,21.77427325445941,21.475882698548265,21.145960608582637,20.894873656328176,20.827428107601598,20.75115471141507,20.471528277033894,20.230091921792052,,22.808586465974336,21.145960608582637,,25.073798000502897,22.96846872313085,"rgba(38, 166, 154, 0.5)",3.1121956790813634,24.623104906398748,0.6479162805072883,54.03529481659821,7.291160726596026,False,True,True,False,False,3.5995380522795166,0.0,0.0,0.0,0.0,0,0.9843682734980574,0.8175725161548494,False,False,False,False,0.07443911451141688,0.14289487987085614,False,False,False,False,-146564,-127402.58599076317,False,False,False,False,9014.289421437545,False,False,False,False
2024-10-22 00:00:00+00:00,27.2571421928,27.5797664663,26.9953556395,26.9953556395,3842,,,,,,,,,,,27.785463119262378,26.952549572594336,26.489611923086166,24.825634126054112,23.89324620186818,23.579329984224067,22.883896339368626,24.15492436379887,,,,,,,,,,26.48043298620118,26.300764814118665,25.308616012090965,24.0166591690359,22.86976090119024,23.416203641257024,23.892174645701488,24.275737545980515,23.913657208987743,23.447600038275695,23.10657577848901,22.81388911242115,22.282808738205645,21.779462286564716,21.481108170484415,21.151218233529665,20.900130389012467,20.832680487272864,20.756405842942765,20.476739401870493,20.23528967504658,,22.81388911242115,21.151218233529665,,25.070581953782092,22.975131270181627,"rgba(38, 166, 154, 0.5)",3.0676717895035543,24.626365250525975,0.857580967845249,52.57735024258477,5.998346370596643,False,True,False,False,False,4.694546532557283,0.0,0.0,0.0,0.0,0,0.9842752634254569,0.8290013233806818,False,False,False,False,0.04708855864148545,0.0949917192561708,False,False,False,False,-142722,-128003.34732445874,False,False,False,False,8811.454542165484,False,False,False,False
2024-10-23 00:00:00+00:00,27.0912211379,27.4507167569,26.2800515359,26.8699930646,8814,,,,,,,,,,,27.566564160367093,26.951962205057463,26.497624607442017,24.8464884243172,23.917681271761325,23.604015602578265,22.907439858254882,24.167193654872335,,,,,,,,,,26.494864298128476,26.30906177101728,25.32638073919182,24.040933858734594,22.89466882296995,23.43418476563108,23.906259778921093,24.28572859402329,23.924136198130682,23.458072697329012,23.117375016787303,22.82509236469956,22.29403628376713,21.790602747464735,21.49236610676049,21.16258468142101,20.911522204451146,20.84406985868248,20.767800215005398,20.488073737446364,20.246616169640447,,22.82509236469956,21.16258468142101,,25.057371223081326,22.988390737028148,"rgba(38, 166, 154, 0.5)",2.997633608167322,24.629742044702976,0.8211407446495473,51.24403010135377,4.795782333422096,False,True,False,False,False,4.360893836705589,0.0,0.0,0.0,0.0,0,0.9709038293280794,0.8570430199696933,False,False,False,False,0.002040891226414492,0.04851630524129264,False,False,False,False,-151536,-128926.19644898977,False,False,False,False,8811.554364041347,False,False,False,False
2024-10-24 00:00:00+00:00,27.4414989206,27.4414989206,26.879210901,26.879210901,2390,,,,,,,,,,,27.546049353870234,26.9559567205001,26.501250938025702,24.85290828258322,23.924919627446545,23.611269853953083,22.91426931136766,24.17087583263723,,,,,,,,,,26.501265149783368,26.312372654256997,25.332053672481422,24.048150798807253,22.901889510147424,23.439461910938796,23.91044885513312,24.288743149789614,23.927259105000932,23.46115622826289,23.120532040622596,22.828350297673733,22.29727613145611,21.79379863469393,21.495585948561725,21.16582587315693,20.914763989680825,20.847309264009965,20.771039176306953,20.491289248287924,20.249824349796388,,22.828350297673733,21.16582587315693,,25.059687490047974,22.99242858195262,"rgba(38, 166, 154, 0.5)",2.9471017062196645,24.633401163194264,0.952833677738176,51.18213842716368,4.731191364562932,False,True,False,False,False,4.992282772253457,0.0,0.0,0.0,0.0,0,0.9401223084287094,0.8863287302453847,False,False,False,False,0.03350347780382212,0.04100989152255738,False,False,False,False,-149146,-129719.12992157841,False,False,False,False,8559.728702706392,False,False,False,False
2024-10-25 00:00:00+00:00,27.4875881025,27.644291321,27.118874647,27.3124492112,3600,,,,,,,,,,,27.534429277148423,26.964958064038996,26.507815526440112,24.863165461233404,23.936293937181823,23.622628547296028,22.924900438944636,24.17669773227638,,,,,,,,,,26.5127475703986,26.31817108860298,25.341254614044,24.059509607970767,22.91312610319305,23.44772145344613,23.917045366689482,24.293521096613215,23.932181744186288,23.465990445151373,23.12546529304963,22.83342884506232,22.302308322258984,21.798748832450094,21.500566096341508,21.170831910883233,20.919766041022427,20.85230639712903,20.776034242624466,20.496243422578903,20.254763438425222,,22.83342884506232,21.170831910883233,,25.066361123069974,22.998848424684823,"rgba(38, 166, 154, 0.5)",2.917893068209119,24.64047894487686,0.9757414309121938,51.254008096239104,4.708590858724477,False,True,False,False,False,5.076197297576911,0.0,0.0,0.0,0.0,0,0.9297365697433368,0.9228723460002025,False,False,False,False,0.057140600054943244,0.04907524578875031,False,False,False,False,-145546,-130339.79149328123,False,False,False,False,8365.229537894378,False,False,False,False
2024-10-28 00:00:00+00:00,26.8054682099,27.8332569669,26.8054682099,27.0018081249,8042,,,,,,,,,,,27.469761739653688,26.972611646720186,26.517907593806353,24.88340371187721,23.95949503104365,23.645978612382656,22.947058214544622,24.18855519658961,,,,,,,,,,26.530059912646276,26.327790482052073,25.358893368314448,24.082599385095115,22.936540072416637,23.464807601714764,23.930566842802413,24.303227742842825,23.94228381467408,23.47601502287241,23.135756962399864,22.84407016787524,22.31292498667652,21.809247926097978,21.511156811811464,21.181505824854447,20.930451081532585,20.86298596514952,20.786714941350006,20.506855997106136,20.265359012466654,,22.84407016787524,21.181505824854447,,25.073096468327247,23.011722745514238,"rgba(38, 166, 154, 0.5)",2.8649924237507443,24.651741075050303,0.7517392077533365,49.563935456657774,2.997792685349019,False,True,False,False,False,3.6524300094747026,0.0,0.0,0.0,0.0,0,0.8879893761260668,0.933135714958992,False,False,False,False,0.15105867982965263,0.10006696280920147,False,False,False,False,-153588,-131251.4859445251,False,False,False,False,8352.553869741658,False,False,False,False
2024-10-29 00:00:00+00:00,27.2387065201,27.5613307936,26.759379028,26.9160822466,7683,,,,,,,,,,,27.430707816439217,26.980823729612915,26.527826186374966,24.90272873525768,23.981612717552608,23.668240728003074,22.96820232057393,24.199941148792476,,,,,,,,,,26.546715014947882,26.337195107887776,25.37578091705694,24.10461061467836,22.958870077022333,23.481152964813536,23.943532371298886,24.312563987014652,23.951990738283893,23.48564088456914,23.145633786162453,22.85427782758089,22.323104579127698,21.819311793785314,21.521306403442797,21.19173311528531,20.940687794061237,20.87321714571255,20.79694686270417,20.517021690566104,20.275507531678986,,22.85427782758089,21.19173311528531,,25.082510422825855,23.024064683800095,"rgba(38, 166, 154, 0.5)",2.785573581062667,24.66372381430252,0.9243994570106271,49.624453464667184,2.953576205871876,False,True,False,False,False,4.4652211130679405,0.0,0.0,0.0,0.0,1,0.9388340802231475,0.911966267265699,False,False,False,False,0.12924858751996038,0.11465777516458092,False,False,False,False,-145905,-131826.13355454375,False,False,False,False,8326.296855241986,False,False,False,False
2024-10-30 00:00:00+00:00,27.404627575,27.4691524297,26.9529535921,27.045131956,3134,,,,,,,,,,,27.422448625647913,26.985369432028982,26.532324109175942,24.910822815614438,23.990796433721993,23.677469523607062,22.97694776215894,24.20469866914374,,,,,,,,,,26.554181441610705,26.341368811256768,25.38291489825582,24.11375692282809,22.968102120195358,23.48793865635369,23.948936089082235,24.316472569905642,23.956042286811087,23.489647272608373,23.14973739721005,22.85851326308634,22.327320628115245,21.82347414806747,21.525501098323556,21.195956831036565,20.944913310234345,20.877439852638595,20.801169287850662,20.521214818035705,20.27969197421348,,22.85851326308634,21.195956831036565,,25.087609671387376,23.029230085175318,"rgba(38, 166, 154, 0.5)",2.738322843478014,24.669227371635394,0.9989326897227004,50.119182086127275,2.953576205871876,False,True,False,False,False,4.777845230144944,0.0,0.0,0.0,0.0,0,0.9697209328034699,0.8568824736711461,False,False,False,False,0.13618828983520045,0.12542303249989067,False,False,False,False,-142771,-132255.34400338517,False,False,False,False,8122.677370722693,False,False,False,False
2024-10-31 00:00:00+00:00,25.9850807716,26.6856363369,25.9850807716,26.6695051232,3163,,,,,,,,,,,27.36106061639394,26.97361778118956,26.53043100255157,24.915309634455003,23.99704752859549,23.684013857205628,22.98357673924581,24.207837778043483,,,,,,,,,,26.550747451526924,26.34082017164473,25.386070080548656,24.119866503729654,22.975103099088717,23.492858291992366,23.95264488643132,24.31900156206544,23.958822510368922,23.49255567185094,23.152811824762917,22.861758743537113,22.330661063404058,21.826855424721305,21.528951347579067,21.1994736080419,20.94846114091531,20.880992871787242,20.804730408173356,20.52478005181498,20.283272773842775,,22.861758743537113,21.1994736080419,,25.081611867210057,23.032398335699245,#000000,2.6908299905873205,24.66855355828569,0.4892643600374597,46.984478554497,0.27571674237869814,False,True,False,True,False,1.8059323477432443,0.0,0.0,0.0,0.0,0,0.9627385176037115,0.8435980490063084,False,False,False,False,-0.0399963573563089,0.04271333757179088,False,False,False,False,-145934,-132791.76188560537,False,False,False,False,7928.180218929647,False,False,False,False
2024-11-01 00:00:00+00:00,25.8560310622,26.7040720097,25.8552014569,25.9850807716,6209,,,,,,,,,,,27.249811830142832,26.949224819857626,26.52584202077422,24.923492083289748,24.008777891639138,23.696359681158754,22.996190442776044,24.213726969001446,,,,,,,,,,26.542628276410586,26.339060203093126,25.39160518964057,24.131302927175113,22.988421248160385,23.50218170208327,23.959633833040254,24.323737812219374,23.964067390838025,23.49807953567356,23.15867173718218,22.867959746158085,22.33706685950184,21.833356915418378,21.53559396528828,21.206252740785267,20.955305977640737,20.88784920979387,20.811604015390355,20.5316673280361,20.290194607277776,,22.867959746158085,21.206252740785267,,25.070428217329976,23.038302330676466,#000000,2.635372680092604,24.66719765531744,0.4511063713541966,44.624180118981066,-1.919524567457458,False,True,False,True,False,1.5414287544281713,0.0,0.0,0.0,0.0,0,0.9491326781795559,0.8567694796374565,False,False,False,False,-0.06311795608714088,-0.010202309257674999,False,False,False,False,-152143,-133550.63396852283,False,False,False,False,7860.761386814758,False,False,False,False
2024-11-04 00:00:00+00:00,26.6303293186,26.6303293186,25.9389915897,26.3814477362,4472,,,,,,,,,,,27.197536597372473,26.937906959406575,26.52478885669892,24.93057164662852,24.018174799949392,23.706118804375365,23.00596381574621,24.218519580632417,,,,,,,,,,26.5406320507211,26.33943878832819,25.396919697979236,24.140522536287744,22.998734719968216,23.509518174928253,23.965240679605923,24.327623097763258,23.968281724422862,23.50243634547753,23.163247148952934,22.87276734572516,22.341983669421886,21.838311089409416,21.54063751152292,21.21138207017109,20.960472875885404,20.89302172808168,20.8167861786605,20.53684821878921,20.29539231462393,,22.87276734572516,21.21138207017109,,25.067447632601237,23.043240282605126,"rgba(38, 166, 154, 0.5)",2.575390664360227,24.668846000002237,0.7616255451034774,45.37941919321226,-1.919524567457458,False,True,False,True,False,3.0582793498249643,0.0,0.0,0.0,0.0,0,0.9394287110916921,0.8517443243846183,False,False,False,False,-0.09039373892522087,-0.050298024091447936,False,False,False,False,-147671,-134104.37381289448,False,False,False,False,7727.8687834102575,False,False,False,False
2024-11-05 00:00:00+00:00,28.1420544859,28.1420544859,27.0082606104,27.0082606104,2873,,,,,,,,,,,27.219073514790672,26.948699879260253,26.53141047100225,24.939273947484754,24.0276086020487,23.715507839521152,23.014725074410517,24.223506172046186,,,,,,,,,,26.551526352526853,26.34511310643528,25.404908542974717,24.149958799608367,23.007972205933207,23.51642726555061,23.97083997689146,24.331749708512973,23.972496203133108,23.506543085441802,23.167415876136374,22.87704101049313,22.3461960073212,21.84243837378075,21.544780320689416,21.21553706895257,20.96461837519522,20.897161615967068,20.820922616699573,20.540945167126008,20.299472088363228,,22.87704101049313,21.21553706895257,,25.077475687570562,23.048729583968488,"rgba(38, 166, 154, 1.0)",2.5279225343009712,24.676682897480852,1.370837729953384,49.41978301546024,-4.413120063982532,False,True,False,False,True,5.9008515906069015,0.0,0.0,0.0,0.0,0,0.9443558841723633,0.8356420462703454,False,False,False,False,0.13917347137777347,0.04443772364316277,False,False,False,False,-144798,-134523.7317025849,False,False,False,False,7537.481772296131,False,False,False,False
2024-11-06 00:00:00+00:00,30.7875735286,30.7875735286,28.1420544859,28.1420544859,13896,,,,,,,,,,29.9057338477,27.636313864218554,27.124430622775552,26.61641375703123,25.01196824094758,24.098347754341695,23.784015006949712,23.075554512367184,24.26189829554869,,,,,,,,,,26.690020090018834,26.412408938691566,25.477195999050977,24.221553642264627,23.07204371356453,23.56622065961704,24.012850653472746,24.363936815232858,24.0041886459544,23.53623070703499,23.196817377344278,22.90661898929836,22.37449513869497,21.869510520368713,21.571613687714173,21.242107694132713,20.990890955979765,20.92333793594425,20.84700993033804,20.56655159152397,20.324785573486967,,22.90661898929836,21.242107694132713,,25.723852877986687,23.09228018431209,"rgba(0, 255, 0, 1.0)",2.5319836333501136,25.077735724891205,2.255084799325501,56.048283654763644,1.5645747912160601,False,False,True,False,True,10.454981279406166,0.0,0.0,0.0,0.0,0,0.9638704479570613,0.8071134822134622,False,True,False,False,0.34282823808399515,0.19363298086357897,False,False,False,False,-130902,-134381.70300836588,False,False,False,False,7786.835428284518,False,True,False,False
2024-11-07 00:00:00+00:00,26.7409433552,29.8335274627,26.7317255188,29.8335274627,30327,,,,,,,,,,28.440232827156446,27.66983373573931,27.19840104658113,26.67646441234444,25.097305041255108,24.192279656613696,23.87798773818634,23.16426000120788,24.3128573249514,,,,,,,,,,26.77918921072604,26.466138232237242,25.55479838032209,24.3153029616056,23.165363167697986,23.63650233587438,24.069990666916826,24.406311636449125,24.04756793689957,23.578654748286503,23.239943429828358,22.950866440792073,22.418208458894842,21.91242203341229,21.614717682106207,21.28537023981754,21.034079234564743,20.966474480005974,20.890117552962174,20.609275469550855,20.36735031295235,,22.950866440792073,21.28537023981754,,25.625513531559527,23.147064714947522,"rgba(38, 166, 154, 0.5)",2.475012904124307,25.06880296169497,0.6756087577234892,53.10930709750203,1.5645747912160601,False,True,True,False,False,2.484174904587782,0.0,0.0,0.0,0.0,0,0.9330167944079708,0.8170601778944533,False,False,False,False,0.1592910354651402,0.17646200816435959,False,False,False,False,-161229,-135434.5381845084,False,False,False,False,8670.763450704733,False,False,False,False
2024-11-08 00:00:00+00:00,27.2755778656,27.6535091574,26.7409433552,26.7409433552,12141,,,,,,,,,,28.1781106602781,27.628749970827638,27.199497062223838,26.68764061407567,25.123329634369618,24.223019015140643,23.909276661647397,23.1947433497985,24.329690938315277,,,,,,,,,,26.793416705813744,26.477959203766268,25.577116776710533,24.345749616656718,23.197387089288778,23.660356949755947,24.089079921923773,24.420277736887055,24.06215091052973,23.59322144760055,23.254929355598822,22.966375611659153,22.433746909544524,21.92784298370426,21.63029173214999,21.301086012557604,21.049827477010204,20.982219192145497,20.905868564183894,20.624945512106038,20.383008774614726,,22.966375611659153,21.301086012557604,,25.60822865629741,23.164692485479655,"rgba(38, 166, 154, 0.5)",2.4298423927324038,25.07157285894123,0.9070567758842675,51.92815653546583,1.5645747912160601,False,True,False,False,False,3.3847251251281136,0.0,0.0,0.0,0.0,0,0.9101459689640677,0.8747336292032538,False,False,False,False,-7.283731393343443e-09,0.0882310004403141,False,False,False,False,-149088,-135969.9680596257,False,False,False,False,8806.851158520234,False,False,False,False
2024-11-11 00:00:00+00:00,26.4275369181,27.4599345933,26.3722298998,27.4599345933,10904,,,,,,,,,,27.947141146634703,27.561920231338693,27.182554034272748,26.688822823026893,25.141053475213088,24.24585663151817,23.932966926015492,23.218583693126522,24.342214959738715,,,,,,,,,,26.792293008345318,26.481765391925475,25.591077914495013,24.368176521190744,23.222411955783056,23.678720977653033,24.10348621703145,24.430619436043933,24.073203584720954,23.604523694134368,23.26670958438217,22.978681294013835,22.446255437202428,21.940393860423477,21.64303597969448,21.314015026879936,21.06283119215489,20.99523229379349,20.918900414626705,20.63795765960707,20.396048695594825,,22.978681294013835,21.314015026879936,,25.58456821343167,23.17751457220509,"rgba(38, 166, 154, 0.5)",2.3806934012029894,25.067916512432625,0.5711026900735493,49.95675730157098,5.628995928498888,False,True,False,False,False,1.8401915933796467,0.0,0.0,0.0,0.0,0,0.8914238157394813,0.8774410674440174,False,False,False,False,-0.04093749395998413,0.02364675324016498,False,False,False,False,-159992,-136912.0085278757,False,False,False,False,8889.092289558657,False,False,False,False
2024-11-12 00:00:00+00:00,25.5057532795,26.8976465738,25.5057532795,26.4275369181,11288,,,,,,,,,,27.662997914517526,27.44531834179597,27.136688034460846,26.675651463687057,25.15027799859382,24.26181497017351,23.950380458280584,23.23753276540194,24.350875178457034,,,,,,,,,,26.769149941230374,26.474539468809073,25.5956743731446,24.383473550030224,23.242282707907396,23.692716840242905,24.113875015477404,24.437650069191932,24.08123301847717,23.61324876322417,23.276099535133607,22.988709448044286,22.456786563670676,21.9512141053199,21.65414981266203,21.325416195316702,21.07438556708414,21.006817275936676,20.930526616277742,20.64965152212375,20.40783487857285,,22.988709448044286,21.325416195316702,,25.541281902818703,23.185880019465237,#000000,2.3236497355020598,25.05164843990268,0.19542740571405476,47.43203565106041,3.338208695718471,False,True,False,True,False,0.19676186843893362,0.0,0.0,0.0,0.0,0,0.8890547005520941,0.887111873650677,False,False,False,False,-0.1459046596397613,-0.06112895319979816,False,False,False,False,-171280,-138259.77289933155,False,False,False,False,8983.167101732828,False,False,False,False
2024-11-13 00:00:00+00:00,26.7317255188,27.690380503,26.0356866934,26.0519100854,31899,,,,,,,,,,27.41933071489349,27.337971417021713,27.10604072986581,26.68271910523812,25.201179054269172,24.327013413825544,24.01805945464723,23.30591720971434,24.387442979689837,,,,,,,,,,26.772840919633996,26.48775950764694,25.63625739882635,24.447491550350158,23.313929520117885,23.74577677526983,24.15577471106921,24.468002200055995,24.11360446381138,23.6463255904998,23.310544418695766,23.024661663701192,22.493324643572148,21.987877844570374,21.691372509076057,21.36317391369073,21.11236085104234,21.044820238031658,20.96858432161125,20.68765487670021,20.44592035772176,,23.024661663701192,21.36317391369073,,25.531741564351695,23.223606895898666,"rgba(38, 166, 154, 0.5)",2.2953984941025785,25.068056531535756,0.7247843856038958,47.73683105003482,3.338208695718471,False,True,False,False,False,2.306761036330098,0.0,0.0,0.0,0.0,1,0.8927488630450043,0.8625819256976696,False,False,False,False,-0.048673162729972866,-0.05490105796488551,False,False,False,False,-139381,-138303.74258955385,False,False,False,False,9881.827215390364,False,False,False,False
2024-11-14 00:00:00+00:00,27.8194302124,27.8194302124,26.6026758094,26.6211114822,5186,,,,,,,,,,27.41908472269421,27.34002913254153,27.110797579557495,26.688522316644526,25.212095905321984,24.339754380187294,24.03103346541637,23.31862870472159,24.394714456601847,,,,,,,,,,26.78042542161166,26.493497601771857,25.64579105768483,24.460112406537565,23.3272370862654,23.755869257901928,24.163957567459565,24.474093134983644,24.1199357336663,23.652634312408427,23.31701936762976,23.031348812901033,22.500015597794178,21.99451348598427,21.698069173638455,21.36992701299228,21.119125605166257,21.051583021236553,20.97534920450314,20.694383929612606,20.452643065964406,,23.031348812901033,21.36992701299228,,25.53940674040965,23.23124443958748,"rgba(38, 166, 154, 1.0)",2.253354770186579,25.07610246477521,1.2174415604328654,49.51974639376425,3.338208695718471,False,True,False,False,False,4.116887654446245,0.0,0.0,0.0,0.0,1,0.8963239525858944,0.867620930971038,False,False,False,False,0.00201219051267984,-0.026444433726102834,False,False,False,False,-134195,-138142.6154291792,False,False,False,False,9697.67712851231,False,False,False,False
2024-11-15 00:00:00+00:00,28.7043425054,28.7043425054,27.1972262563,27.6535091574,12213,,,,,,,,,,27.493868327822714,27.39177459043804,27.149115555586583,26.716293237474638,25.24643645574064,24.37693483520637,24.068226987723314,23.353957384686566,24.416135835916428,,,,,,,,,,26.8189626486847,26.51806861144328,25.677674021584465,24.49723284993236,23.364216270404288,23.78449289065313,24.187700852320713,24.49215723034619,24.138294945755955,23.670503897090185,23.33510535082896,23.049834449513185,22.51821688370186,22.01233974843582,21.715944062685878,21.387837196104005,21.136986785058987,21.069418603019145,20.993167770468173,20.71203020180508,20.47021052690203,,23.049834449513185,21.387837196104005,,25.57919369006614,23.254009263491817,"rgba(0, 255, 255, 0.75)",2.1763313644550735,25.108717673675,1.6521495257801888,51.89493705092768,3.338208695718471,False,True,False,False,True,5.552491957881372,0.0,0.0,0.0,0.0,0,0.9511120342345012,0.8415762136455499,False,False,False,False,0.11010744515244342,0.04183150571317029,False,False,False,False,-121982,-137508.8658045055,False,False,False,False,9796.31724111967,False,False,False,False
2024-11-18 00:00:00+00:00,27.4414989206,28.6213819779,27.4414989206,28.1144009767,8839,,,,,,,,,,27.515913608786015,27.41022161498384,27.166110125092207,26.730952427790292,25.267774962923788,24.400859771747818,24.092379718340734,23.377296378080825,24.43000041939946,,,,,,,,,,26.83850980342527,26.531632793379888,25.696972339870822,24.521024731994984,23.388626562784854,23.80327717208511,24.20315540426792,24.5038388771964,24.150288206694714,23.68230860509709,23.34713029082008,23.062183352279686,22.530471196526936,22.024415987200765,21.72809072503979,21.40004567907918,21.149188584672995,21.081609819205774,21.005354950350505,20.72412625667137,20.48227371097269,,23.062183352279686,21.40004567907918,,25.599056558571665,23.268612566932205,"rgba(38, 166, 154, 1.0)",2.0497376061098858,25.126765768927264,1.129282667582889,51.468733529676435,3.338208695718471,False,True,False,False,True,3.244836750111535,0.0,0.0,0.0,0.0,0,0.9532378772122679,0.8362321510567484,False,False,False,False,0.11187009791054599,0.07685080181185813,False,False,False,False,-130821,-137246.59655727,False,False,False,False,9758.775388526741,False,False,False,False
2024-11-19 00:00:00+00:00,26.3261407179,27.2940135384,26.3261407179,27.2940135384,6034,,,,,,,,,,27.479253588206117,27.389175165837425,27.157502447000606,26.730223619599297,25.275503464728946,24.411427393926793,24.1035214358066,23.388887528199273,24.436126235137326,,,,,,,,,,26.836049625214816,26.532450756413876,25.702749914183347,24.53132888143314,23.400733430972327,23.812257526076653,24.21020955045454,24.5089438640057,24.155809787286934,23.688038080657435,23.353142583896037,23.06849101698669,22.536941037242055,22.03095427389355,21.734749983314924,21.40682211672208,21.15601956344673,21.088449829571815,21.012209199791776,20.73098676202274,20.48916132416832,,23.06849101698669,21.40682211672208,,25.596846764271376,23.274866889179357,"rgba(38, 166, 154, 0.5)",1.8512744005620358,25.128968572072694,0.6466746072131995,49.603448470082455,3.338208695718471,False,True,False,False,True,1.2755188069968,0.0,0.0,0.0,0.0,0,0.9377701068604564,0.8624826495176886,False,False,False,False,-0.07630158221020202,0.0002746098008280587,False,False,False,False,-136855,-137231.23982953394,False,False,False,False,9612.705765447261,False,False,False,False
2024-11-20 00:00:00+00:00,25.7915062075,26.7778147008,25.349050061,26.7778147008,13518,,,,,,,,,,27.34891744677628,27.306584741494596,27.11492967961153,26.71546940356391,25.284137468976787,24.42770011789427,24.121596706693726,23.409236075998173,24.44557251530627,,,,,,,,,,26.811682192319804,26.523829960574453,25.706372952003388,24.546799842741954,23.4219553799942,23.82742610496263,24.221526154625337,24.51670768382154,24.164761386104484,23.697881546218472,23.363786293288214,23.07988901646529,22.54899116579602,22.04340072632736,21.7475602667482,21.419990540248,21.169385826139862,21.101857173153487,21.02567021730527,20.744549798479504,20.50284870826741,,23.07988901646529,21.419990540248,,25.574904906257288,23.284201211365875,#000000,1.680131413746384,25.1224763921653,0.39820088468132736,47.639933793306184,3.338208695718471,False,True,False,False,False,0.3479457756688298,0.0,0.0,0.0,0.0,1,0.9224418089980765,0.8721419866494596,False,False,False,False,-0.26500639547796034,-0.13236589283856615,False,False,False,False,-150373,-137746.60297347378,False,False,False,False,9765.854558959134,False,False,False,False
2024-11-21 00:00:00+00:00,25.6348029889,26.0496056263,25.6348029889,26.0035164444,3004,,,,,,,,,,27.31919139434344,27.28696775448176,27.104299046112803,26.711407607568553,25.28547913462746,24.43080883410876,24.12513782142802,23.413365623172428,24.447383481659728,,,,,,,,,,26.805207882304114,26.521268858000806,25.70657121824681,24.549717629266702,23.42625837173929,23.830456909633423,24.223736700786958,24.518186693222425,24.16652024963887,23.699866445419623,23.365959663411846,23.08223573921153,22.551501967648203,22.046015898415224,21.750262422984836,21.42277863024435,21.172222956860605,21.10470483989208,21.028531276634084,20.747439508567155,20.505770356634716,,23.08223573921153,21.42277863024435,,25.569337855278107,23.285972193106442,#000000,1.5085571657093824,25.120481040221957,0.34093633331832507,46.11302715011545,1.766263976060813,False,True,False,True,False,0.07488929047751824,0.0,0.0,0.0,0.0,0,0.9133359998999714,0.8866438481653877,False,False,False,False,-0.34282825441539394,-0.23759707362698004,False,False,False,False,-153377,-138359.55971961207,False,False,False,False,9500.68379194113,False,False,False,False
2024-11-22 00:00:00+00:00,25.4780997704,26.7685968644,25.4780997704,25.7684616165,3195,,,,,,,,,,27.291440856721927,27.268461566905486,27.094305434361072,26.70774272218425,25.287291472809116,24.434430921055103,24.129195077033145,23.417992662944734,24.44950005290804,,,,,,,,,,26.799300352253645,26.519052769438797,25.707206888996236,24.553147007298946,23.431080358427362,23.833893691766487,24.22628545027848,24.51992498537606,24.168543796752004,23.70211078049703,23.368396508363872,23.084852364398994,22.554280009763332,22.04889407473011,21.753228861189886,21.425832109092184,21.17532519927696,21.107817360042365,21.03165706683904,20.750591890396926,20.508953882444093,,23.084852364398994,21.425832109092184,,25.564484529658095,23.288071076258937,#000000,1.450036327667214,25.119015429300855,0.24763816895320928,44.8628080925203,0.4154306734497055,False,True,False,True,False,0.0,0.0,0.0,0.0,0.0,0,0.9058664215828822,0.8869477997482814,False,False,False,False,-0.2863572891435733,-0.26197718138527665,False,False,False,False,-156572,-139073.77306394101,False,False,False,False,9253.402074610107,False,False,False,False
2024-11-25 00:00:00+00:00,25.3951392429,26.2892693723,25.2307852201,26.2892693723,7606,,,,,,,,,,27.217503518375576,27.21798661287892,27.06591026748631,26.6962511657228,25.289707079342335,24.441416733487838,24.13732594516736,23.42775277077036,24.453586561675092,,,,,,,,,,26.78137919937319,26.511538378342276,25.706694472865106,24.559629679269065,23.441242127097468,23.840971244573755,24.23135351311164,24.523244719945616,24.17259784486818,23.70678399743539,23.373564500409024,23.090468500805674,22.560344296456783,22.055250708260147,21.759816183481163,21.43264786846271,21.182273888221005,21.114795164840938,21.0386713152143,20.75768910538689,20.51613944778055,,23.090468500805674,21.43264786846271,,25.549715628322954,23.292047835421013,#000000,1.3583599024938238,25.113261780994815,0.2075130908882725,43.89749064717155,-0.6935541710735365,False,True,False,True,False,0.0,0.0,0.0,0.0,0.0,0,0.8959533191858642,0.8911003334354866,False,False,False,False,-0.34282825441539394,-0.3024027179003353,False,False,False,False,-164178,-140058.25255162962,False,False,False,False,9188.798071684221,False,False,False,False
2024-11-26 00:00:00+00:00,24.5286626226,25.7454170256,24.5286626226,25.4554238929,3940,,,,,,,,,,27.165799230695733,27.18193315974412,27.044589472293058,26.686496847289206,25.28844475039884,24.442893584154856,24.139543806485293,23.431175260049635,24.45444086865659,,,,,,,,,24.9342474236,26.766725444980615,26.504597340489585,25.703726127656434,24.560785286777932,23.444794113342386,23.84318797826741,24.232657867821697,24.523875670363577,24.173684494933468,23.708316679279616,23.37540289362425,23.092566707530345,22.562759810179713,22.057889320686463,21.762601814201993,21.43558017985546,21.18529744724908,21.117839970601118,21.04174144365505,20.760828210858403,20.519343147748643,,23.092566707530345,21.43558017985546,,25.537257442196374,23.501413900754805,#000000,1.2999447044890649,25.14887525957224,-0.47710693757240347,41.898777147140414,-2.7757259950220075,False,True,False,True,False,0.0,0.0,0.0,0.0,0.0,0,0.883633469758038,0.9107912687577003,False,False,False,False,-0.34282825441539394,-0.3226154861578646,False,False,False,False,-168118,-141158.6348045069,False,False,False,False,8982.9628531868,False,False,False,False
2024-11-27 00:00:00+00:00,25.5979316434,25.6808921709,25.0817328058,25.0817328058,4005,,,,,,,,,,27.127271840425767,27.15463455136504,27.028575927760627,26.679597393891843,25.289038499012396,24.44596270792005,24.143250489218122,23.435834702878,24.456242628765267,,,,,,,,,25.196007292236313,26.756220296025333,26.499916587955685,25.70275257654478,24.56357584132567,23.449640160736948,23.846500134975265,24.23495644986854,24.525324095233003,24.1755378780324,23.710528982335084,23.377888200999074,23.095294622495366,22.565746676225864,22.06104982673905,21.76589117101635,21.43899748439913,21.188790911612823,21.121350479956217,21.0452729254094,20.764410691967086,20.522977411355882,,23.095294622495366,21.43899748439913,,25.5289343045819,23.516062129706114,#000000,1.297396460837993,25.15831397555419,0.3388460513926933,42.97197503302998,-2.7757259950220075,False,True,False,True,False,0.05850165928041662,0.0,0.0,0.0,0.0,0,0.8886192278561611,0.8956078728225451,False,False,False,False,-0.30156878071346405,-0.31209213343566433,False,False,False,False,-164113,-142058.80598864387,False,False,False,False,8787.748623650064,False,False,False,False
2024-11-29 00:00:00+00:00,25.7269813528,26.1276550935,25.7269813528,25.9599312021,2656,,,,,,,,,,27.108647854305005,27.141220521646165,27.0208314712355,26.676569149091478,25.2903984751066,24.448805875627166,24.146457168013818,23.439533839338836,24.457920130119913,,,,,,,,,25.362500729014936,26.751493681318994,26.49803388149472,25.703158678959763,24.566258853054652,23.453491196379222,23.849243586066855,24.236983602833956,24.526702281697695,24.177154544230934,23.712334908591885,23.379855667072892,23.097411862545123,22.56800278479981,22.06339361906363,21.768309760905257,21.441489982140954,21.191325332266004,21.123893849396083,21.047827736270154,20.76698943514241,20.52558331408747,,23.097411862545123,21.441489982140954,,25.525598276053827,23.52594332690518,#000000,1.301500419121351,25.165613627735176,0.4313235069442428,43.96540821770063,-2.7757259950220075,False,True,False,True,False,0.29256716566977303,0.0,0.0,0.0,0.0,0,0.8945179704354421,0.9144905680369356,False,False,False,False,-0.21262732522087616,-0.26235972932827023,False,False,False,False,-161457,-142819.51947928529,False,False,False,False,8547.287893310846,False,False,False,False
2024-12-02 00:00:00+00:00,26.0344751538,26.5562828162,25.2891288161,25.6058474312,11627,,,,,,,,,,27.03918713918761,27.08994564004937,26.990908139991564,26.66515551342721,25.297301592409305,24.461986031450213,24.161161147160495,23.456254933219203,24.465733899713463,,,,,,,,,25.675020309922125,26.733621154826107,26.49118621444809,25.706019825429006,24.578766901507446,23.47089621629419,23.861755312523222,24.246338360336583,24.533149366010672,24.184611197374863,23.720569259936656,23.38877566524708,23.106974464018997,22.57814008447208,22.0738877049992,21.77912034099176,21.452612980049647,21.202623368140266,21.135228767073546,21.059210317615317,20.778467334017666,20.537173158255985,,23.106974464018997,21.452612980049647,,25.51418155962316,23.548925390560846,"rgba(38, 166, 154, 0.5)",1.2881619552662689,25.178626079831655,0.6643955524920279,45.31770906702174,-2.7757259950220075,False,True,False,True,True,0.855616645505858,0.0,0.0,0.0,0.0,0,0.8959922475803301,0.9265900047614126,False,False,False,False,-0.21336312965342705,-0.23786142949084865,False,False,False,False,-149830,-143094.44028401922,False,False,False,False,8668.060917102577,False,False,False,False
2024-12-03 00:00:00+00:00,25.7549353347,26.0903831176,25.4940315035,26.0344751538,6646,,,,,,,,,,26.997110779413905,27.058225609199944,26.971691234071482,26.657167742308506,25.300128261619694,24.468523244457337,24.168628146836603,23.46503276347234,24.46962967036221,,,,,,,,,25.699133870761397,26.72146725596619,26.486048581651225,25.706486609633668,24.584896592669722,23.48002445094629,23.86823218687203,24.25108261252261,24.536346455392298,24.188415741331763,23.72487245207691,23.39349133478721,23.112068417727475,22.58360012614809,22.079583837556132,21.785009436441843,21.458693157101475,21.208813639630943,21.141442909705738,21.065454607204,20.78477799665532,20.54355636342875,,23.112068417727475,21.458693157101475,,25.506237494638,23.55375821380635,#000000,1.2493807631313767,25.177255879911886,0.46237261836836013,45.62877084835608,-2.7757259950220075,False,True,False,True,True,0.3289619380415587,0.0,0.0,0.0,0.0,1,0.8937037532531154,0.9094752305270756,False,False,False,False,-0.23427897873295347,-0.23607020411190105,False,False,False,False,-156476,-143619.20733170473,False,False,False,False,8588.764410549535,False,False,False,False
2024-12-04 00:00:00+00:00,26.1369730875,26.6241178123,25.8721556989,25.987885184,20178,,,,,,,,,,26.92472219015339,27.000218863942038,26.936733727043023,26.645274516932766,25.31604856198909,24.49437898776014,24.19683990416119,23.49617231795273,24.48516496268237,,,,,,,,,25.909728614678727,26.70245768400385,26.480148945354603,25.715998591305816,24.60971074888923,23.51241742468774,23.892008410439093,24.26932211236667,24.549285774641735,24.202957053923292,23.74054710925074,23.410262580349663,23.129897239464334,22.60228556111696,22.098774514183837,21.804702637330905,21.478881152750112,21.229269548452702,21.161953180680797,21.08603737462853,20.80548665667008,20.564430092935986,,23.129897239464334,21.478881152750112,,25.499506003624084,23.579332312924965,"rgba(38, 166, 154, 0.5)",1.2488976158541745,25.190985161108294,0.7574583491735659,46.77747896768618,-2.7757259950220075,False,True,False,True,True,1.0450101023430243,0.0,0.0,0.0,0.0,0,0.8979865202375515,0.8904865406838495,False,False,False,False,-0.16195531867346474,-0.1990127613926829,False,False,False,False,-136298,-143332.10116183397,False,False,False,False,9043.244237586809,False,False,False,False
2024-12-05 00:00:00+00:00,30.423250314,30.423250314,26.616849777,26.616849777,34775,,,,,,,,,,27.230140913716536,27.2276019144917,27.09950168906726,26.755502361377683,25.428277996565242,24.6105733650691,24.312111426544693,23.60463285465219,24.555865224178458,,,,,,,,,27.255776914977822,26.850356127423876,26.575511032467354,25.82419047252035,24.726164647369263,23.62543774138448,23.98246591475636,24.34643234828463,24.60979960624378,24.263554835404523,23.798739528046806,23.46858997561815,23.189043623651408,22.65994007990213,22.154807989719636,21.860632235502436,21.534665573776927,21.284732115577185,21.21729434144456,21.141278040649542,20.860040126860763,20.618610443892344,,23.189043623651408,21.534665573776927,,25.647134193962543,23.71847065723606,"rgba(0, 255, 0, 1.0)",1.287889237610068,25.37122485457727,3.9227173516860483,54.22059420116625,-0.7165849451731816,True,False,True,False,True,8.360898608476479,0.0,0.0,0.0,0.0,0,0.9068282073547361,0.8326154269581207,False,False,False,False,0.18810808535243842,-0.005452338020122238,False,False,False,False,-101523,-141692.52856725224,False,False,False,False,10052.332698857914,False,False,False,False
2024-12-06 00:00:00+00:00,30.0784845371,30.721426121,28.6545086985,30.1437104949,29463,,,,,,,,,29.81813978553333,27.499252972586934,27.440252622151025,27.258658318245025,26.865401682902654,25.534396145562603,24.718308704459975,24.41848301181021,23.70393019833347,24.62251796010598,,,,,,,,,27.922163156086278,26.994647671430712,26.6706034756922,25.927899838684954,24.83436124658946,23.728785717070416,24.066234057872897,24.41864266064251,24.66714655606597,24.320558403688274,23.853062291400658,23.522749699768664,23.243728854675467,22.712910870630353,22.206026158176652,21.91160816101813,21.5853598219026,21.335030690379007,21.267456524775795,21.191319661537445,20.909359539264642,20.667510395594697,,23.243728854675467,21.5853598219026,,26.18793414016912,23.819014775904424,"rgba(0, 255, 0, 1.0)",1.2976062299824767,25.785382881227044,3.3084779933053587,58.407907667782474,3.0004235748290142,True,False,True,False,True,7.68951941093653,0.0,0.0,0.0,0.0,0,0.9548645396145252,0.8299847611276185,False,False,False,False,0.34282823814052293,0.16868795006020035,False,False,False,False,-130986,-141272.66470186983,False,False,False,False,10813.535338118389,False,False,False,False
2024-12-09 00:00:00+00:00,29.156003134,29.9480326215,28.1030698153,29.0721411882,18597,,,,,,,,,29.528270909999115,27.595939499584915,27.52048823789287,27.323171661968534,26.91420819354199,25.587518007313175,24.77438981433185,24.474509550476096,23.757508157280146,24.65778524839481,,,,,,,,,28.0838802261512,27.05641190544592,26.714192446231916,25.97855312006062,24.89040499814125,23.784452790370672,24.111155099654116,24.45706017186055,24.697527978678195,24.35111933224712,23.882605864627333,23.552450607047675,23.2739036930467,22.742461527548606,22.23485708691869,21.940432436481874,21.614157178758486,21.36369825138272,21.296071137478112,21.219892726451455,20.93761707090409,20.695604305576342,,23.2739036930467,21.614157178758486,,26.21337892807835,23.862264428929162,"rgba(0, 255, 0, 1.0)",1.3060242145440117,25.826782861996797,2.549125992404033,59.194317526501706,3.5449065127550483,True,False,True,False,True,5.910351344477231,0.0,0.0,0.0,0.0,0,0.9388535273969129,0.853319945670494,False,False,False,False,0.2383459555146713,0.2035169527874358,False,False,False,False,-149583,-141598.56020375728,False,False,False,False,11118.769246427473,False,False,False,False
2024-12-10 00:00:00+00:00,28.522379544,29.7104237752,28.0243327662,28.0243327662,24958,,,,,,,,,29.263066194742326,27.684232099479374,27.596878993220027,27.388402683667728,26.96726856616663,25.65008962298449,24.842034961008512,24.54257365637289,23.82356491287972,24.700910477379058,,,,,,,,,28.19025521285053,27.121577026379086,26.762720690253378,26.037311313635474,24.957801522652336,23.85299298969089,24.166418015529096,24.504159361485552,24.734742000354526,24.38880889017945,23.919343780617172,23.58955469025336,23.31172565940434,22.779727187896874,22.27139568117421,21.977050778703134,21.65083111944386,21.400271626240094,21.332593896580754,21.25638096257569,20.973768893949504,20.731598922379913,,23.31172565940434,21.65083111944386,,26.245902216790075,23.91028312029499,"rgba(0, 255, 0, 1.0)",1.3042774780026503,25.872625873804566,2.031587384498293,58.4279028770978,3.5449065127550483,True,False,True,False,True,4.708314512139392,0.0,0.0,0.0,0.0,0,0.934587624805817,0.8624624576157653,False,False,False,False,0.21421115636949215,0.20886405457846396,False,False,False,False,-174541,-142890.42058792367,False,False,False,False,11661.484177940121,False,False,False,False
2024-12-11 00:00:00+00:00,27.3203583218,30.1343925009,27.3203583218,28.7180574174,113940,,,,,,,,,28.65076227128983,27.83262603347606,27.74282742795517,27.538416067383356,27.11759973122456,25.86602005852214,25.088145121393378,24.794200073718418,24.076072444422866,24.864114749823454,,,,,,,,,28.21891620351072,27.29122735391816,26.90935446161042,26.233162081222122,25.20135386728063,24.11402431668883,24.37738277771425,24.68313308983863,24.876439696063173,24.534394128428662,24.063807531315792,23.73684550445741,23.462867582182,22.930546371670033,22.420801582628506,22.12750880628757,21.802258699357303,21.551824250562067,21.48407903496491,21.407877514800976,21.12443312076058,20.882045659951856,,23.462867582182,21.802258699357303,,26.357078397920922,24.07139024272511,"rgba(38, 166, 154, 1.0)",1.2810059304210628,26.014185799521083,1.0196459604598256,55.6911760997515,3.5449065127550483,True,False,True,False,False,2.480092098487784,0.0,0.0,0.0,0.0,0,0.9334646322300203,0.8585576510503471,False,False,False,False,0.1930528693958485,0.20095846198715622,False,False,False,False,-288481,-148599.85507467177,False,False,False,False,15672.406367040508,False,False,False,False
2024-12-12 00:00:00+00:00,26.8358226353,28.2521577188,25.7083453649,28.2521577188,16707,,,,,,,,,28.509778070090178,27.799743926014507,27.717421181172554,27.52346410707683,27.114485993121658,25.87880606761275,25.107419494188985,24.81521968523294,24.099719387840707,24.87793294810648,,,,,,,,,28.144136052818034,27.28353723826414,26.909676930370242,26.242083875252256,25.219880119489247,24.138297618262254,24.3965507073069,24.698744868797373,24.888489913610545,24.547548984506882,24.07774226280381,23.75155824325917,23.478341120396138,22.946633774862196,22.43724903962315,22.14432475247987,21.819439177290633,21.56920155036435,21.501496007858247,21.425347792509378,21.14199269177935,20.899725780973444,,23.478341120396138,21.819439177290633,,26.344399086045758,24.08101400150624,"rgba(38, 166, 154, 0.5)",1.274436814353654,26.009280078308883,0.6485551481893663,53.03867422730113,9.026887718979431,False,False,True,False,False,1.5993123083046505,0.0,0.0,0.0,0.0,0,0.9190306977231726,0.8846629920890005,False,False,False,False,-0.06276983617831196,0.06909431290442214,False,False,False,False,-305188,-154740.5666403709,False,False,False,False,15712.978666372255,False,False,False,False
2024-12-13 00:00:00+00:00,25.9226592262,27.3949022735,25.8108432985,26.4071949126,17829,,,,,,,,,28.338032002494963,27.746350839896063,27.6740167664159,27.49404426791386,27.10149210008915,25.885090857059254,25.12141546711876,24.831426977609848,24.119656898740008,24.888540501811086,,,,,,,,,28.040894900162336,27.263264595545795,26.90172805020871,26.243885361898492,25.23293885985291,24.15868015166219,24.412274957440278,24.711079463704163,24.897738199222992,24.558192796860943,24.089596697656752,23.76439176600344,23.49206854062852,22.96128441444239,22.452514569034282,22.160071820698658,21.83566697975648,21.585712778068523,21.518069920944896,21.44199983544914,21.158826662736086,20.916751186982122,,23.49206854062852,21.83566697975648,,26.320006667914885,24.086102732962093,#000000,1.2734380363281752,25.99461505175434,-0.05650516436733545,49.79046162008888,5.982160727737394,False,True,False,False,False,0.0,0.0,0.0,0.0,0.0,0,0.9208807631749288,0.8929645177872602,False,False,False,False,-0.11796113118265586,-0.02443340913911686,False,False,False,False,-323017,-161339.6424583956,False,False,False,False,15795.959895141972,False,False,False,False
2024-12-16 00:00:00+00:00,26.9569565569,27.1805884122,25.9226592262,25.9226592262,21225,,,,,,,,,28.1936313392951,27.701061808379404,27.6373934408329,27.470130169664213,27.092980984929884,25.896972166965924,25.14170612406441,24.854080327488973,24.146146437834833,24.903570431396524,,,,,,,,,27.952876521207457,27.24832795061603,26.897981359547426,26.250858759782954,25.252226166846732,24.185797866765107,24.43358122878392,24.72822445987296,24.910881057148224,24.572841044960743,24.105446136952505,23.78130465348204,23.50998389138598,22.98013487861609,22.4719607122014,22.18003605991262,21.85614699937574,21.606486623696846,21.53890654530638,21.46291696086364,21.17991114449172,20.9380273108319,,23.50998389138598,21.85614699937574,,26.303767323085214,24.09634599386624,"rgba(38, 166, 154, 0.5)",1.2734651469612632,25.987081494890806,0.7616031458132213,49.58790185684548,5.7657987584200185,False,True,False,False,False,1.7712344389627503,0.0,0.0,0.0,0.0,0,0.9203962329000935,0.9159554110546007,False,False,False,False,-0.1255042508079559,-0.07496882997353638,False,False,False,False,-301792,-166847.57804826245,False,False,False,False,16008.863428665816,False,False,False,False
2024-12-17 00:00:00+00:00,27.6464881107,27.6464881107,27.4042202675,27.4414922434,5273,,,,,,,,,28.180280455569896,27.699639936894492,27.636739065105456,27.470828573534916,27.095378860409916,25.90309412895759,25.149487281412398,24.862280917262463,24.15489037469385,24.90908693594295,,,,,,,,,27.946724335223525,27.250357818080886,26.90085989224944,26.255982496242595,25.2598262756966,24.1947810276388,24.440853539375833,24.734328790427544,24.915717640100844,24.577949182681184,24.110684348153416,23.786738068287974,23.51562645236196,22.98589197723054,22.477765874158077,22.185930613743405,21.862129081839054,21.61250974885902,21.544936484810872,21.468957680265543,21.185956440943045,20.944093186523972,,23.51562645236196,21.862129081839054,,26.30617065297839,24.101427566371353,"rgba(38, 166, 154, 1.0)",1.2760205037937207,25.990461512958166,1.2978056330743273,50.65156204067604,5.7657987584200185,False,True,False,False,False,2.953836374938305,0.0,0.0,0.0,0.0,0,0.9346509606445956,0.9092291065731691,False,False,False,False,0.016367650915565444,-0.02930058952898547,False,False,False,False,-296519,-171932.7318502914,False,False,False,False,15587.849176561274,False,False,False,False
2024-12-18 00:00:00+00:00,24.7951819557,27.4135382615,24.7951819557,27.4135382615,14276,,,,,,,,,28.04352804463804,27.643446120688456,27.589240498333947,27.435862651115897,27.076042769489998,25.900781769663013,25.153954423437373,24.868824033296654,24.165293100258125,24.913320654753967,,,,,,,,,27.852728368404556,27.223426210225504,26.886636884192527,26.249843713041905,25.26342428888766,24.205305820044003,24.448519064419806,24.739735168365176,24.91940973196082,24.582962809678072,24.117040745406918,23.794022208912427,23.523703122494666,22.994977581734673,22.48757891991598,22.196218027956064,21.872894149653746,21.623576813988404,21.55607468121391,21.48018023705317,21.19741449499434,20.955769416553576,,23.523703122494666,21.872894149653746,,26.27902940656755,24.1009129273775,"rgba(239, 83, 80, 0.5)",1.2955826766901954,25.97156916554358,-0.9079985638962698,47.0766840362745,3.226621251045607,False,True,False,True,False,0.0,0.0,0.0,0.0,0.0,0,0.8990858079577697,0.9149666125938922,False,False,False,False,-0.1920404868635967,-0.11067053819629108,False,False,False,False,-310795,-177378.31099341722,False,False,False,False,15536.404110813774,False,False,False,False
2024-12-19 00:00:00+00:00,24.4876881547,25.0886987658,24.0497424381,24.0497424381,5304,,,,,,,,,27.974119152665956,27.61189971534848,27.562169316272783,27.415159668314168,27.063353320784337,25.89583522141908,25.15200190507318,24.867841010037758,24.166253005656053,24.912552683363398,,,,,,,,,27.802757040768416,27.206577489260138,26.876630587611647,26.243245190689112,25.261069271775458,24.20619726148792,24.448735620595365,24.739310763418874,24.918722853849808,24.58289300154073,24.11768428267599,23.795096749882656,23.52512089318931,22.996922235467963,22.489924148712273,22.198790134935013,21.875696226641224,21.626532812107165,21.559068632959082,21.483217599461803,21.200588229049924,20.95905979673888,,23.52512089318931,21.875696226641224,,26.262118499893518,24.097709639851495,"rgba(239, 83, 80, 1.0)",1.3232739392963637,25.95879673065138,-1.1117188454067384,44.319776534282795,0.573482144045073,False,True,False,True,False,0.0,0.0,0.0,0.0,0.0,0,0.885253689502144,0.9604389658833674,False,False,False,False,-0.34282825441539394,-0.2267493963058425,False,False,False,False,-316099,-182818.3380132832,False,False,False,False,15135.133361370097,False,False,False,False
2024-12-20 00:00:00+00:00,28.9975972365,28.9975972365,23.9994252706,24.07769642,41886,,,,,,,,,27.887144267646267,27.591053947524813,27.547049757517485,27.410688022585163,27.073555547425727,25.935957642975755,25.205572759701298,24.925010415191423,24.22868426501335,24.951431098708824,,,,,,,,,27.752571041939365,27.212485210625744,26.89146260133919,26.275468359771185,25.31310590546614,24.270197108154687,24.5005032304564,24.78252520927633,24.952913539236214,24.61943112117433,24.155660501758216,23.83476493212177,23.56651574525997,23.039527174207535,22.533179997054212,22.242852172407517,21.920555159043708,21.671802874842715,21.60441698003808,21.52867646565496,21.24618915056448,21.00489943463044,,23.56651574525997,21.920555159043708,,26.27561477242901,24.133430766491415,"rgba(0, 255, 0, 1.0)",1.345581537653209,25.979677298928102,2.2428369096348972,48.840823976461124,0.573482144045073,False,True,False,False,True,4.796531786712883,0.0,0.0,0.0,0.0,0,0.8824490669776012,0.9121698700187678,False,False,False,False,-0.08142094199242098,-0.15408516914913173,False,False,False,False,-274213,-186402.4424049192,False,False,False,False,16184.186955041858,False,False,False,False
2024-12-23 00:00:00+00:00,26.6308267679,28.2335217309,26.5143518433,28.1403417912,15148,,,,,,,,,27.851635752382858,27.578882283126042,27.537303745322728,27.405291189473843,27.074270436432354,25.947867012968544,25.222494998407804,24.943329219908996,24.24920625112147,24.963999040514583,,,,,,,,,27.729341376651334,27.211035329298213,26.894198593885584,26.284481831343903,25.329437376839632,24.29119264655646,24.517445366439574,24.796570639052366,24.96399440070777,24.631424758024334,24.168300879057366,23.8480631527999,23.580461017816244,23.05400248698971,22.547972493193807,22.257966029687864,21.93598854698435,21.68741083721161,21.620060552320943,21.544367555391695,21.261963305478655,21.02078259193191,,23.580461017816244,21.93598854698435,,26.277427992965926,24.144685793512632,"rgba(38, 166, 154, 0.5)",1.2848234088295265,25.984470464057534,0.5030701490964404,48.91218164232861,0.573482144045073,False,True,False,False,True,0.9538330408332989,0.0,0.0,0.0,0.0,0,0.9076030209196487,0.9298612009370181,False,False,False,False,0.031644512135442296,-0.061220328506844716,False,False,False,False,-289361,-190440.03289884393,False,False,False,False,16143.552172491198,False,False,False,False
2024-12-24 00:00:00+00:00,25.8294792865,26.4631028765,25.6244834191,26.4631028765,6589,,,,,,,,,27.81424817225947,27.56078979709008,27.521695808332343,27.39356254769651,27.067803978531085,25.94797312775416,25.225357794861186,24.947040761796682,24.254498493392205,24.966527361606826,,,,,,,,,27.701446995251626,27.202043999963962,26.88954920187737,26.28305003684562,25.331946479340207,24.296551238777134,24.521517304481257,24.7996276207157,24.966225751935742,24.634209586107925,24.1716338424305,23.851789812258268,23.584529928930227,23.05849188302369,22.552762967304957,22.262959724896287,21.94118705922953,21.692737631964697,21.625417305198372,21.549760127623507,21.267453405758353,21.02636482848983,,23.584529928930227,21.94118705922953,,26.269949784332056,24.14587192490783,#000000,1.2781112489125532,25.979561730300098,-0.11742518026329235,48.08085735347929,0.573482144045073,False,True,False,False,True,0.0,0.0,0.0,0.0,0.0,0,0.9016296964316142,0.954679525334633,False,False,False,False,-0.1407948664351035,-0.10100759747097411,False,False,False,False,-295950,-194577.6786675167,False,False,False,False,15768.863852001346,False,False,False,False
2024-12-26 00:00:00+00:00,26.3233329669,27.4880822132,26.0810651237,26.1928810513,23171,,,,,,,,,27.73686756193105,27.52536288161618,27.491509245198376,27.372222457241232,27.05896847968054,25.958222662609007,25.24397715740228,24.968130261777596,24.279889690361504,24.981073992266285,,,,,,,,,27.644834175587246,27.18782580559511,26.88504037993237,26.288571138276765,25.34953128234143,24.32242606669419,24.542075129115346,24.816218645150265,24.9790792376945,24.64868569932821,24.18750784188527,23.868829202441713,23.602645141353854,23.07771325977095,22.572726813374402,22.28351299287737,21.962331231086303,21.714231299298763,21.646988417524803,21.571427874938927,21.28934665002372,21.048496077009087,,23.602645141353854,21.962331231086303,,26.261622439008402,24.15761008171339,#000000,1.2673200380422929,25.977239541150926,0.27309078635236184,48.15455410863582,0.573482144045073,False,True,False,False,True,0.47776450327839726,0.0,0.0,0.0,0.0,0,0.9109949843937276,0.9291073035277656,False,False,False,False,-0.044386360550472244,-0.07269697901072318,False,False,False,False,-272779,-197644.39715114352,False,False,False,False,16059.14370094247,False,False,False,False
2024-12-27 00:00:00+00:00,24.8231359376,26.5562828162,24.8231359376,25.9506132081,15111,,,,,,,,,27.641328359902886,27.473861663169647,27.446309215118927,27.33689713434311,27.03738872092522,25.95281961373639,25.245320875197848,24.971636190515852,24.287646805210983,24.98345318780749,,,,,,,,,27.570030464949973,27.159281683592162,26.86836181921743,26.27947459859962,25.349980429063777,24.330165973634738,24.547499055092203,24.81965272816471,24.981192511593672,24.65222543292212,24.192594138246807,23.874930752104454,23.609591835878568,23.085836598403112,22.581727028420197,22.29305002357761,21.97241205713786,21.724666418203814,21.657509027671054,21.582048121637236,21.300262730905647,21.05967571645436,,23.609591835878568,21.97241205713786,,26.237666176592835,24.156611534905554,"rgba(239, 83, 80, 0.5)",1.28484567024835,25.959883868030744,-0.8847349971697533,46.511095729826735,0.573482144045073,False,True,False,True,True,0.0,0.0,0.0,0.0,0.0,0,0.8980702302626546,0.9488132992668337,False,False,False,False,-0.18770032282596355,-0.13019865091834337,False,False,False,False,-287890,-201183.44040011827,False,False,False,False,16021.961595023156,False,False,False,False
2024-12-30 00:00:00+00:00,24.4690521668,25.0840397688,24.3479182451,24.5063241426,5105,,,,,,,,,27.600338414791235,27.45079066230406,27.42591477376439,27.320631099051248,27.026866381600694,25.948513642918783,25.243556027814932,24.970713654293526,24.288453860129724,24.982784718408336,,,,,,,,,27.537330147403683,27.145725726164134,26.859910121610664,26.27379679493826,25.34786878451226,24.3309000832972,24.547682527880834,24.81928439436204,24.980605254046342,24.652195979262743,24.193217900512664,23.875950249754407,23.610926610389427,23.087662904348093,22.583930743766917,22.295466675116785,21.97504525877724,21.72744549601155,21.660324235470547,21.584904578994543,21.30324995285726,21.06277444215104,,23.610926610389427,21.97504525877724,,26.225856323507692,24.15450872333102,"rgba(239, 83, 80, 1.0)",1.3072857534204003,25.95082868671455,-1.1334756123805452,45.03265882358451,0.573482144045073,False,True,False,True,False,0.0,0.0,0.0,0.0,0.0,0,0.8839075954509849,0.969913705254032,False,False,False,False,-0.3217376781450745,-0.22596816453170893,False,False,False,False,-292995,-204783.8937177607,False,False,False,False,15593.845454041857,False,False,False,False
2024-12-31 00:00:00+00:00,24.3665542331,25.0972713203,24.3665542331,24.5342781246,6949,,,,,,,,,27.545876308350987,27.41972436379944,27.39839411658108,27.29861029589183,27.012550933332157,25.94259312199393,25.24107788691548,24.96937879267357,24.289471893419254,24.981817796234743,,,,,,,,,27.493619418282922,27.127334559038218,26.84838717541874,26.266020705597857,25.344920213989138,24.331816413618657,24.547862983901673,24.81872205237134,24.97975502161198,24.652105275579565,24.194018910719315,23.87729062681631,23.612696246276514,23.09010423073296,22.586888509368293,22.298715205470952,21.978589580893136,21.7311893181629,21.664117513516995,21.588754287320445,21.30727892454525,21.066956094169296,,23.612696246276514,21.978589580893136,,26.209949550919248,24.151645412434394,"rgba(239, 83, 80, 1.0)",1.3371453096378931,25.938607530184726,-1.1756787282232224,43.92937708838603,-0.458798882798817,False,True,False,True,False,0.0,0.0,0.0,0.0,0.0,0,0.8798922721429314,0.9718321802790103,False,False,False,False,-0.3194647087694527,-0.2727164366505808,False,False,False,False,-299944,-208515.662591574,False,False,False,False,15254.83190682453,False,False,False,False
2025-01-02 00:00:00+00:00,23.9472445044,24.6460940522,23.4720268119,24.6460940522,5282,,,,,,,,,27.497754264791855,27.391710975945536,27.37349403518978,27.278499082320465,26.999145462929633,25.93615617928301,25.23746278050012,24.966719889688356,24.288829498898803,24.97992812681608,,,,,,,,,27.454655005691773,27.1103068986019,26.837425534725476,26.258075636773082,25.340912758510427,24.331044994529396,24.546709927333875,24.81709673551312,24.978086837507437,24.65107398132179,24.193767751371187,23.877490871845886,23.613246223293867,23.09123844395338,22.58847888026444,22.300551390796876,21.98067638698329,21.733448313182212,21.666419786080567,21.591105408378223,21.30979047361851,21.06960132486454,,23.613246223293867,21.98067638698329,,26.194970029636362,24.148090588332913,"rgba(239, 83, 80, 1.0)",1.3787951073783464,25.9268348920751,-1.435739347406817,42.68793891980565,-1.8902049255568798,False,True,False,True,False,0.0,0.0,0.0,0.0,0.0,0,0.8826179379129574,0.9723383520825469,False,False,False,False,-0.34282825441539394,-0.3077723455329874,False,False,False,False,-305226,-212308.2248428848,False,False,False,False,14863.740459498078,False,False,False,False
2025-01-03 00:00:00+00:00,24.3665542331,24.5529141125,23.5745247456,24.4410981849,9612,,,,,,,,,27.416937817471492,27.34401256499711,27.33100340197285,27.24410586748188,26.97621245524086,25.925418497633334,25.231705586822496,24.962645245223843,24.288289611900055,24.977018334440217,,,,,,,,,27.388807513020208,27.0812063883577,26.818695748348425,26.244675449136963,25.334465235235967,24.33029502155364,24.545192160384094,24.81468428764025,24.97551732285765,24.649630038255825,24.19369072359852,23.87821325281801,23.614591955228626,23.0936111960072,22.59165154679103,22.3041593281417,21.984728024938505,21.737803696553648,21.670851307029352,21.595623065169363,21.31458915575062,21.074635271881515,,23.614591955228626,21.984728024938505,,26.169734938318413,24.142404663053334,"rgba(239, 83, 80, 1.0)",1.4064023970517092,25.907062011160928,-1.095353492919486,42.62718624126228,-2.228424131140507,False,True,False,True,False,0.0,0.0,0.0,0.0,0.0,0,0.8840508880896687,0.9752810541384845,False,False,False,False,-0.34221534252311137,-0.3249938440280494,False,False,False,False,-295614,-215575.1179863011,False,False,False,False,14657.789853243252,False,False,False,False
2025-01-06 00:00:00+00:00,23.6583866913,25.1585837206,23.6583866913,25.1585837206,23400,,,,,,,,,27.235317953185483,27.233367044253562,27.231925223069787,27.163307452139918,26.921784424457595,25.899724007999705,25.21786482841914,24.952820770466566,24.286929634821472,24.969967144880133,,,,,,,,,27.238723108709863,27.012563810722185,26.77407368644324,26.2126641258712,25.31897881598127,24.328429775435403,24.541487650091764,24.80882978528206,24.969281890399408,24.64610583194101,24.19346512716416,23.87991894773755,23.617804094923663,23.09931069173861,22.599291840075242,22.31285545184911,21.994501071434247,21.74831476269071,21.6815475011196,21.606528648397845,21.326178859628616,21.086797514176883,,23.617804094923663,21.994501071434247,,26.111300848369336,24.12923383090041,"rgba(255, 0, 0, 1.0)",1.4471885992838498,25.861136521251844,-1.5220889876011248,41.64150063086218,-3.467554074107369,False,True,False,True,False,0.0,0.0,0.0,0.0,0.0,0,0.8952180330853771,0.965591544104838,False,False,False,False,-0.29750674007046796,-0.3112502920492587,False,False,False,False,-319014,-219631.54473193636,False,False,False,False,15000.6216237043,False,False,False,False
2025-01-07 00:00:00+00:00,23.2949849265,23.9845164803,23.2483949566,23.9845164803,8282,,,,,,,,,27.16323576175268,27.1881420341361,27.19122805326953,27.129753921429153,26.898613154881986,25.887484137045437,25.21010180182941,24.94660609975125,24.284057412268474,24.965527403877296,,,,,,,,,27.17838897926002,26.983683715683135,26.754805971758074,26.198062042818645,25.31058343026911,24.325294955055874,24.538000098766314,24.8047393502961,24.96534905533711,24.6432262638166,24.19191839640482,23.879122263091478,23.617577750171026,23.100085903344947,22.60085971499709,22.314838067738126,21.996907699485355,21.751016996073957,21.684324812578353,21.609390066502467,21.329323236753044,21.09017429308973,,23.617577750171026,21.996907699485355,,26.086474978024132,24.122408776672426,"rgba(255, 0, 0, 1.0)",1.4983505882118242,25.841231864494233,-1.6993665955262176,40.50450731473826,-4.821660547476505,False,True,False,True,False,0.0,0.0,0.0,0.0,0.0,0,0.8820335723624182,0.9811695072232489,False,False,False,False,-0.34282825441539394,-0.3270392732323263,False,False,False,False,-327296,-223853.68023264475,False,False,False,False,14737.146265911975,False,False,False,False
2025-01-08 00:00:00+00:00,22.6147713666,23.2437359596,22.6055465526,23.0154451074,10640,,,,,,,,,27.05794125091104,27.121059961487166,27.130703286826705,27.079519904302337,26.863353187010162,25.867446268694994,25.19623907077186,24.934916041393503,24.277149414879425,24.95718713050638,,,,,,,,,27.089676412269476,26.940062936962377,26.725206966278662,26.174791471894398,25.295835538044045,24.317936828534144,24.530580708782814,24.796751235639885,24.9579549052146,24.63731671156122,24.187949222028365,23.876209147276278,23.61544961049883,23.09941045424186,22.60134668799249,22.315914087027544,21.998587029902342,21.75312289711239,21.686540137767985,21.61172702976175,21.332078972397344,21.093268928232032,,23.61544961049883,21.998587029902342,,26.048551551678354,24.110618500939573,"rgba(255, 26, 202, 1.0)",1.570453046395248,25.810410716028038,-2.034851889881824,38.860527989259765,-6.6092432921905555,False,True,False,True,False,0.0,0.0,0.0,0.0,0.0,0,0.8700174723059867,0.9930570748541035,False,False,False,False,-0.34282825441539394,-0.3349337638238601,False,False,False,False,-337936,-228327.49669410966,False,False,False,False,14576.473863327194,False,False,False,False
2025-01-10 00:00:00+00:00,22.3725035234,22.7172693003,22.2047796319,22.7172693003,4549,,,,,,,,,27.0104659709396,27.090461058883896,27.103040449042933,27.056465030596904,26.847027611450454,25.857872845358983,25.189396370707897,24.92904263770486,24.273430309646223,24.952993896961853,,,,,,,,,27.049477132482334,26.919952297353827,26.711437631996855,26.163794796850407,25.288598490618444,24.3139991455758,24.526709159320234,24.792685512527274,24.95423521387032,24.63426197024276,24.18577718077353,23.874510103669312,23.61409825800951,23.098719207338927,22.601186477976558,22.31601898809546,21.99896372468712,21.753693074553965,21.687160181996305,21.61240230751269,21.332946459473487,21.094290919732966,,23.61409825800951,21.99896372468712,,26.031019618129356,24.104884042772582,"rgba(255, 26, 202, 1.0)",1.6475455458254844,25.796070472285532,-2.077980155122323,37.45012712973245,-8.127675030075004,False,True,False,True,False,0.0,0.0,0.0,0.0,0.0,0,0.8679543232087545,1.0025728114080887,False,False,False,False,-0.34282825441539394,-0.33888100911962704,False,False,False,False,-342485,-232804.26152963476,False,False,False,False,14183.239594177108,False,False,False,False
2025-01-13 00:00:00+00:00,22.2979595716,22.4237524902,22.0101267379,22.2513696018,3893,,,,,,,,,26.968971074577826,27.0635484970331,27.07868391474119,27.036122841790654,26.832562059411703,25.849276050305,25.1831708262987,24.923662206525858,24.269936500426613,24.94915027208718,,,,,,,,,27.014246684320675,26.90217039265542,26.69921051002289,26.153964716922303,25.282029354024548,24.310307862990584,24.52311163617424,24.788941655994563,24.950824576408923,24.631432417542193,24.18372433035897,23.87287065149995,23.61276118525972,23.097962790710277,22.600898303426305,22.315963062377183,21.999146010053238,21.754045448903724,21.687556484863315,21.6128471902913,21.333561191250702,21.09504178651228,,23.61276118525972,21.999146010053238,,26.015508424319783,24.099700763240016,"rgba(255, 26, 202, 1.0)",1.7204927859414132,25.783346442773272,-2.025807315004899,36.40718585630223,-9.281564802917174,False,True,False,True,False,0.0,0.0,0.0,0.0,0.0,0,0.865269010616312,1.0028763558938683,False,False,False,False,-0.34282825441539394,-0.3408546317675105,False,False,False,False,-346378,-237258.13362651184,False,False,False,False,13779.70078656232,False,False,False,False
2025-01-14 00:00:00+00:00,23.2856669325,23.770202619,21.8134238851,21.8134238851,5451,,,,,,,,,26.9206493284811,27.031860799945807,27.04995302537175,27.01211895659847,26.815580805273402,25.839672539464264,25.17660024946315,24.91815809102435,24.266777922698672,24.945199333335573,,,,,,,,22.956431145533333,26.973015532167924,26.881271800841173,26.684922051145445,26.142776204535398,25.27502469496557,24.306935892637103,24.519662123669928,24.785180340890836,24.947316589100637,24.628660692194817,24.18191030396452,23.87158226685865,23.611865599175896,23.097787637605695,22.601299425470152,22.31665818002029,22.000142327016107,21.755254327192684,21.688819814639576,21.614171136799634,21.335093099415285,21.096742484696673,,23.611865599175896,22.000142327016107,,25.997657105165654,24.161325847481287,"rgba(239, 83, 80, 1.0)",1.7590968852650168,25.672455371357195,-1.3568260275201462,38.22440730526418,-9.281564802917174,False,True,False,True,True,0.0,0.0,0.0,0.0,0.0,0,0.8626828568520728,0.9838575781142431,False,False,False,False,-0.2868304305935749,-0.3138425311805427,False,False,False,False,-340927,-241323.57936664863,False,False,False,False,13453.08506944223,False,False,False,False
2025-01-15 00:00:00+00:00,24.4131442029,24.4131442029,23.9705394893,24.3758722271,3232,,,,,,,,,26.90182586624317,27.019264058205977,27.038494164170956,27.002570832384595,26.808974248415048,25.836580334814307,25.175009198385446,24.91707735292885,24.26677625886065,24.944401364123596,,,,,,,,23.443735509227604,26.956802167037274,26.87308331126104,26.679458230689026,26.138889735588865,25.273225233650646,24.306874954586974,24.519330893496925,24.784548794671405,24.946606377768134,24.628304837715604,24.18198359152254,23.871910438510913,23.612394088858174,23.098643920810684,22.602412016979745,22.31791154499137,22.001539471100457,21.756749909325855,21.690340067456614,21.615719342416423,21.33673234984823,21.098458234547202,,23.612394088858174,22.001539471100457,,25.991097367853264,24.184237254762486,"rgba(239, 83, 80, 0.5)",1.7756446747837533,25.691676444325527,-0.7200383385156902,41.8769251460598,-12.543328131284241,False,True,False,True,True,0.0,0.0,0.0,0.0,0.0,0,0.8968819238932025,0.9706724257877358,False,False,False,False,-0.15680735876395166,-0.2353249449722472,False,False,False,False,-337695,-245102.85076403496,False,False,False,False,13052.258203973906,False,False,False,False
2025-01-16 00:00:00+00:00,24.6740480341,24.8230427577,24.3405570299,24.6088220763,4922,,,,,,,,,26.877372814798246,27.002688808659883,27.02338444519499,26.98998401902743,26.80034215143888,25.832929338338346,25.173517165757495,24.91631120774441,24.2675243540144,24.943809014593764,,,,,,,,23.86658750112158,26.93561603440555,26.862357310700087,26.672373801112315,26.13409232581835,25.271436466080406,24.30755983381915,24.5195156144768,24.784230994216117,24.94607721152165,24.628281354328152,24.182556969424482,23.87284865116977,23.613623882678777,23.100332514662785,22.60445636867612,22.320156645905097,22.003989405902903,21.759338594462506,21.692963249379417,21.618381866053177,21.33952053273261,21.101353412724492,,23.613623882678777,22.003989405902903,,25.98278633195678,24.203919736493106,"rgba(239, 83, 80, 0.5)",1.7852408113024423,25.706385520641994,-0.5782623162131505,44.83815855258628,-9.813283050226438,False,True,False,True,True,0.0,0.0,0.0,0.0,0.0,0,0.9030269238071985,0.9653240528146837,False,False,False,False,-0.12168229936770214,-0.17850362216997467,False,False,False,False,-332773,-248540.895832112,False,False,False,False,12733.424548916108,False,False,False,False
2025-01-17 00:00:00+00:00,24.7765459678,24.9442698593,24.385190221,24.9442698593,1435,,,,,,,,,26.870619328763773,26.998078477860506,27.01917674748346,26.986476414991383,26.79794061718561,25.831946716399194,25.17315278374424,24.916154129373137,24.26779823988757,24.943683241803082,,,,,,,,23.946296266340884,26.92974624061817,26.859372877483707,26.67040678353769,26.132781218297662,25.270987331227115,24.307817326617386,24.519620981482163,24.784186722273684,24.945964542418704,24.628313375530162,24.182758565864102,23.87315476263927,23.61401391388266,23.100853191755956,22.605078128787326,22.32083588351511,22.004727278702717,21.76011607166,21.693750551705595,21.619180393893718,21.340354720988795,21.10221807998308,,23.61401391388266,22.004727278702717,,25.980502669749193,24.207539100717,"rgba(239, 83, 80, 0.5)",1.794851860373792,25.70861034938945,-0.519298780120683,47.02973398488045,-7.835679641009676,False,True,False,False,True,0.0,0.0,0.0,0.0,0.0,0,0.9033327535838052,0.96373080855101,False,False,False,False,-0.11425368534430276,-0.1463786537571387,False,False,False,False,-331338,-251787.84109359782,False,False,False,False,12290.349076409593,False,False,False,False
2025-01-21 00:00:00+00:00,24.9349518653,24.9349518653,24.7859571417,24.7859571417,2267,,,,,,,,,26.860929797560477,26.99141105247452,27.01308379743712,26.98139982323956,26.794488668494775,25.83064909027155,25.172801772420808,24.916118429270238,24.268412565384327,24.94363529651328,,,,,,,,24.06929227354644,26.921293578236725,26.855073994956403,26.667595901205658,26.130979535224668,25.27050733050941,24.308412252480473,24.51995422547798,24.784272640684044,24.94592032509021,24.628489588793478,24.1831890335508,23.873744730523573,23.61473321743272,23.101769143589156,22.606145418568616,22.321990683014576,22.00597129601618,21.76141995646487,21.695069214329777,21.620516009618708,21.341743526876822,21.10365273477553,,23.61473321743272,22.00597129601618,,25.97729302930666,24.21329121698479,#000000,1.8031232972288835,25.71231161752393,-0.43111846728319103,48.84746948016259,-6.182863407863415,False,False,False,False,True,0.0,0.0,0.0,0.0,0.0,0,0.8974820991674836,0.97846076489755,False,False,False,False,-0.09676950371199307,-0.12157407873456588,False,False,False,False,-329071,-254818.55320757438,False,False,False,False,11897.276563609217,False,False,False,False
2025-01-22 00:00:00+00:00,23.9565624984,25.335625606,23.9565624984,25.335625606,25212,,,,,,,,24.416250200933334,26.73506854556916,26.90409762443461,26.933159473538506,26.914278552772807,26.747692695432708,25.809411133581474,25.162679558619647,24.909770480570494,24.27003039026164,24.938863336096812,,,,,,,,24.275023905646876,26.81117448589088,26.79740622488336,26.628849283427513,26.103873184598136,25.25884550233216,24.309633808703563,24.51891370734649,24.78082693015349,24.94166218480473,24.626883267395662,24.18476647381081,23.877238906513682,23.619745292883287,23.10923036897799,22.615519146862255,22.332426558976163,22.017492337413657,21.77368156674853,21.70751596726184,21.633173050917815,21.355081096854395,21.11756506274244,,23.619745292883287,22.017492337413657,,25.794663817437378,24.214535455231555,"rgba(239, 83, 80, 0.5)",1.824945274728595,25.66129245123968,-0.9341266154368426,47.78232388677065,-6.182863407863415,False,True,False,False,True,0.0,0.0,0.0,0.0,0.0,0,0.8685597411750868,1.0091041278772317,False,False,False,False,-0.11592191470128871,-0.1187479967179273,False,False,False,False,-354283,-258719.11974845384,False,False,False,False,12419.422580722581,False,False,False,False
2025-01-23 00:00:00+00:00,24.1149683959,24.8417719256,23.3974828601,24.2826922874,9403,,,,,,,,24.33525216211063,26.68576569308052,26.869306928650573,26.901212571038833,26.88725404851584,26.728535608698763,25.799992135389306,25.157492913227323,24.906038465166173,24.26941272301307,24.936102780534732,,,,,,,,24.2466005733548,26.767733810955807,26.7739841595428,26.61283602160702,26.092234151408363,25.253066802704524,24.30882792279449,24.517419326278453,24.778520707953128,24.939200211537894,24.62545109230463,24.18459854643862,23.877816042670826,23.620904787081606,23.11136155114763,22.618415558297155,22.335738991055646,22.021230426862523,21.777712938298627,21.711621175597806,21.63736168024741,21.3595442125858,21.122257576276393,,23.620904787081606,22.021230426862523,,25.770578729947797,24.208763739894614,"rgba(239, 83, 80, 0.5)",1.8430919070576837,25.64137947530126,-0.8281795788675707,47.48264123142357,-6.182863407863415,False,True,False,False,True,0.0,0.0,0.0,0.0,0.0,0,0.8895191440999822,1.0165247675806859,False,False,False,False,-0.16335177522688643,-0.14104988597240686,False,False,False,False,-344880,-262097.9777975341,False,False,False,False,12301.131499125617,False,False,False,False
2025-01-24 00:00:00+00:00,23.3043029204,23.8913365406,23.2949849265,23.3043029204,8965,,,,,,,,24.162786510695398,26.629497719600526,26.829627507386128,26.86477243641196,26.85629857099574,26.7062440571088,25.787828182169985,25.149668766872015,24.899733499612456,24.266430359542266,24.93150246040365,,,,,,,,24.136210973021726,26.71819317495536,26.746896665689583,26.594003212744408,26.077811573660465,25.24462578093022,24.305584180071154,24.513804679083595,24.77428268599863,24.93510114910598,24.62243049876025,24.182951507883015,23.876947665235647,23.620630250300326,23.11213645153388,22.62002708621543,22.337788975761836,22.023729847645136,21.78052685756569,21.714515163658515,21.640345334406856,21.36283080268876,21.125792995727263,,23.620630250300326,22.023729847645136,,25.73494455189081,24.196909918991043,"rgba(239, 83, 80, 1.0)",1.8729338684557564,25.609790149847704,-1.2309496177505663,45.515224741431226,-6.182863407863415,False,True,False,True,False,0.0,0.0,0.0,0.0,0.0,0,0.8845584456741951,0.9956860325763949,False,False,False,False,-0.21152205306826305,-0.17628596952033496,False,False,False,False,-353845,-265695.90023684653,False,False,False,False,12170.302812885397,False,False,False,False
2025-01-27 00:00:00+00:00,21.9345578068,23.0898958792,21.9345578068,22.3725035234,6852,,,,,,,,23.912369495274042,26.572148078242613,26.789432366315175,26.827890013441525,26.82485952894526,26.683238996352635,25.773884579879827,25.139514249221772,24.89094052078354,24.260703181688957,24.925137274973096,,,,,,,,23.952462536558397,26.667857599661225,26.719103268316207,26.57434894546847,26.0619171473095,25.233920037737494,24.299538866677445,24.507881019163523,24.768094706433086,24.929432374106977,24.617729505789473,24.179547105112693,23.874239173568366,23.618433044983384,23.11092086030821,22.61960654173312,22.337764559973724,22.024112467493676,21.781200490705356,21.715264010478776,21.6411774079728,21.363954035987597,21.127149996979156,,23.618433044983384,22.024112467493676,,25.69091984410168,24.179668713078957,"rgba(255, 0, 0, 1.0)",1.9383514582781671,25.569262120622188,-1.8751523611981524,41.79600420595734,-3.0550469748751965,False,True,False,True,False,0.0,0.0,0.0,0.0,0.0,0,0.873644369762249,1.0013287032940077,False,False,False,False,-0.31382623697623097,-0.24505610324828297,False,False,False,False,-360697,-269421.4335608918,False,False,False,False,11961.74191826244,False,False,False,False
2025-01-28 00:00:00+00:00,23.1552150169,23.2949849265,22.2920892354,23.1924869928,8772,,,,,,,,23.764459697731095,26.51087553788834,26.745713934367593,26.78764921701425,26.79046868150604,26.658101865171208,25.7592405134231,25.129338285421397,24.8823529822421,24.255650548573115,24.91888245045705,,,,,,,,23.83341367022703,26.61365755043639,26.688766438767814,26.552928337142436,26.044965265067656,25.223100627491274,24.294160640950647,24.50239143581316,24.76213043746055,24.9238557504261,24.61328866995451,24.176594030498674,23.87210606602957,23.616913441303595,23.11053510200416,22.620133466493968,22.338757114384414,22.02558311321598,21.783009730401353,21.717160185397912,21.64317030833177,21.366280152444418,21.12974645782713,,23.616913441303595,22.02558311321598,,25.654793973981388,24.16567255367336,"rgba(239, 83, 80, 1.0)",1.9698344178333667,25.53591240585761,-1.2085774151393656,42.5002725758043,-3.0550469748751965,False,True,False,True,False,0.0,0.0,0.0,0.0,0.0,0,0.8859810729484142,0.985239271064428,False,False,False,False,-0.286665276853796,-0.2658606900510395,False,False,False,False,-351925,-272656.86753889604,False,False,False,False,11836.653999899207,False,False,False,False
2025-01-29 00:00:00+00:00,23.8447465707,23.8447465707,21.4313861324,23.1738510049,4474,,,,,,,,23.713579937102278,26.481477298167743,26.724515760780406,26.768100445795564,26.773723618121068,26.645837604831232,25.752157905250577,25.124477600107458,24.878280715553053,24.25332915896755,24.915907121015273,,,,,,,23.04029309126667,23.78959788372004,26.587534664051685,26.673990304182816,26.542474955662392,26.036735050475905,25.217920629699364,24.29168298768529,24.499827415745457,24.759309942184426,24.921201213210054,24.61120016025339,24.17524319237064,23.871164592422843,23.616279630352636,23.11046495702679,22.62051655030196,22.33937278399177,22.026437588137668,21.78403298340431,21.718226709197268,21.64428503939021,21.367560370004064,21.131161285426366,,23.616279630352636,22.026437588137668,,25.639217015062925,24.22576402880731,"rgba(239, 83, 80, 0.5)",1.974138982458914,25.42774234846755,-0.8018664297869392,44.52006801342922,-3.0550469748751965,False,True,False,True,False,0.0,0.0,0.0,0.0,0.0,0,0.8740820428583537,0.9963065438590457,False,False,False,False,-0.30162295390672145,-0.2837418219788805,False,False,False,False,-347451,-275589.9707726648,False,False,False,False,11547.922470491396,False,False,False,False
2025-01-30 00:00:00+00:00,23.8820185466,24.8790439015,23.7702957989,24.8790439015,5509,,,,,,,,23.750489168423353,26.45769031680484,26.706696665771478,26.75156352082264,26.759525313466522,26.635575534028266,25.747122092279103,25.121771161414074,24.876377243106496,24.253150341032985,24.9144691387966,,,,,,,23.66763719836069,23.81428001334168,26.566030595124293,26.661600565155172,26.53383903874681,26.0304840184946,25.21488819453881,24.291404915984856,24.499132079962486,24.75813801647406,24.919912212304844,24.61049164880927,24.175245934803467,23.871590398362347,23.617037680568778,23.11177494254357,22.622262158596474,22.341356553175974,22.02866530639548,21.786428780492454,21.720664815377855,21.64677099086069,21.3702035768659,21.1339362073746,,23.617037680568778,22.02866530639548,,25.634039135995124,24.2561100126118,"rgba(239, 83, 80, 0.5)",1.9856536973141163,25.45486979966666,-0.792107533752823,45.950719475724924,-3.0550469748751965,False,True,False,True,True,0.0,0.0,0.0,0.0,0.0,0,0.8991886736745104,0.9833750380530469,False,False,False,False,-0.144804138823323,-0.21427298040110174,False,False,False,False,-341942,-278192.0111345211,False,False,False,False,11311.101981452517,False,False,False,False
2025-01-31 00:00:00+00:00,22.8384032219,23.6677046853,22.8384032219,23.6677046853,2422,,,,,,,,23.728989783601687,26.442588068870062,26.695684409788086,26.741387321801877,26.7507845432126,26.629153011118326,25.74342719249639,25.119253639041197,24.874277314393876,24.25197729251891,24.91293046175328,,,,,,,23.559706365938048,23.795227751947927,26.552547195681832,26.653879925835053,26.52835985075482,26.026181492632602,25.212201619171356,24.290150720009304,24.49782198232167,24.756685004302327,24.91853849122613,24.6094191483355,24.174564934656075,23.871127650432854,23.616739431023667,23.111776594996574,22.622504891435742,22.341723455258585,22.02915971524278,21.787013211801145,21.7212723087591,21.64740419749504,21.370924881898144,21.134729287440482,,23.616739431023667,22.02915971524278,,25.62640482169057,24.247766471650202,"rgba(239, 83, 80, 1.0)",1.9974418268998655,25.442514224271896,-1.3037230758372647,44.76866660211102,-3.0550469748751965,False,True,False,True,True,0.0,0.0,0.0,0.0,0.0,0,0.8764448633874494,1.0103150333861255,False,False,False,False,-0.2431494862428101,-0.22871123332195592,False,False,False,False,-344364,-280786.9910900301,False,False,False,False,10962.509746885751,False,False,False,False
2025-02-03 00:00:00+00:00,22.6799973244,23.5558887576,22.0743277163,22.0743277163,14703,,,,,,,,23.565640782734746,26.344555697243056,26.623956603190916,26.675054879523586,26.69366235005048,26.586885686756165,25.71830465947456,25.101499724121467,24.859159099599676,24.242764352772383,24.901865729921905,,,,,,,23.13141933358897,23.649763350521333,26.46491612649617,26.603226450062387,26.49214938182429,25.99727161212536,25.19338203229692,24.280377330621878,24.48795237384425,24.7460784947541,24.90865837545965,24.601446998484263,24.169110677470275,23.86705551382587,23.61369795317139,23.11066082974203,22.622945018675626,22.342953385230437,22.03120139448042,21.789631723643833,21.724039262597802,21.65033608297852,21.374427728271044,21.138694262440062,,23.61369795317139,22.03120139448042,,25.573940869580813,24.20519491781597,"rgba(239, 83, 80, 1.0)",2.017639997337387,25.372901016080135,-1.334679970279075,43.677480743569404,-3.0550469748751965,False,True,False,True,True,0.0,0.0,0.0,0.0,0.0,0,0.8635723514412058,1.0118848987320632,False,False,False,False,-0.28459990674350855,-0.2566555700327322,False,False,False,False,-359067,-283856.7953610093,False,False,False,False,11109.195639164742,False,False,False,False
2025-02-04 00:00:00+00:00,22.6986333124,22.8185558948,22.3631855294,22.3631855294,7552,,,,,,,,23.490103950854454,26.294271732378135,26.586791846766744,26.640619387101637,26.66390658494979,26.564732003391164,25.70494599773504,25.09193054176321,24.850951158811643,24.237620565177696,24.895847780483123,,,,,,,23.021466973414046,23.580271461273817,26.419780493754153,26.57676572727291,26.473114691624026,25.981970643464937,25.183263017910903,24.274934437702825,24.482507518261123,24.74028266663346,24.90328119022754,24.59706075068798,24.166040378447665,23.86470393953903,23.611880334339382,23.109850657509654,22.62295090243069,22.343371379815704,22.03204319742337,21.790775512929923,21.725260910900545,21.65164412692101,21.376036099790568,21.14054514438099,,23.611880334339382,22.03204319742337,,25.547429231764784,24.18881579373316,"rgba(239, 83, 80, 1.0)",2.040918658952549,25.343011570012088,-1.2956803770755132,43.00400042425724,-3.0550469748751965,False,True,False,True,False,0.0,0.0,0.0,0.0,0.0,0,0.8804492667641177,1.0055965948701875,False,False,False,False,-0.3061893581101373,-0.2814224640714348,False,False,False,False,-351515,-286510.0582880286,False,False,False,False,10969.697770962202,False,False,False,False
2025-02-05 00:00:00+00:00,23.4720268119,23.4813448059,22.3725035234,22.3725035234,3593,,,,,,,,23.476039761506236,26.273903430152995,26.571473639160597,26.626383034367162,26.651573525586194,26.555557797471142,25.69961935511762,25.08828856258651,24.84790863382112,24.235913385479375,24.89360141361656,,,,,,,23.029653493651253,23.565505284020965,26.401357839723445,26.565820444366885,26.465250497404323,25.975778040012038,25.179378784419814,24.273110825483112,24.480597914645596,24.738162425267035,24.901271382268483,24.595489416962366,24.165039834554687,23.86402251879498,23.61143974897825,23.109849681955925,22.623304090750946,22.34390717190778,22.03276665531038,21.791631597128266,21.726150992473226,21.652572114747297,21.37709408926599,21.141709078573843,,23.61143974897825,22.03276665531038,,25.53820568535141,24.185666882380325,"rgba(239, 83, 80, 0.5)",2.03467011464177,25.33506383371217,-0.9156457395257807,44.73659531728322,-3.0550469748751965,False,True,False,True,False,0.0,0.0,0.0,0.0,0.0,1,0.8942287987361918,0.9884885114570332,False,False,False,False,-0.27393125715210453,-0.27767686061176966,False,False,False,False,-347922,-288918.36972771375,False,False,False,False,10680.415505434272,False,False,False,False
2025-02-06 00:00:00+00:00,23.2670309446,23.6117967215,23.2561288916,23.6117967215,2839,,,,,,,,23.473273652583853,26.25934839995468,26.560400340380333,26.616071327461455,26.64262614245319,26.548907678579003,25.69586244099322,25.085811056397727,24.845883703024228,24.23488995437164,24.89209801999185,,,,,,,23.053742390613213,23.560986502366596,26.38812602307216,26.55789164855788,26.459559755824923,25.971362301221973,25.176718320662385,24.272006714434106,24.479388663030363,24.736767638830468,24.89992495242927,24.59447495480423,24.16445208153142,23.863676883064855,23.611278598805004,23.11001842593267,22.623737676990995,22.344479114285637,22.033480731231155,21.792445602559212,21.726990519931825,21.653440185533334,21.378059207134854,21.142753753560807,,23.611278598805004,22.033480731231155,,25.532288428744653,24.184725949012428,"rgba(239, 83, 80, 1.0)",2.0273709944804743,25.33098123274067,-1.0180427231916525,45.38278924081894,-3.0550469748751965,False,True,False,True,False,0.0,0.0,0.0,0.0,0.0,1,0.9028341113389282,0.9759890470686937,False,False,False,False,-0.22627073349692217,-0.2519737970543459,False,False,False,False,-350761,-291343.5709148622,False,False,False,False,10372.909015025085,False,False,False,False
2025-02-07 00:00:00+00:00,22.3911395113,23.8540645647,22.3911395113,23.8540645647,7496,,,,,,,,23.431931851185777,26.215068716014787,26.526996096545233,26.585004158036792,26.615655646648435,26.528736500467016,25.683875412413492,25.077400194688085,24.838753069991892,24.23063035230142,24.88683761507172,,,,,,,23.02674994151941,23.520108390005404,26.348032367500377,26.53388559368403,26.442214739982532,25.957542720133684,25.167790592802085,24.267482286880043,24.474765725967618,24.73174940474249,24.895217931304927,24.590707624557286,24.161920964131735,23.861829800002162,23.60994407019358,23.109635305200626,22.62412381317894,22.345258004680073,22.034663530407006,21.793915125198495,21.728533769596464,21.655065445413488,21.379967725139274,21.14489209218526,,23.60994407019358,22.034663530407006,,25.510989964851333,24.174876896603628,"rgba(239, 83, 80, 1.0)",2.038711720348446,25.310218688075533,-1.4318253766043092,43.79771796211658,-3.0550469748751965,False,True,False,True,False,0.0,0.0,0.0,0.0,0.0,1,0.8928006690717346,0.9829658990328018,False,False,False,False,-0.25540496388936135,-0.25368938047185363,False,False,False,False,-358257,-293967.62695741665,False,False,False,False,10260.089053651553,False,False,False,False
2025-02-10 00:00:00+00:00,22.7265872943,23.2325543669,22.3631855294,22.5495454088,11558,,,,,,,,23.36822748771961,26.146950390868465,26.47521780189706,26.536776758096718,26.573675460834103,26.497186064597333,25.66490908124572,25.06394500688975,24.82727738122824,24.223610205682483,24.878360311057776,,,,,,,22.97820102275901,23.45701421835401,26.28616464850133,26.496436129298335,26.41502152314961,25.935758570275667,25.15353686549797,24.260041917182818,24.46722569498673,24.723630647879673,24.887628516247585,24.584577940409723,24.15772095843746,23.85869353548361,23.60760266174733,23.108780338017727,22.624473126568386,22.346219780829575,22.0362554576752,21.79595532407355,21.730689402286337,21.657349353884534,21.382696107108206,21.14798045203737,,23.60760266174733,22.0362554576752,,25.47783054091975,24.159046943868766,"rgba(239, 83, 80, 1.0)",2.062912245844789,25.27754034384723,-1.2365785576606454,43.765350379523,-3.0550469748751965,False,True,False,True,False,0.0,0.0,0.0,0.0,0.0,0,0.8956971788498829,0.9849876366431747,False,False,False,False,-0.2862502278899237,-0.2699698041808887,False,False,False,False,-346699,-296035.52393947873,False,False,False,False,10310.987522135807,False,False,False,False
2025-02-11 00:00:00+00:00,22.9409011556,23.0340810953,22.5821583877,22.9222651676,5193,,,,,,,,23.34671849164347,26.117905280214732,26.452898382643145,26.515945932924122,26.55549349310144,26.483476869529216,25.656696346138112,25.058155549826846,24.822357773297057,24.220647177243634,24.874714428969664,,,,,,,22.968201061544868,23.434879115142905,26.259663617725145,26.48020065448856,26.403194312963365,25.92630765094085,25.14739665145865,24.25689787046052,24.46401529731931,24.720150355819108,24.884361880105416,24.581955809848306,24.155948448520192,23.857391562790696,23.606653323709338,23.10848712726756,22.62471136176761,22.346729292283023,22.03704411680296,21.796942350529697,21.731727471087808,21.65844418812012,21.38398725589385,21.149430847192157,,23.606653323709338,22.03704411680296,,25.46409179323013,24.153056593074403,"rgba(239, 83, 80, 1.0)",2.076096210418233,25.26456009422125,-1.1192443428010235,44.402440566011464,-3.0550469748751965,False,True,False,True,False,0.0,0.0,0.0,0.0,0.0,0,0.9080752375009945,0.9797372689259548,False,False,False,False,-0.2852687734392586,-0.27761928881007364,False,False,False,False,-341506,-297818.6798634208,False,False,False,False,10110.282129110874,False,False,False,False
2025-02-12 00:00:00+00:00,22.4097754993,22.7359052882,22.4097754993,22.6660203335,5432,,,,,,,,23.312104435119974,26.085015452734233,26.42770620777558,26.492443930112568,26.53496609646651,26.46793812553426,25.6471400436653,25.051220184891406,24.8163701333264,24.21680845003367,24.870287427787357,,,,,,,22.933683316757513,23.40108102370274,26.229703216955105,26.461823199022884,26.389751052127586,25.91541645918278,25.140079463608068,24.252845851314756,24.459977867367986,24.71587539290226,24.880396467926897,24.57869361876914,24.15362591874344,23.855582003289168,23.60522438807401,23.107782211597442,22.62459533839578,22.346909952451643,22.037530276332703,21.797646832107013,21.732488349649564,21.65926759401363,21.38502885025443,21.150648408022768,,23.60522438807401,22.037530276332703,,25.44745458976793,24.144411192531447,"rgba(239, 83, 80, 1.0)",2.0990161228459208,25.24759749513008,-1.3519772263504386,43.49759197963024,-3.0550469748751965,False,True,False,True,False,0.0,0.0,0.0,0.0,0.0,1,0.9016240322142561,0.9881880451328955,False,False,False,False,-0.3079371429920589,-0.29277821590106623,False,False,False,False,-346938,-299744.9277119141,False,False,False,False,9926.820084832018,False,False,False,False
2025-02-13 00:00:00+00:00,23.2949849265,23.2949849265,22.4615835457,22.4615835457,2747,,,,,,,,23.306000359273227,26.070904471953483,26.416698384648882,26.482142025838183,26.525943600193536,26.46111274837804,25.643096270442065,25.048415073324872,24.814008558408524,24.21544186882922,24.86852837796064,,,,,,,22.936803337128172,23.394051957033174,26.21674549902423,26.45376149025979,26.3838592763024,25.910739870497228,25.137095559722994,24.251391044180522,24.45846530041513,24.71420903549668,24.878818531543672,24.57744621366821,24.152811356350227,23.85500937222828,23.604834145937627,23.107727505231225,22.624812065026518,22.34726629756113,22.038030294088024,21.798248680494137,21.733116351846956,21.659924731976748,21.385786299761037,21.15148750065659,,23.604834145937627,22.038030294088024,,25.441117430840965,24.142106341609466,"rgba(239, 83, 80, 0.5)",2.1011431606906816,25.242044286567516,-0.9266666814970784,45.57676894653224,-3.0550469748751965,False,True,False,True,True,0.0,0.0,0.0,0.0,0.0,1,0.8945161268138824,0.9863704865915324,False,False,False,False,-0.2785645125045973,-0.2856713642028318,False,False,False,False,-344191,-301487.9109388979,False,False,False,False,9645.258512877821,False,False,False,False
2025-02-14 00:00:00+00:00,23.9565624984,23.9565624984,23.117943041,23.5931607335,6587,,,,,,,,23.323543547594127,26.044789253681977,26.39565766807636,26.46234342529657,26.50852936402742,26.447970488603485,25.635874081017,25.043894968495636,24.810441213844474,24.213975122095107,24.86582244951702,,,,,,,22.99767125806527,23.40595321965865,26.19241685490391,26.43826558185065,26.37256752648959,25.90213040728845,25.132191016607347,24.24977407735755,24.4565057963112,24.711775043084266,24.87638293206113,24.57572471096479,24.15199500972136,23.8547183469245,23.604948838174046,23.108550616616522,22.626203077999573,22.348959332385988,22.04003378493636,21.800469339174025,21.735392268332244,21.66226268454293,21.388333176957552,21.15420699431775,,23.604948838174046,22.04003378493636,,25.4320765074772,24.14236183852876,"rgba(239, 83, 80, 0.5)",2.0937426632216676,25.23731349571745,-0.6117041123605629,48.670095553854736,-5.389535187900073,False,False,False,False,True,0.0,0.0,0.0,0.0,0.0,1,0.910109060288428,0.9828209965301431,False,False,False,False,-0.21669093446139231,-0.25118114933211205,False,False,False,False,-337604,-302904.22815698036,False,False,False,False,9525.326806490455,False,False,False,False
2025-02-18 00:00:00+00:00,23.9658804924,24.068378426,23.2949849265,24.068378426,2986,,,,,,,23.776414614966665,23.33304685415567,26.03362665128477,26.386570470972963,26.453777141261703,26.500979773900543,26.442265893515636,25.63278282220611,25.04200401112696,24.80897260351272,24.213435438929412,24.864702067973006,,,,,,,23.02565657132071,23.41288419625286,26.181970873640097,26.431548655276888,26.367667356772596,25.898422771405567,25.130129658633894,24.249170754311997,24.455733604880376,24.710781053587095,24.875373310348248,24.575032558013742,24.15170311388752,23.8546603498575,23.60507224316294,23.1089880649087,22.62689196529375,22.34978272672215,22.040995434768536,21.801527500017574,21.73647494917135,21.663372929765142,21.3895359137536,21.1554863517684,,23.60507224316294,22.040995434768536,,25.290714861983844,24.14269963815314,"rgba(239, 83, 80, 0.5)",2.0931676875409395,25.188853035916406,-0.5842687859151685,50.756030529348465,-3.4356101951998497,True,False,False,False,True,0.0,0.0,0.0,0.0,0.0,1,0.9099319506139569,0.9743012021237696,False,False,False,False,-0.20336059566013365,-0.22727087249612285,False,False,False,False,-334618,-304147.9054841576,False,False,False,False,9268.882618000634,False,False,False,False
2025-02-19 00:00:00+00:00,23.6956586672,24.068378426,22.9688551375,23.8913365406,21206,,,,,,23.57763074356667,23.60216648430742,23.364769265387707,25.95069337418461,26.319025248118706,26.390075456265713,26.444715346884504,26.39947391282967,25.608801995739206,25.026651337659136,24.79667660318403,24.207914589731175,24.855369813340197,,,,,,,23.13788572744838,23.43220643466232,26.104384789441845,26.381304756226204,26.330763063574466,25.870027203400138,25.11354519888699,24.243146735751854,24.448709608732035,24.702293276135904,24.866968764530473,24.568936300962367,24.148551956349294,23.853210776256724,23.604932696986594,23.111157936219872,22.63091873963712,22.35479210088193,22.047015579646825,21.808256730018478,21.74338496707416,21.670485644789153,21.397334321888724,21.163849920183285,,23.604932696986594,22.047015579646825,,25.11876647470759,24.13795041878749,"rgba(239, 83, 80, 0.5)",2.089609424923432,25.11509291336254,-0.6792820846003552,51.27015685875137,-2.9395668611718975,True,False,False,False,True,0.0,0.0,0.0,0.0,0.0,1,0.9015650684669625,0.9840065091893689,False,False,False,False,-0.2184164185178457,-0.22284364550698427,False,False,False,False,-355824,-306174.41899458284,False,False,False,False,9737.00486827512,False,False,False,False
2025-02-20 00:00:00+00:00,23.1831689988,23.5465707637,23.1831689988,23.4720268119,2723,,,,,,23.54652741027267,23.572031522968796,23.363778735396185,25.939268143962696,26.30974521563127,26.381324422744804,26.436973281900098,26.39354828515022,25.60535424887298,25.024335768023455,24.794765451447667,24.20690819372533,24.85392703632042,,,,,,,23.14212002025812,23.430308764681524,26.09371422063488,26.374364462949274,26.32563145141399,25.866002522788104,25.111066862107275,24.242066554390455,24.447535354068513,24.700949948319803,24.86567033108469,24.567944542480046,24.14795731250604,23.852842214122937,23.604736520258793,23.1112727003928,22.631284765479418,22.35528926548883,22.04764776020843,21.808984207940295,21.744136846753552,21.671264793199605,21.398206637288133,21.16479854317888,,23.604736520258793,22.04764776020843,,25.109883670493584,24.13636948907871,"rgba(239, 83, 80, 0.5)",2.0886835682165694,25.107991776965992,-0.921548293602707,50.02997727634589,-2.9395668611718975,True,False,False,False,True,0.0,0.0,0.0,0.0,0.0,1,0.8926293780958447,1.0558497531584117,False,False,False,False,-0.2327016385104911,-0.2277726420087377,False,False,False,False,-358547,-308228.2457006777,False,False,False,False,9461.945853832958,False,False,False,False
2025-02-21 00:00:00+00:00,23.0154451074,23.6956586672,23.0154451074,23.6956586672,2645,,,,,,23.516234978978627,23.542516994982016,23.361874177282147,25.928004827691954,26.30060035756055,26.372700801847117,26.429341046345954,26.387698773348713,25.601924981121577,25.022011463495964,24.792836548348838,24.20586563827932,24.852472077903663,,,,,,,23.144533429070233,23.427636063841355,26.083197789633676,26.36751708096476,26.32056132369411,25.862010691233085,25.108583463278084,24.24095034488608,24.446335188025913,24.699589642288444,24.864361058294048,24.56693539638432,24.147338032045564,23.85244419394946,23.60450685753782,23.111348213793743,22.631607144278306,22.355740112361424,22.048230898446317,21.80966084251581,21.74483744385049,21.671992149444073,21.399025611911203,21.165692457584953,,23.60450685753782,22.048230898446317,,25.101083282091263,24.13465438832613,"rgba(239, 83, 80, 0.5)",2.1023147906186304,25.100830038794207,-0.9919470389020842,48.701480049650314,-2.9395668611718975,False,False,False,False,False,0.0,0.0,0.0,0.0,0.0,1,0.8549739484016379,1.0594730661028118,False,False,False,False,-0.22326460336134063,-0.22551862268503917,False,False,False,False,-361192,-310305.2556732002,False,False,False,False,9194.614643878725,False,False,False,False
2025-02-24 00:00:00+00:00,22.4190934932,23.0806710651,22.4190934932,23.0806710651,6432,,,,,,23.345405683627035,23.3811634261526,23.335373797673,25.89494606782078,26.274251342329702,26.347928007151943,26.40745227414204,26.370856755960297,25.591508366947693,25.01447952970129,24.78635089363593,24.20176042114051,24.847625055253687,,,,,,,23.11656020535762,23.40132083550083,26.052589218717692,26.347803781425203,26.305901510149603,25.85013297030194,25.100631063781965,24.23661503271494,24.44197116305317,24.694928972736403,24.86000663825865,24.563374504643868,24.144835460077946,23.850524920839725,23.60302281313687,23.110687437601534,22.631617412923525,22.356090601815076,22.048932112344836,21.810612599759967,21.745853896318607,21.67308041109171,21.400364043725244,21.16723316849917,,23.60302281313687,22.048932112344836,,25.06146935550281,24.126407962757067,"rgba(239, 83, 80, 1.0)",2.1249869629756004,25.068151559211636,-1.246623208597094,46.12500679161688,0.41997115886668723,False,False,False,True,False,0.0,0.0,0.0,0.0,0.0,1,0.8532584536535489,1.060292962450492,False,False,False,False,-0.28454888868453015,-0.25503375568478465,False,False,False,False,-367624,-312553.0495683688,False,False,False,False,9086.276814707011,False,False,False,False
2025-02-25 00:00:00+00:00,22.801131246,22.801131246,22.17682565,22.4750014571,10371,,,,,,23.165520153553448,23.204864692556097,23.293908989038567,25.842276330210687,26.23202119563965,26.308176087640454,26.372256407471845,26.343681930773776,25.57460330004891,25.002198489988,24.775750090937137,24.194990204461938,24.839690279394382,,,,,,,23.073628094603357,23.36002202785036,26.003707284807476,26.316059429053293,26.28221101641158,25.83088931840716,25.087675184214593,24.229471475845855,24.434798060212852,24.68728898837142,24.85287475794432,24.557522146903306,24.1406933890581,23.847324456371965,23.600524265352476,23.109520897351292,22.631537835162117,22.356561349677943,22.049970356056498,21.812056643279423,21.747402795348385,21.67474565074477,21.4024351626348,21.169632254956298,,23.600524265352476,22.049970356056498,,25.011533703978067,24.11321684884677,"rgba(239, 83, 80, 1.0)",2.134830517169128,25.024695585175714,-1.0415648086782316,45.824785732218935,0.09017741001220969,False,True,False,True,False,0.0,0.0,0.0,0.0,0.0,1,0.8479490488534095,1.0620544988960734,False,False,False,False,-0.3121831356073295,-0.2836084456460571,False,False,False,False,-357253,-314305.98880098184,False,False,False,False,9136.65811609105,False,False,False,False
2025-02-26 00:00:00+00:00,23.9565624984,23.9565624984,22.6007943757,22.6007943757,3014,,,,,,23.187552586283108,23.223163134061405,23.29727512450495,25.83148969412812,26.222958579476767,26.299576956931904,26.364587323323466,26.337759334032825,25.571217274808262,24.99999441475283,24.773967167418583,24.194146907581885,24.838326191576588,,,,,,,23.08366091192497,23.36213801207133,25.993487342545116,26.309168700249423,26.277070019313882,25.826901918684175,25.085301789473448,24.228557081086414,24.433750512275793,24.68604102873412,24.851643218864258,24.556614083228943,24.140200374593736,23.84707117530215,23.600455379839424,23.109779493963977,22.632060792732855,22.35722386465196,22.050776604552297,21.812964007962403,21.748335989445785,21.675707779471132,21.40349555091046,21.170773521335814,,23.600455379839424,22.050776604552297,,25.010924206836975,24.112243315602534,"rgba(239, 83, 80, 0.5)",2.108656972388787,25.02349871363264,-0.5059790327224084,49.15451007286017,0.09017741001220969,True,False,False,False,True,0.0,0.0,0.0,0.0,0.0,1,0.8633903380470569,1.0511327641888764,False,False,False,False,-0.20064285328188897,-0.24212564946397303,False,False,False,False,-354239,-315871.98924015905,False,False,False,False,8896.553876244343,False,False,False,False
2025-02-27 00:00:00+00:00,22.2700055897,23.6769294993,21.6084280178,23.2204409747,17820,,,,,,23.001862747576766,23.03628112750483,23.230068428988663,25.743504428070832,26.15158246970253,26.23222840009847,26.304718900169938,26.29122588104208,25.541975417752653,24.978586935955754,24.755415948408135,24.182131338064067,24.824395990020715,,,,,,,23.015284511087838,23.294963886704533,25.911448778062613,26.255021411653406,26.236383761772498,25.793709184955226,25.062748436966157,24.215896432038488,24.421081719230052,24.672601488554168,24.83911013955227,24.546273853247477,24.13280215019212,23.84129050019783,23.595878906689954,23.107500156957855,22.63165989502552,22.3577720868036,22.05230415283177,21.815193023305874,21.75074646155486,21.678319463875265,21.406810828742643,21.17465678647676,,23.595878906689954,22.05230415283177,,24.94415215487349,24.089946223791465,"rgba(239, 83, 80, 1.0)",2.022507394100966,24.961751921328776,-1.3308956691479974,46.96720498716919,0.09017741001220969,False,False,False,False,True,0.0,0.0,0.0,0.0,0.0,1,0.8687463260563848,1.0191244338759546,False,False,False,False,-0.2845028922197,-0.2633142708418365,False,False,False,False,-372059,-318075.4014268195,False,False,False,False,9246.492939921034,False,False,False,False
2025-02-28 00:00:00+00:00,22.1395536741,22.2793235837,21.850695861,22.0556917284,4986,,,,,,22.936148090352145,22.970907463646395,23.203187550924756,25.71655560271459,26.129803222531713,26.211686431919695,26.28644151760987,26.27695212493893,25.53274801165936,24.971631111101537,24.749295804737095,24.17794202678223,24.81980936810335,,,,,,,22.984985485236564,23.268702148604003,25.886371024814817,26.23844081987391,26.223862865583442,25.783341077475136,25.05545775408307,24.211501513566443,24.41677521508633,24.668128672140238,24.834984276168427,24.54279190383287,24.13019784539405,23.83916094699535,23.59409872121709,23.106403795253,22.63112546922053,22.357517440729676,22.052338441223895,21.815435620408135,21.75104318455605,21.678675998778754,21.407378628260975,21.175394047056653,,23.59409872121709,22.052338441223895,,24.92177756361705,24.082081051845346,"rgba(239, 83, 80, 1.0)",2.0364503259770963,24.94079808240778,-1.3755525350041296,45.228508353967165,-0.0849183642111484,False,True,False,True,False,0.0,0.0,0.0,0.0,0.0,1,0.8685390464680267,1.0289340208778324,False,False,False,False,-0.34282825441539394,-0.3030712626286152,False,False,False,False,-377045,-320387.93470419914,False,False,False,False,9079.414785414328,False,False,False,False
2025-03-03 00:00:00+00:00,20.7791265544,22.0650097224,20.7791265544,22.0650097224,9309,,,,,,22.73120046841402,22.769498822137155,23.119059814427434,25.65530853532562,26.081016359146084,26.165782190476897,26.24565365288106,26.245000608439938,25.511271273774785,24.954785766442424,24.73417904119267,24.16687990820764,24.80853333960311,,,,,,,22.882605828950535,23.188127939689807,25.829743948680424,26.201327472391537,26.195742098923397,25.75955188901314,25.03792065895391,24.199953138996193,24.405745383803794,24.656976187324787,24.824849575350637,24.533989036276942,24.12325879997477,23.833200909824964,23.588843867151077,23.102592421689007,22.62850899459198,22.355480726462833,22.050901132493586,21.814435173918028,21.750157086653324,21.677915515915874,21.407069288835093,21.175442644589516,,23.588843867151077,22.050901132493586,,24.86062844465145,24.060687759223065,"rgba(255, 0, 0, 1.0)",2.0703954819753703,24.88373047082323,-1.9825216738335496,41.498043097039336,-3.5467586525757113,False,True,False,True,False,0.0,0.0,0.0,0.0,0.0,0,0.8468733726931386,1.0275845958452232,False,False,False,False,-0.34282825441539394,-0.3229497585220046,False,False,False,False,-386354,-322974.83922560315,False,False,False,False,9088.418127162788,False,False,False,False
2025-03-04 00:00:00+00:00,20.602084669,21.0353713886,20.1874339373,20.9654864338,7438,,,,,,22.547474338724435,22.588738430311743,23.037237442678133,25.601118008945793,26.038014486060483,26.1253431179146,26.209709337594372,26.216755133233466,25.491894748798103,24.93929810062764,24.72015549591759,24.156321602944743,24.798082605980863,,,,,,,22.782530036589712,23.109980525268924,25.779732327076143,26.168551865745155,26.170825677934456,25.738241143793267,25.021847643842555,24.1889536290262,24.395344977451813,24.646577029681545,24.815457143344798,24.525727175452513,24.116602939027324,23.827375241989305,23.583608908893947,23.09859811158868,22.625546134736116,22.35301128202906,22.048942209276973,21.812850655191877,21.748670975000785,21.676537155197497,21.406081507803524,21.174762924957825,,23.583608908893947,22.048942209276973,,24.805395603825534,24.040515232897018,"rgba(255, 0, 0, 1.0)",2.116437913321558,24.831636154651378,-1.9984292754487085,38.71871880673039,-6.045571864145117,False,True,False,True,False,0.0,0.0,0.0,0.0,0.0,0,0.8190642436690261,1.0534741017707288,False,False,False,False,-0.34282825441539394,-0.33288900646869923,False,False,False,False,-393792,-325751.9827853834,False,False,False,False,9023.695847666208,False,False,False,False
2025-03-05 00:00:00+00:00,20.3691348197,21.1145743374,20.3691348197,21.1145743374,4482,,,,,,22.45182009011426,22.49416196536807,22.99063765444783,25.56908198283806,26.01247102555586,26.101298882972753,26.188306100649573,26.19989925780078,25.48031472613116,24.93003866520339,24.711770149883723,24.150006192251293,24.791824211398502,,,,,,,22.726609575063428,23.06530239396797,25.750109653592173,26.1490195088261,26.155943490114204,25.725507782882783,25.01223887131249,24.182375163824588,24.38912070096592,24.640350845107704,24.80983010625782,24.520777303804643,24.11261501852516,23.82388508692736,23.580473141747987,23.096206368643866,22.623773190730358,22.351534537730057,22.047771983572062,21.81190523281929,21.74778464007012,21.67571552463158,21.4054944063909,21.17436084920137,,23.580473141747987,22.047771983572062,,24.774740838816555,24.028767497820798,"rgba(255, 26, 202, 1.0)",2.172394028792595,24.80234565664002,-2.040702919536183,36.46842576975382,-8.058977491391303,False,True,False,True,False,0.0,0.0,0.0,0.0,0.0,0,0.866687040645695,1.0540761102294827,False,False,False,False,-0.32860677059778237,-0.3307478885332408,False,False,False,False,-398274,-328595.9834604664,False,False,False,False,8845.590128149886,False,False,False,False
2025-03-06 00:00:00+00:00,20.6952646087,21.3615011776,19.8845991332,19.8845991332,34496,,,,,,21.95347009779192,21.996026562815874,22.688104775027202,25.337040261572632,25.82468189172751,25.92399746701065,26.02974529412799,26.074154670036982,25.393526542536772,24.86055785629028,24.648818209882872,24.102543220355333,24.74461215821986,,,,,,,22.381756052381206,22.772119522594625,25.53426165775797,26.00394453130755,26.044613671540816,25.630138354084227,24.940151625003114,24.132955803698575,24.34226247877421,24.593413890127465,24.767322280540906,24.483380740106846,24.082479898481605,23.797519684826085,23.55679678408389,23.07816868011775,22.610430859287806,22.340444241489383,22.03901341853045,21.80485702976564,21.741186015799453,21.6696093754987,21.401172976334294,21.17144854901299,,23.55679678408389,22.03901341853045,,24.58286761595353,23.946801560225005,"rgba(255, 0, 0, 1.0)",2.2051213558025475,24.613630403377204,-1.776938844824314,36.15797641069386,-8.331067500962803,False,True,False,True,False,0.0,0.0,0.0,0.0,0.0,0,0.8723957942892822,1.007670380238584,False,False,False,False,-0.3415531143225656,-0.33615050142790315,False,False,False,False,-363778,-329975.6703835853,False,False,False,False,9851.48855449695,False,False,False,False
2025-03-07 00:00:00+00:00,21.1238923313,21.1238923313,20.1174558026,20.3691348197,16903,,,,,,21.814616215411863,21.855068460207292,22.575087452002215,25.234336821695663,25.73976554336254,25.84347730283798,25.95727118811894,26.016146723633806,25.353360664778112,24.828443087144795,24.61974248032871,24.080684749983657,24.722653016232364,,,,,,,22.262012373145517,22.660880041406838,25.437895814563113,25.937417480936336,25.993074166173344,25.585991419619457,24.90682530593597,24.110202542308826,24.320589454539352,24.571624439373522,24.747512289134775,24.465984045060647,24.06850371175119,23.785332047680946,23.545890976962752,23.06993494894302,22.60442444720395,22.335511580845527,22.035193201760805,21.801852159769012,21.738395339953403,21.66705355983639,21.399466819588447,21.170414626131038,,23.545890976962752,22.035193201760805,,24.510819515825993,23.912332622355745,"rgba(255, 0, 0, 1.0)",2.2065603349987133,24.540614991679753,-1.5484383572868616,37.46590179943888,-8.331067500962803,False,True,False,True,False,0.0,0.0,0.0,0.0,0.0,0,0.8680408043231739,1.088095989899042,False,False,False,False,-0.3418131559634578,-0.3389818286956805,False,False,False,False,-346875,-330638.3891920722,False,False,False,False,10128.01841510491,False,False,False,False
2025-03-10 00:00:00+00:00,19.9777790729,20.900260476,19.9777790729,20.900260476,6348,,,,,,21.749096373526328,21.789144086655817,22.525044958710076,25.19272337000738,25.705443861882966,25.810940661956433,25.927968936200813,25.99262390779672,25.336813866444157,24.815026891480088,24.60751659940276,24.071306800470893,24.71342235794223,,,,,,,22.207752556049044,22.611882058142694,25.398900581630098,25.9104704672673,25.97213236779425,25.567902039016808,24.892935021195903,24.100454994772807,24.311368460210755,24.56242588690331,24.739184398457645,24.458604795283904,24.062485037341347,23.78001622586947,23.541074132690994,23.066179454208037,22.60155678805762,22.333067360181115,22.03318797695636,21.800170265189077,21.73679865935087,21.665550083802394,21.398302937714114,21.169518239156233,,23.541074132690994,22.03318797695636,,24.47977482095974,23.897587543360927,"rgba(255, 26, 202, 1.0)",2.2099176579902284,24.509304020020167,-2.050540177701139,36.04318268831551,-8.509466567687483,False,True,False,True,False,0.0,0.0,0.0,0.0,0.0,0,0.8227724559097185,1.090423945112575,False,False,False,False,-0.34282825441539394,-0.34090504155553725,False,False,False,False,-353223,-331524.0602041478,False,False,False,False,9979.782398826286,False,False,False,False
2025-03-11 00:00:00+00:00,20.5275407172,21.533884066,19.8482589567,21.533884066,7168,,,,,,21.697759947279753,21.736962754367067,22.4795644010888,25.14987177723822,25.669682613128174,25.776962778620064,25.89728075640045,25.967914236028438,25.319549367470913,24.80114007995351,24.59490938131039,24.06175039394904,24.703868602734413,,,,,,20.636561246633335,22.160517707933476,22.566924400481152,25.358548214253837,25.882230812258157,25.950118741411263,25.54897229550242,24.878538661319993,24.090515836419733,24.30191095393492,24.552935651540533,24.730556786748753,24.451002337160006,24.0563417995545,23.77463452954569,23.536237164730153,23.062485147833648,22.59881701186376,22.330786659703872,22.031383195403176,21.798714945856318,21.73543525457311,21.66428739631389,21.39740549868444,21.168909488261104,,23.536237164730153,22.031383195403176,,24.450555160736094,23.825000957711616,"rgba(255, 0, 0, 1.0)",2.2232012998864015,24.308226300454955,-1.700559271644963,36.94495076611465,-8.509466567687483,False,True,False,True,False,0.0,0.0,0.0,0.0,0.0,0,0.8412194820621665,1.045616100828657,False,False,False,False,-0.3136832195465146,-0.32729413055102596,False,False,False,False,-346055,-332093.90098045574,False,False,False,False,9869.516422401726,False,False,False,False
2025-03-12 00:00:00+00:00,21.2077542771,21.2077542771,20.8536705062,20.8909424821,4946,,,,,,21.6789977634782,21.717356136990933,22.456846133037367,25.123692589116576,25.647495089035253,25.755820700095754,25.878118540248057,25.952434780805334,25.308856066952128,24.79264854098791,24.587247406596404,24.05605563271692,24.6980340459285,,,,,,20.821583090648332,22.13875676799974,22.54408453558885,25.333735111823536,25.864588978173106,25.936321142868437,25.537192209772357,24.869716809584695,24.084586341695395,24.296216813873315,24.54716861486433,24.72528138179734,24.44639528605436,24.05267573611723,23.771466532576646,23.533429117562136,23.060417533358383,22.59736654657251,22.329636497338626,22.030544303498058,21.798103621145135,21.734883609042356,21.66380131387222,21.397155580132782,21.168847129984442,,23.533429117562136,22.030544303498058,,24.434892571229952,23.826058167588368,"rgba(239, 83, 80, 1.0)",2.237234865377213,24.30150393677492,-1.3828452736692411,39.620512000630356,-8.509466567687483,False,True,False,True,True,0.0,0.0,0.0,0.0,0.0,0,0.8475599816283123,1.0718816224293262,False,False,False,False,-0.26142249257767813,-0.29435831156435205,False,False,False,False,-341109,-332447.4342753398,False,False,False,False,9676.437347013423,False,False,False,False
2025-03-13 00:00:00+00:00,20.3598168257,21.4313861324,20.1174558026,21.4313861324,3418,,,,,,21.657225576877032,21.695187425253582,22.43650985351221,25.103785694438894,25.630774090271817,25.73991205237389,25.863719501247566,25.940802460981118,25.300706933274576,24.786087100178904,24.58128800709527,24.05153320392047,24.693507609598758,,,,,,20.78079166289841,22.117947386628085,22.523914596816667,25.314941156768846,25.851322305285798,25.92594387195333,25.528261311877632,24.862915764708834,24.07988392708883,24.291738704921407,24.54267315021311,24.721191014387802,24.442789743363146,24.049760580178955,23.768912120032333,23.531132911966512,23.058662977661,22.596064784165858,22.328552645167715,22.029686420777747,21.797411702985784,21.73423534810729,21.663200895126057,21.39672868343593,21.1685574178469,,23.531132911966512,22.029686420777747,,24.421618423771086,23.8173543518431,"rgba(255, 0, 0, 1.0)",2.272180562876792,24.286096033976563,-1.727978520908359,39.57115692990075,-8.509466567687483,False,True,False,True,True,0.0,0.0,0.0,0.0,0.0,0,0.8567377688339409,1.0493225711845542,False,False,False,False,-0.28761015715107896,-0.2909842343577155,False,False,False,False,-344527,-332921.1427351304,False,False,False,False,9431.00843144427,False,False,False,False
2025-03-14 00:00:00+00:00,20.8443525122,20.9747112479,20.1315259735,20.8350345182,9590,,,,,,21.601497436419955,21.63833806414013,22.382228208613952,25.049035423791903,25.584579266720137,25.69592071231961,25.823845632254265,25.90852066559993,25.27806170572076,24.767849188555783,24.564721991026186,24.038959760810094,24.68090489055824,,,,,,20.730938670881276,22.06304684503836,22.46993707283258,25.26315943741554,25.814555262173446,25.897120137403476,25.503447576353437,24.84401269679446,24.066811685245575,24.27928044313014,24.53016000133832,24.709797216623308,24.432746895075944,24.04164130552789,23.761799166725172,23.524740770112224,23.05378201827868,22.59244757611649,22.3255440925321,22.027309142708894,21.795498071444204,21.73244367849385,21.661542895925038,21.395555444039562,21.167767540749306,,23.524740770112224,22.027309142708894,,24.385727918963916,23.796613900615366,"rgba(239, 83, 80, 1.0)",2.2960269624803353,24.247381383965035,-1.4821380268500135,40.97833188238751,-8.509466567687483,False,True,False,True,True,0.0,0.0,0.0,0.0,0.0,0,0.8668324380001023,1.028901249248827,False,False,False,False,-0.3238324779271957,-0.3074083561424556,False,False,False,False,-334937,-333000.1959612037,False,False,False,False,9437.243394917044,False,False,False,False
2025-03-17 00:00:00+00:00,20.9282144579,21.7876312069,20.4465633129,21.7876312069,2451,,,,,,21.593863794221075,21.63032674853673,22.371993197390456,25.036522919349387,25.57386528982678,25.68568954824068,25.8145404343194,25.900962186954395,25.2728114934341,24.76366847977647,24.56094503686296,24.036142430045533,24.678018029912803,,,,,,20.759668132762496,22.053493188944344,22.459589232288632,25.251251837784988,25.80597012381922,25.890367118170424,25.497670636688635,24.83967137718612,24.063879781385356,24.27646292723468,24.527306412745357,24.70718416456855,24.430461876876574,24.03981882734696,23.760221771932365,23.523340555969945,23.05274683446572,22.591717071941186,22.324961876509356,22.026880707738776,21.795182147005107,21.73215727327398,21.66128891822945,21.395418363349226,21.167723304266698,,23.523340555969945,22.026880707738776,,24.378411506836212,23.794133222817983,"rgba(239, 83, 80, 1.0)",2.317763163345934,24.241337527897134,-1.4294484968922763,42.16763475635784,-12.768990617604032,False,True,False,True,True,0.0,0.0,0.0,0.0,0.0,0,0.8742965177586188,1.0127484236973512,False,False,False,False,-0.23290325446126126,-0.27015580530185845,False,False,False,False,-332486,-332980.03141370555,False,False,False,False,9163.273065704612,False,False,False,False
2025-03-18 00:00:00+00:00,21.1076531198,21.3532007624,20.2010156704,21.3532007624,2960,,,,,,21.582160444180623,21.6182217069438,22.358302517592854,25.020887302812714,25.560518541400015,25.672950692981615,25.802958936140627,25.89155220691204,25.26623826303078,24.758405567296624,24.556178038361118,24.032557132952757,24.674377540784423,,,,,,20.772040329585224,22.040307545561454,22.445832518971155,25.236392789281464,25.79528070068846,25.881956268764803,25.490452754512706,24.834211239515106,24.060150743277887,24.272891009539414,24.523701207123306,24.703889530627517,24.427570281036225,24.037498007919652,23.758201945214704,23.521537553792278,23.05139385579855,22.590740157892665,22.324167242031855,22.02627514177432,21.79471515189346,21.731726677295978,21.660898270161592,21.39517209994393,21.167591521984487,,23.521537553792278,22.02627514177432,,24.368869914722307,23.789724541145436,"rgba(239, 83, 80, 1.0)",2.335403987967739,24.232249955390557,-1.3379256230137608,43.525941822520736,-11.296404108222916,False,True,False,True,True,0.0,0.0,0.0,0.0,0.0,0,0.8870734425162995,1.012422829242148,False,False,False,False,-0.28717497030083056,-0.27866538780134453,False,False,False,False,-329526,-332844.57920140337,False,False,False,False,8920.007455284824,False,False,False,False
2025-03-19 00:00:00+00:00,21.3437566223,21.3805887687,20.6096636124,20.6096636124,2230,,,,,,21.57635763122653,21.612075871314435,22.34969958474182,25.00981963767059,25.550993159084413,25.663845315703806,25.794665625360416,25.88480258007966,25.26155184098377,24.75467896433521,24.55281366109538,24.030053457805394,24.671801474789408,,,,,,20.79513437136667,22.03246135634315,22.437093622015617,25.225838221355396,25.787624380596018,25.875921773954424,25.48529381185834,24.83034058366395,24.057545115723705,24.270382724712427,24.521156889322537,24.70155666311849,24.425532597539263,24.035876000142423,23.756800733204166,23.52029622961759,23.050481078632078,22.590101614683384,22.32366241781163,22.02590900455995,21.794450433325686,21.731488558947078,21.660689383872406,21.395068502737526,21.16757161299548,,23.52029622961759,22.02590900455995,,24.362550677245448,23.787450459511057,"rgba(239, 83, 80, 1.0)",2.353280869853576,24.226927855423664,-1.22517089653776,45.19120650650463,-9.556596703148806,False,False,False,True,True,0.0,0.0,0.0,0.0,0.0,0,0.8926863021803857,1.0100803674818941,False,False,False,False,-0.252203040175932,-0.26543421398863826,False,False,False,False,-327296,-332626.9878601719,False,False,False,False,8657.654221744244,False,False,False,False
2025-03-20 00:00:00+00:00,21.0604324193,21.0604324193,20.9187703178,20.937658598,1920,,,,,,21.57044456218937,21.605888792113674,22.34180769235149,25.00010202055277,25.542644007205446,25.655866432107384,25.78739953597186,25.87888734822582,25.25743015678236,24.751390254764058,24.54983979660189,24.0278289080129,24.66952545538903,,,,,,20.80720681340087,22.025102900319645,22.42911058977758,25.216578366013497,25.780914513865145,25.870631622409746,25.480762331976646,24.826926684319613,24.055230796849152,24.26815933023359,24.51890635135992,24.699495691455283,24.42372830024222,24.03443410501497,23.755550792309894,23.519184997684793,23.04965614484918,22.589515827416786,22.323192954813702,22.025560203153848,21.794189963035983,21.73125127269991,21.660477561247777,21.394948541387283,21.1675245927215,,23.519184997684793,22.025560203153848,,24.356850381712928,23.784992465873305,"rgba(239, 83, 80, 1.0)",2.3670321322133403,24.2217082608899,-1.3355441181247878,45.444187985931514,-9.141047812648921,False,False,False,True,True,0.0,0.0,0.0,0.0,0.0,0,0.8891674110205586,1.0233340084364595,False,False,False,False,-0.2530815148733966,-0.2592578644310174,False,False,False,False,-329216,-332493.22363036126,False,False,False,False,8393.432487558195,False,False,False,False
2025-03-21 00:00:00+00:00,20.9282144579,21.2918138517,20.4466577543,20.456007453,9115,,,,,,21.538083835689672,21.572366552939737,22.30218865853321,24.953187359164453,25.502346318284367,25.617353639515173,25.75231321817381,25.850287746485844,25.23740153936255,24.73533938995218,24.535295706881126,24.016879023863652,24.658392739235595,,,,,,20.824207385420916,21.987451273490308,22.38917845088085,25.171883915200343,25.748491783118755,25.845034644946203,25.458779133119073,24.81027690674702,24.043844596897205,24.257243710269076,24.50788395039892,24.68941387498148,24.41487727131726,24.027326687381038,23.749364035241726,23.51366191090103,23.04551043676757,22.586521935156533,22.320757739279422,22.02370463502672,21.792759314513884,21.729932253253207,21.659281065344036,21.39419493388073,21.16712224159281,,23.51366191090103,22.02370463502672,,24.328571979083183,23.770770713827073,"rgba(239, 83, 80, 1.0)",2.379836509018128,24.193765602740136,-1.3721745726925731,45.20717298284454,-9.141047812648921,False,False,False,True,True,0.0,0.0,0.0,0.0,0.0,0,0.8881546174495123,0.9948345446638862,False,False,False,False,-0.27231802877290023,-0.2657879466019588,False,False,False,False,-338331,-332722.1560370138,False,False,False,False,8421.729252751991,False,False,False,False
2025-03-24 00:00:00+00:00,20.9754351584,21.0177449061,20.644890255,21.0177449061,2190,,,,,,21.53065385610095,21.564668279987558,22.29292741240013,24.942048503173915,25.492748225035314,25.608174488624655,25.743941636172963,25.843451972734016,25.232606235106182,24.731493298288935,24.531809401384585,24.014251553582444,24.655720974199344,,,,,,20.82683366095286,21.97869848917961,22.379831771114468,25.16125907618286,25.740750558238453,25.838912013362965,25.453517743351753,24.806287852061224,24.04111286741309,24.254624189072054,24.505238684324166,24.686993468365706,24.41275155908524,24.0256186431823,23.747876617804874,23.512333560153394,23.04451234935748,22.585800149764218,22.32016998843903,22.023255972629574,21.792412635296362,21.729612369260607,21.658990591438908,21.394010792302005,21.167022436200924,,23.512333560153394,22.023255972629574,,24.32188429513777,23.767318960701765,"rgba(239, 83, 80, 1.0)",2.386307424357393,24.187086367043328,-1.345866494761542,45.238872519879614,-8.85411983524574,False,False,False,True,True,0.0,0.0,0.0,0.0,0.0,1,0.9054217758335894,0.986337533913688,False,False,False,False,-0.27841835835507384,-0.27210315247851635,False,False,False,False,-336141,-332856.22834928776,False,False,False,False,8177.347713428384,False,False,False,False
2025-03-25 00:00:00+00:00,20.4465633129,21.5038347969,20.4465633129,21.5038347969,5342,,,,,,21.511062353253358,21.544468325199862,22.26957844918105,24.914599168567346,25.46909725579408,25.585554536212868,25.723305854303874,25.826587589112272,25.220738207744006,24.72194868399873,24.523146675874017,24.007697028654466,24.649081275777398,,,,,,20.823935626467723,21.95639788116065,22.356315328807604,25.13507920099928,25.721660000738105,25.82379941312862,25.440509758712473,24.796392898224568,24.034300307179354,24.2480997384416,24.498659651798185,24.68097797681044,24.407459383439583,24.021353798146823,23.744153391307865,23.50900023374097,23.041991370651896,22.583959277057517,22.31865845456503,22.022086249632224,21.791493755356196,21.728759434099242,21.658210006314576,21.39349211601371,21.166711338140246,,23.50900023374097,22.022086249632224,,24.30514349259026,23.75823949705053,"rgba(255, 0, 0, 1.0)",2.4031020782913637,24.16992387573299,-1.5493975875882673,43.559877772907384,-8.85411983524574,False,False,False,True,True,0.0,0.0,0.0,0.0,0.0,1,0.9105386862148115,0.9660863722879662,False,False,False,False,-0.25537335870905126,-0.26373825559378383,False,False,False,False,-341483,-333194.53311990394,False,False,False,False,8066.157607019428,False,False,False,False
2025-03-26 00:00:00+00:00,20.5126722936,20.6954164045,20.3143453515,20.4465633129,2348,,,,,,21.49938831635179,21.532581540855485,22.25755619172097,24.901802503955594,25.45813285706447,25.57507802870764,25.713756363357557,25.81878298601648,25.21519928751199,24.71745747611935,24.519054761323055,24.004563562624035,24.645949700302843,,,,,,20.810093037918858,21.944458385255714,22.344305274916174,25.122904427891054,25.71282146627424,25.81680182215219,25.434457616863444,24.791743118449663,24.03104600881494,24.244998082866697,24.49554804918905,24.678141733130747,24.404950666296386,24.019313553419934,23.74235818912388,23.507380386990768,23.040741325257855,22.58301940170786,22.317867770918408,22.02145045272264,21.790971946437818,21.72826764801301,21.65775110928486,21.393152779460465,21.166466499551838,,23.507380386990768,22.02145045272264,,24.296869505839318,23.753220038508026,"rgba(255, 0, 0, 1.0)",2.41142763903537,24.160871073576036,-1.5128792259490744,42.74441257384108,-8.85411983524574,False,True,False,True,False,0.0,0.0,0.0,0.0,0.0,1,0.9117387416163331,0.9764452286097457,False,False,False,False,-0.3318350968655126,-0.2977866762296482,False,False,False,False,-339135,-333427.49260539794,False,False,False,False,7841.9161322343525,False,False,False,False
2025-03-27 00:00:00+00:00,20.5976695545,20.5976695545,20.2104598105,20.2104598105,5049,,,,,,21.47423388412491,21.506986481545855,22.231689722755263,24.874294222235687,25.434535153486053,25.55252402495885,25.693187217161107,25.801955481184105,25.20323470679328,24.70774330978796,24.51019893244848,23.997769811246048,24.639168649792353,,,,,,20.780733456007066,21.91876237811881,22.318465203780043,25.09672157153062,25.69377553260199,25.80170710642404,25.42139131979176,24.781688152465087,24.023991471429618,24.23827666031965,24.488808380994097,24.67199914954683,24.399513283025772,24.014885866314216,23.7384583159371,23.5038580142563,23.038016284441298,22.580963424789957,22.316133405122443,22.020050016721317,21.789817369651406,21.727177845078025,21.656732252234395,21.392391977461486,21.165909603851315,,23.5038580142563,22.020050016721317,,24.279040122886144,23.7424099496809,"rgba(255, 0, 0, 1.0)",2.297225981334949,24.141390966431533,-1.542608973050282,42.61503748526832,-8.85411983524574,False,True,False,True,False,0.0,0.0,0.0,0.0,0.0,1,0.910786949570969,1.0057439675469977,False,False,False,False,-0.34282825441539394,-0.3203074653225211,False,False,False,False,-334086,-333453.31642479415,False,False,False,False,7732.390009401633,False,False,False,False
2025-03-28 00:00:00+00:00,20.3804543322,20.5410047139,19.8988031872,20.5410047139,5611,,,,,,21.442528407576358,21.474867531625726,22.200721116707548,24.842785082646195,25.407550826594463,25.526738810708864,25.669670066536508,25.78269883497309,25.189463707720364,24.696505194973025,24.499929603324546,23.98983455806427,24.63130712280374,,,,,,20.736490059808236,21.887531155371303,22.287628483586463,25.066755153731123,25.671986671960052,25.784421584514487,25.40638199632581,24.77006552185627,24.015755823491236,24.230449801035107,24.480982596984795,24.664877841698065,24.393189108841195,24.009708171871893,23.7338771911148,23.49970203785753,23.034765159945696,22.578472603185453,22.314006585876605,22.018301240983426,21.788347443239434,21.72578147263819,21.655416368120147,21.391369634492808,21.16511882686699,,23.49970203785753,22.018301240983426,,24.258046220327284,23.729267439501978,"rgba(255, 0, 0, 1.0)",2.1876988980499577,24.11802378170158,-1.7084478365981384,41.73805226807416,-8.85411983524574,False,True,False,True,False,0.0,0.0,0.0,0.0,0.0,1,0.8713176851619823,1.0252727503527086,False,False,False,False,-0.34282825441539394,-0.33156785986895754,False,False,False,False,-339697,-333698.1667610768,False,False,False,False,7649.198244327059,False,False,False,False
2025-03-31 00:00:00+00:00,19.5682582838,19.7571410857,19.3281882425,19.7382528055,4349,,,,,,21.404598843788566,21.436813402583073,22.16863807374551,24.814844703185845,25.383914050841693,25.504201814024903,25.649161362014496,25.76592077828985,25.17728249654376,24.686417904009048,24.49064989274326,23.98251655262514,24.624226607138457,,,,,,20.66144173292576,21.85365654867494,22.256016407378006,25.040322372636652,25.65297534400781,25.769351949855416,25.393180152696466,24.75965785446661,24.00817022786387,24.223301186511154,24.473899174593093,24.658468910078355,24.387443678759098,24.004931028854767,23.729595421634414,23.495768703381724,23.031592818571934,22.575941959829127,22.311778801067593,22.016388160132472,21.786667861454816,21.724163720958565,21.65386606025371,21.39006743288181,21.164011221620243,,23.495768703381724,22.016388160132472,,24.23762972934874,23.715194121695962,"rgba(255, 26, 202, 1.0)",2.1193931256976173,24.09386079561377,-2.135329428476904,38.658035860448365,-7.8857497069933515,False,True,False,True,False,0.0,0.0,0.0,0.0,0.0,1,0.8462550949834691,1.0368158785089794,False,False,False,False,-0.34282825441539394,-0.33719805714217577,False,False,False,False,-344046,-334103.96414299536,False,False,False,False,7519.778705333842,False,False,False,False
2025-04-01 00:00:00+00:00,20.0499094288,20.0499094288,19.3227106412,19.3227106412,2296,,,,,,21.38786685210719,21.419973358845663,22.15363977400113,24.8009251165028,25.372057096296952,25.492881460150517,25.638842177804854,25.757463222116566,25.171164797920405,24.681373394989212,24.48601830132763,23.97888573247108,24.62068495580186,,,,,,20.6338206455896,21.838113126045954,22.24117376089945,25.027116304326107,25.643405718806257,25.76175220774381,25.38653912949704,24.754449553778713,24.004405603157934,24.219742529352878,24.470362059942087,24.65526135036648,24.384576412188952,24.00255802903702,23.72747689757936,23.493830034718474,23.030043518988762,22.574720712705165,22.310713185112743,22.0154842564818,21.785883716066557,21.72341124784756,21.653148173758538,21.38947641696723,21.163519920672616,,23.493830034718474,22.0154842564818,,24.227828941564294,23.708777251815928,"rgba(255, 0, 0, 1.0)",2.0546726382192575,24.082649080095393,-1.962716384246245,39.05365814723315,-7.8857497069933515,False,True,False,True,False,0.0,0.0,0.0,0.0,0.0,1,0.8457531596345658,1.0331391647343504,False,False,False,False,-0.322950045524379,-0.3300740513332774,False,False,False,False,-341750,-334403.80868640734,False,False,False,False,7314.924638458005,False,False,False,False
2025-04-02 00:00:00+00:00,20.0499094288,20.0499094288,19.455023044,19.6627941262,3053,,,,,,21.366759785977457,21.398710891993847,22.134358545844062,24.782698039375152,25.35649308221859,25.478014477671227,25.625280409222345,25.74633738259813,25.163118341881155,24.674742379945215,24.4799317514583,23.974118529707372,24.616026746532008,,,,,,20.601565026848398,21.818248134457495,22.222066595180905,25.00980655271354,25.630825177916265,25.751751391851066,25.37780257235078,24.74760259437927,23.999462701767992,24.215066655380774,24.465711450682203,24.651041553910403,24.380806037379752,23.99943992501581,23.72469508512964,23.491286138536594,23.02801387770514,22.573124338918454,22.309322576055543,22.014307463035568,21.78486522003523,21.722434608169642,21.652217251859895,21.3887131148765,21.16288841700272,,23.491286138536594,22.014307463035568,,24.21512233572499,23.700597292460778,"rgba(255, 0, 0, 1.0)",2.021715511108115,24.068278791782557,-1.9876037656653602,39.31740633842301,-7.8857497069933515,False,True,False,True,False,0.0,0.0,0.0,0.0,0.0,1,0.8418225896544135,1.0328445237350516,False,False,False,False,-0.3126736440514658,-0.3213738476923716,False,False,False,False,-341750,-334691.8946202737,False,False,False,False,7147.790338910632,False,False,False,False
2025-04-03 00:00:00+00:00,19.1904926798,19.6413559281,18.8032829358,18.8977243368,5651,,,,,,21.313313883086458,21.345174165635836,22.089739713126015,24.744979699011704,25.324592969139463,25.447595630916624,25.597581392228566,25.72363047510511,25.146502067589132,24.660894461860707,24.46715603382975,23.96395842580725,24.606273706741362,,,,,,20.50300355698626,21.770878793017836,22.178161587176117,24.974133362161815,25.605120189500465,25.731331255919937,25.35983993620221,24.733329591010314,23.988937844462246,24.20517275215465,24.45593760296672,24.642211592811343,24.372860059529202,23.992792271250497,23.718707589412386,23.485760635888855,23.023508459882986,22.56948083357569,22.306083656304573,22.011489137125402,21.78235978220242,21.720012163763055,21.649885222258863,21.38671492109411,21.161151489191862,,23.485760635888855,22.011489137125402,,24.18703020185215,23.681437035366976,"rgba(255, 26, 202, 1.0)",2.0160268219229156,24.03529483039833,-2.4031436972536344,36.9660760170215,-9.664827765563793,False,True,False,True,False,0.0,0.0,0.0,0.0,0.0,1,0.836645187711704,1.0411708728315758,False,False,False,False,-0.34282825441539394,-0.33210105105388277,False,False,False,False,-347401,-335190.2909096748,False,False,False,False,7089.092678561196,False,False,False,False
2025-04-04 00:00:00+00:00,19.0299422982,19.0299422982,18.5671794334,18.5671794334,5029,,,,,,21.260675843006908,21.29252320272316,22.04665827571036,24.709827417303938,25.294936039468812,25.419326859259936,25.571845070049058,25.70251928607872,25.13095972604222,24.647873371594706,24.455114904541496,23.954316266519303,24.597084931079916,,,,,,20.40640114556305,21.724800198017736,22.135846885386893,24.940923996476055,25.581223810760964,25.712334579586575,25.343073331183042,24.719920123331132,23.978954200069747,24.195810416784706,24.44671471377671,24.633892868354398,24.365350149444183,23.986477129775277,23.712996204191494,23.48046965180195,23.019155221823635,22.565921181385608,22.302894544341537,22.00868533783607,21.779843299807414,21.717572008257246,21.647528119311087,21.38466549742175,21.159342351602344,,23.48046965180195,22.00868533783607,,24.160281630259888,23.663092284494535,"rgba(255, 26, 202, 1.0)",2.0311601242085007,24.003786913307724,-2.4487703139829624,34.99384091858597,-11.54001032036279,False,True,False,True,False,0.0,0.0,0.0,0.0,0.0,0,0.8372372799812319,1.040978701405227,False,False,False,False,-0.34282825441539394,-0.3374646527346383,False,False,False,False,-352430,-335866.35793282476,False,False,False,False,7008.304730382326,False,False,False,False
2025-04-07 00:00:00+00:00,20.5787812743,20.5787812743,16.8955666359,17.4622150418,23785,,,,,,21.083717461136743,21.11468254509783,21.885956046038395,24.562214386199265,25.168407640392264,25.298334968636794,25.461200830252952,25.611242097903496,25.063990653349887,24.592081954778866,24.40365384324844,23.913426239704147,24.55760005457888,,,,,19.3510430615,20.175051277548565,21.55862706808359,21.97672995587102,24.80057095006755,25.478317379686732,25.630045615824095,25.270678356164918,24.662413632547054,23.936608771580858,24.15588954586168,24.407191278720102,24.59809316743715,24.333159421752597,23.95957769255459,23.688801954546793,23.45817560407069,23.001037391880764,22.551334848206125,22.28997235168868,21.99749395456396,21.76993870857841,21.70800858966172,21.63833665608668,21.37684563666066,21.152597595579586,,23.45817560407069,21.99749395456396,,24.055116055486,23.464165966279673,"rgba(255, 0, 0, 1.0)",1.986049070909924,23.65744798621642,-1.5501463468402155,40.23766783069757,-13.63658219608137,False,True,False,True,True,0.0,0.0,0.0,0.0,0.0,1,0.8198861711589237,0.9937668275522236,False,False,False,False,-0.34282825441539394,-0.34014645357501616,False,False,False,False,-328645,-335583.1674256552,False,False,False,False,7666.214348798706,False,False,False,False
2025-04-08 00:00:00+00:00,19.4738168828,20.8621054773,18.9355008972,20.8621054773,4463,,,,,,21.0610454140378,21.091743582822694,21.862405853768838,24.53750606691491,25.14687940452837,25.27768137184708,25.442227514568636,25.595498572437148,25.052478142603846,24.582545021691736,24.39487995733744,23.906510216415715,24.550829993152917,,,,,19.41520390411902,20.15854041403521,21.535270362821144,21.953185608598066,24.77692113736956,25.4606404433391,25.615824944798767,25.25820724864767,24.65257469275384,23.929445338271695,24.149098932955525,24.40043351482626,24.59194545179416,24.327653772802666,23.955006757464098,23.68471425302249,23.454430134163488,22.998033723743156,22.548958050117673,22.2878935402093,21.99572513154676,21.768399716403884,21.70653042212009,21.636924922744207,21.375677819139018,21.151621635340074,,23.454430134163488,21.99572513154676,,24.038633162471317,23.457699111292648,"rgba(255, 26, 202, 1.0)",1.9330385947346984,23.64356298295204,-2.1570940753639323,40.63987146281428,-13.443681133763647,False,True,False,True,True,0.0,0.0,0.0,0.0,0.0,1,0.8843809723067143,0.9768495564874918,False,False,False,False,-0.19523047895928466,-0.2676884662671504,False,False,False,False,-333108,-335486.1020364138,False,False,False,False,7540.5980998262075,False,False,False,False
2025-04-09 00:00:00+00:00,20.7487757961,20.7676640763,17.4716591819,19.1432719794,13111,,,,,,20.994194567882225,21.024160982754115,21.79316846991702,24.464962642076344,25.083523984122106,25.216865059139984,25.386298485299296,25.548994315865507,25.018346738811374,24.55420053266984,24.36877442224569,23.885866008352075,24.530661847384106,,,,,19.493661245449115,20.106976124513576,21.46656452841748,21.883966844169453,24.70742697189469,25.408487338317972,25.573777197485608,25.221271503870494,24.62334446359364,23.90806942391738,24.128844430863655,24.380292804405208,24.57362419859171,24.311223500867264,23.941335196443696,23.672467209769476,23.443190806577764,22.98898570470902,22.541763626409843,22.281579122843866,21.990326418797085,21.763680527915916,21.70199117189472,21.632582141358803,21.372057215157383,21.148568786498455,,23.443190806577764,21.990326418797085,,23.990001388963055,23.432842612155547,"rgba(239, 83, 80, 1.0)",1.926412383486125,23.596948320924774,-1.4784853696126012,44.58650036338531,-9.857854965140106,False,False,False,True,True,0.0,0.0,0.0,0.0,0.0,1,0.8610622056207347,0.9900480136921497,False,False,False,False,-0.292920059764335,-0.28030426301574274,False,False,False,False,-319997,-334878.6862702799,False,False,False,False,7759.045233166356,False,False,False,False
2025-04-10 00:00:00+00:00,18.7088415348,20.3993426124,18.5671794334,20.3993426124,4353,,,,,,20.96655368935508,20.996349968032277,21.76660915409055,24.439201137764687,25.061139782193123,25.195395709362124,25.366566609720053,25.532579337814592,25.006192035077373,24.54402651958461,24.359370670919212,23.878350652316016,24.523403944080165,,,,,19.468089079584804,20.07754444945487,21.439588529952623,21.857554530430804,24.682804593409326,25.390075840018643,25.558924165638416,25.20815911023362,24.612865884147187,23.900293027820798,24.121505175976235,24.373026935406347,24.567032092407754,24.305282935665,23.936353071085186,23.667975594567157,23.439043727939183,22.985598745080203,22.53902108596079,22.279140208815928,21.98820357798423,21.761793023588876,21.70016612035317,21.630825163442772,21.37055166059671,21.147260294618707,,23.439043727939183,21.98820357798423,,23.971979939254602,23.420493939179742,"rgba(255, 26, 202, 1.0)",1.9615372024388997,23.576479539839198,-2.4815425366324755,42.86044712002024,-9.857854965140106,False,False,False,True,True,0.0,0.0,0.0,0.0,0.0,1,0.8908014455006281,1.0007445309992016,False,False,False,False,-0.2467609827880527,-0.2635326229018977,True,False,False,False,-324350,-334465.79661262187,False,False,False,False,7625.474831865716,False,False,False,False
2025-04-11 00:00:00+00:00,18.9449450373,19.1149395591,18.1421931289,18.4614050643,5920,,,,,,20.920101707030202,20.94976689898413,21.7245467833868,24.40130796751943,25.028432068328723,25.164061979103543,25.337803875728795,25.508664012193716,24.988346190854624,24.52898044609966,24.34541877686922,23.86709412808554,24.512653181927362,,,,,19.383923175238337,20.0192111423081,21.396018323540986,21.8159190163002,24.64668997814416,25.363231132788385,25.537277903492804,25.188962061924705,24.597387298664863,23.888652056242098,24.110561541276997,24.36223876024076,24.557271187699463,24.29644726340213,23.92888981469367,23.66120801646403,23.432761082719654,22.980402046366084,22.53474689995655,22.27529720948589,21.98480958320932,21.758734462133006,21.697196768526428,21.627952877594886,21.36803960952133,21.14502969509039,,23.432761082719654,21.98480958320932,,23.944398308931675,23.39885479554749,"rgba(255, 26, 202, 1.0)",1.8471013380595787,23.542302536925067,-2.4889579174116654,42.33053299533864,-9.857854965140106,False,False,False,True,True,0.0,0.0,0.0,0.0,0.0,1,0.8381841444635407,1.0446524784029054,False,False,False,False,-0.34282825441539394,-0.30318043865864586,False,False,False,False,-318430,-333836.9418434995,False,False,False,False,7558.593465910198,False,False,False,False
2025-04-14 00:00:00+00:00,18.8599477764,19.2660458006,18.8599477764,19.2660458006,1592,,,,,,20.909391734492356,20.9390041867011,21.714404725035227,24.3916693694849,25.02005669037259,25.15602782957033,25.330415904122965,25.502508347825323,24.983764187964987,24.525129397427644,24.341852803278183,23.864229095858196,24.509899323696388,,,,,19.372299356094558,20.007394087112484,21.385666535298697,21.805844409142985,24.637478648821823,25.356332069938702,25.53170288918566,25.18402720510759,24.593423583846697,23.885688754419405,24.10776882488363,24.359479012928617,24.554769395351972,24.294187352498582,23.926987219617214,23.65948759582906,23.431168214287073,22.979092579579756,22.53367803410501,22.27434132263545,21.983971345060414,21.75798397173302,21.69646959012002,21.627251089244446,21.367431818752593,21.14449547946002,,23.431168214287073,21.983971345060414,,23.93756566121771,23.39404085453425,"rgba(255, 26, 202, 1.0)",1.8186193947588487,23.53441969804124,-2.5703409603531053,41.8118272337536,-9.857854965140106,False,True,False,True,False,0.0,0.0,0.0,0.0,0.0,1,0.8680006836317654,1.023191861634494,False,False,False,False,-0.280381312187168,-0.2917808754229069,False,False,False,False,-320022,-333295.17941826425,False,False,False,False,7324.609408423523,False,False,False,False
2025-04-15 00:00:00+00:00,23.430911584,23.5961840357,19.4171520422,19.4171520422,31096,,,,,,21.03082060228102,21.056424823839375,21.743752991358157,24.316164417520234,24.944236458085452,25.08140626931972,25.259620990753866,25.441707984754036,24.942039802076394,24.493250635095514,24.313659183540516,23.84473974478021,24.487095588724284,,,,,20.39596816919977,20.401196878028607,21.44489233723849,21.828164022892324,24.560669572496607,25.289846454547437,25.476302688711584,25.137503261579553,24.560089114528328,23.86537563908373,24.087091166168797,24.33748869086247,24.53380870144353,24.276464500586457,23.913687589397266,23.648680090794397,23.422234554654395,22.973792947040383,22.531416887738022,22.27362667381897,21.984865261876394,21.76004240251614,21.698831292716477,21.629948940865713,21.37131830589118,21.149343328540215,,23.422234554654395,21.984865261876394,,23.919609191702214,23.447914997040556,#000000,1.774421127009376,23.58588583289235,-0.08733791912946068,49.67209903023653,-5.632090428691981,True,False,False,False,True,1.9210278824715665,0.0,0.0,0.0,0.0,1,0.8895366815614081,0.9370899736945861,False,False,False,False,0.045948344061092654,-0.12291626568090713,False,False,False,False,-288926,-331555.2115979402,False,False,False,False,8256.82080417162,False,False,False,False
2025-04-16 00:00:00+00:00,23.3742467434,24.3564373136,22.1512306007,22.4770534341,12749,,,,,,21.118264796588146,21.14210434725636,21.785602882066836,24.302252540555017,24.926565730854183,25.063409222070074,25.241854938651507,25.425865432070026,24.932157293093756,24.48669259321512,24.308314572140176,23.842187242938092,24.482391221586894,,,,,20.776590665924207,20.604073816861217,21.501965253324034,21.866336218733117,24.544846024758773,25.27303171495836,25.461750900079924,25.125993009902487,24.553052248711204,23.86265003003569,24.083674910298054,24.333251586533635,24.529397322942913,24.27314925434381,23.91179384196112,23.64764323951639,23.42186945722618,22.97462791412856,22.53324581504641,22.27598901733444,21.987782262851656,21.763353715710064,21.7022440007448,21.633475330793537,21.37523470975236,21.15358227948974,,23.42186945722618,21.987782262851656,,23.927512524083554,23.47774661213103,#000000,1.7126150719553384,23.622036210090727,-0.1446848569467617,54.78942351206873,-1.1464826870386347,True,False,True,False,True,1.7993944379650344,0.0,0.0,0.0,0.0,0,0.9356826778764266,0.9128233743376986,False,False,False,False,0.2813107012960671,0.07919721780757999,False,False,False,False,-301675,-330383.4385940994,False,False,False,False,8432.984694204106,False,False,False,False
2025-04-17 00:00:00+00:00,24.4603228547,24.4603228547,22.8877790869,23.4592440043,25848,,,,,,21.322973203930097,21.343391652650677,21.897200981145655,24.29242159819456,24.90552090542742,25.04085786707683,25.21835875796641,25.403914455217784,24.920193718816027,24.48065569466459,24.304401175605243,23.843061830567283,24.478059110132424,,,,,21.44100708116467,21.018879209196214,21.645321417018483,21.970138118321614,24.529810253405053,25.250580082785262,25.441401202497676,25.111119457273883,24.54617821020077,23.863353958752562,24.082397658875603,24.330009156559232,24.5251483810008,24.270859357448273,23.91194376097197,23.649342941426564,23.42482034060265,22.97968491674047,22.540034645714464,22.283745432795936,21.99654468099123,21.7728218953376,21.71189194119102,21.643326571985465,21.385767446423483,21.164688460249963,,23.42482034060265,21.99654468099123,,23.957770073184232,23.540788779137607,#000000,1.7053884587257513,23.704216252127946,0.443363269349793,59.439239181866,2.8420424462376417,True,False,True,False,True,3.9953092151193665,0.0,0.0,0.0,0.0,0,0.9488165880362038,0.9232209231130618,False,False,False,False,0.3417101855169279,0.21045370166225394,False,False,False,False,-275827,-328243.9704139387,False,False,False,False,9115.926470901984,False,False,False,False
2025-04-21 00:00:00+00:00,23.5820178256,24.2525517726,23.5160032863,24.2525517726,6977,,,,,,21.37029423319892,21.389936891433923,21.92325810056008,24.28875960180692,24.89912247152846,25.034104831292872,25.211423084542513,25.39749518641728,24.916520346547706,24.47859843441395,24.30292698040532,23.842912609826342,24.47657551437966,,,,,21.56683077278835,21.108758193225334,21.67877984132336,21.99435779414217,24.524867371128547,25.24395980264094,25.43545351905144,25.106655022135193,24.54389127048105,23.863148096910592,24.081700869366102,24.328807380357617,24.523717426948924,24.26996718296489,23.91173067778747,23.649555987367144,23.425375049159975,22.98082446482971,22.54165677928174,22.2856344447849,21.99871133420713,21.77518415809819,21.714304177348673,21.645795192881017,21.388426410581328,21.16750686082012,,23.425375049159975,21.99871133420713,,23.96399448356569,23.553283597333774,#000000,1.6919020807123886,23.720799687453216,-0.08202712404891613,60.56115980546564,3.5944956101651897,True,False,True,False,True,2.087033286834785,0.0,0.0,0.0,0.0,0,0.9413798027647577,0.9262373827049322,False,False,False,False,0.3428282403229605,0.2766409709926072,False,False,False,False,-282804,-326462.01078986266,False,False,False,False,9032.047001454848,False,False,False,False
2025-04-22 00:00:00+00:00,24.2053310721,24.4603228547,21.7216166676,24.4603228547,9785,,,,,,21.42524120981406,21.443935202656068,21.952510025327292,24.280503488932805,24.887723113150578,25.02235460970454,25.199646091896202,25.38680343423093,24.90995961495422,24.47441009908107,24.299603974655803,23.841579859637424,24.47354638659318,,,,,21.69962364174981,21.211392455729808,21.717082505175174,22.021351091847265,24.515089201578636,25.232755712111764,25.42557613973688,25.09893688453865,24.539362187413214,23.861704048411095,24.079682623858023,24.326143525589004,24.52085327532348,24.26789910636053,23.91068753372639,23.649140214326383,23.425455226261022,22.981780070076248,22.543338261773055,22.28770950997725,22.00119606728235,21.777959613333856,21.71715428773177,21.648729169934857,21.391646980177626,21.17096544593351,,23.425455226261022,22.00119606728235,,23.969062854664166,23.565778160778184,#000000,1.6890944309432416,23.737193034214236,0.2771532658623135,62.0918690532215,4.934589579038565,True,False,True,False,True,3.3406014068469148,0.0,0.0,0.0,0.0,0,0.9270179620467115,0.9283985507984616,False,False,False,False,0.23458887301496903,0.2556149220037881,False,False,False,False,-273019,-324366.2064451622,False,False,False,False,9061.574570025246,False,False,False,False
2025-04-23 00:00:00+00:00,24.9986388403,25.5275106858,24.4414345745,24.4603228547,17295,,,,,,21.58334437840463,21.60001365267127,22.051201506902167,24.292801452417493,24.889126477879657,25.021922142309318,25.197170848150424,25.382957987575043,24.910586498033428,24.478133209142793,24.30438937698657,23.848641116136847,24.476254339825637,,,,,22.062060296583702,21.48172672615106,21.83673722934064,22.114767151480653,24.522678094487127,25.230078094602685,25.42174870215635,25.098033870475668,24.54266743831905,23.86883998685256,24.084891721578817,24.32972740341428,24.52307666702702,24.271149322492292,23.91509516472496,23.65438209636609,23.43141385085156,22.98879574156852,22.551207521403136,22.296103027216464,22.01013453467017,21.78726915908115,21.72655626687355,21.658237831143964,21.401493902071138,21.18110918282917,,23.43141385085156,22.01013453467017,,24.00281099895656,23.611259005354633,"rgba(38, 166, 154, 0.5)",1.7088271288999215,23.801107256703485,0.7007915331771685,64.05564501501524,6.801159141297298,True,False,True,False,True,4.905676897827789,0.0,0.0,0.0,0.0,0,0.9694592675650575,0.8968370408132855,False,False,False,False,0.34282824276233337,0.29922158238306074,False,False,False,False,-255724,-321674.3552120186,False,False,False,False,9384.453998651707,False,False,False,False
2025-04-24 00:00:00+00:00,25.451957565,25.6738948574,24.583096676,24.583096676,10931,,,,,,21.682973207174175,21.69845444954296,22.11530976637024,24.30303737447055,24.892134997096647,25.023674921769544,25.197459697280518,25.38206706319421,24.91220718700517,24.481583161620588,24.308458938537726,23.854016721222504,24.478768754018287,,,,,22.268711635711465,21.644189147543766,21.913533987959486,22.175655620465744,24.52982551447826,25.23012114103748,25.42072643173157,25.098749312878102,24.54587385855028,23.87428831835261,24.089044699583415,24.332813963863675,24.52521033627121,24.273890301229027,23.918499064206113,23.658283493500036,23.43575025772825,22.993749295876754,22.556656585267078,22.301865482501608,22.016222756815154,21.79357727736916,21.732918790053155,21.664663538534235,21.408116491968734,21.187906847556313,,23.43575025772825,22.016222756815154,,24.025395864561776,23.639371922436798,"rgba(38, 166, 154, 0.5)",1.7325387860520367,23.841237370720922,0.9296878126171433,65.88315161221921,8.610382574438226,True,False,True,False,True,5.787101251145842,0.0,0.0,0.0,0.0,0,0.9685054462668437,0.8922337171929877,False,False,False,False,0.34282824302053777,0.3210249127017992,False,False,False,False,-244793,-318659.4001056649,False,False,False,False,9445.102861449679,False,False,False,False
2025-04-25 00:00:00+00:00,25.0269712606,25.0269712606,24.0910569769,24.677538077,9239,,,,,,21.751291840048196,21.765932853187802,22.158795768388643,24.30678052092616,24.89084708453196,25.021556608496695,25.19446939470533,25.378659108352522,24.911381324553325,24.482477432011223,24.309953917433134,23.85682654819428,24.47942743822941,,,,,22.396298551734457,21.752534140746846,21.966021279065895,22.21684164516021,24.53137989050304,25.22713423242783,25.417453303931826,25.097078509513665,24.546532065726474,23.877109920163505,24.090947137295732,24.333910583780195,24.525689001767738,24.274946567720676,23.9202297084362,23.66048161091813,23.438342738893457,22.996949768604832,22.560352324387356,22.305856250508565,22.020520511052382,21.798086371559833,21.73748096085567,21.669286552083005,21.412936337193916,21.192896999822107,,23.438342738893457,22.020520511052382,,24.039107679927593,23.65680446156433,"rgba(38, 166, 154, 0.5)",1.7558526550853024,23.86617097357226,0.6611034722451392,65.99592265676245,8.90308075238633,True,False,True,False,True,4.82682485129137,0.0,0.0,0.0,0.0,0,0.9601457199274321,0.895785554503112,False,False,False,False,0.2792114174447978,0.3001181650732985,False,False,False,False,-254032,-316124.99225838395,False,False,False,False,9437.020396294789,False,False,False,False
2025-04-28 00:00:00+00:00,24.6680939369,25.0364154007,24.5169876953,24.5169876953,4378,,,,,,21.782870994545252,21.797132527930923,22.17909857956008,24.308639917548373,24.89033086250488,25.02064559517656,25.19313998575075,25.377117924139363,24.911042892454198,24.48294501216318,24.310702852461375,23.858190992962342,24.47977192865425,,,,,22.452836655162795,21.801668036741493,21.990436584954637,22.23608959241489,24.53220839682223,25.225800787478295,25.415968793711233,25.09634435138042,24.54688911704318,23.878480852228908,24.091881266300494,24.334462657676315,24.525945418600003,24.27547422744958,23.92107339653941,23.661545132079823,23.439592011936657,22.9984846420244,22.562119847325427,22.307762680279165,22.022571499548725,21.8002368335804,21.73965639583607,21.67149062678105,21.41523296916099,21.195273793635224,,23.439592011936657,22.022571499548725,,24.045510005065506,23.66475322240747,#000000,1.774974571137011,23.877595472997204,0.44535762751599306,65.13462624246998,8.90308075238633,True,False,True,False,True,4.017500652340701,0.0,0.0,0.0,0.0,0,0.9668824343254337,0.9050110953038796,False,False,False,False,0.3032444984223527,0.30168133174782563,False,False,False,False,-258410,-313861.6592286434,False,False,False,False,9238.627439577347,False,False,False,False
2025-04-29 00:00:00+00:00,25.2630747631,25.6125079467,24.8239222485,25.1685389207,9720,,,,,,21.861943002952827,21.875327186287777,22.23150711637083,24.317356790470207,24.892924560103758,25.022164082188493,25.193398553657456,25.37635020302417,24.91245310477035,24.48595134648623,24.314251738834326,23.862888467325554,24.48197263028056,,,,,22.594148834374003,21.922534917744272,22.05257772327106,22.285995294553743,24.53832038297138,25.225845337714354,25.415083102478327,25.096966945822963,24.549682451635796,23.88323979693586,24.095513668847214,24.337163771722572,24.527814763273824,24.277878098567236,23.924062841858163,23.664973645593424,23.443404254741317,23.002843742961144,22.56691906665187,22.312839687720977,22.02793746134396,21.805798177026137,21.74526613888589,21.677156542974146,21.421074400294835,21.201271104707438,,23.443404254741317,22.02793746134396,,24.063729906365577,23.685890416471974,"rgba(38, 166, 154, 0.5)",1.8099125384050792,23.908239133785617,0.7485641436067866,65.4362623419182,8.932304287553166,True,False,True,False,True,5.214434504375955,0.0,0.0,0.0,0.0,0,0.9586795052705926,0.9040253701126543,False,False,False,False,0.34282824317568095,0.3222547874617533,False,False,False,False,-248690,-311305.90788634366,False,False,False,False,9257.50479488804,False,False,False,False
2025-04-30 00:00:00+00:00,25.6880610675,25.7258376279,24.4985716221,24.7058704973,4149,,,,,25.304156772499997,21.895289750243972,21.90831428462893,22.25385023239113,24.321312299923605,24.89424827715769,25.02302151124619,25.193703107727643,25.376186227017932,24.913183711218313,24.487348499656466,24.315874669916305,23.86498720432499,24.482996495361483,,,,,22.651694079217854,21.972624166050746,22.078959355149387,22.307296086161582,24.541160190693045,25.226046947133383,25.414854163582934,25.097368594125424,24.55099100026535,23.885367282776684,24.09715344557299,24.338402765520037,24.528689693871453,24.278976501745447,23.925403719088774,23.66649860352708,23.44509093450833,23.00475831747611,22.569016777183307,22.315054004354586,22.03027308153729,21.80821561791709,21.747703809255416,21.679617734900052,21.423608717236203,21.203870623379153,,23.44509093450833,22.03027308153729,,24.159605217379617,23.69477033140023,"rgba(38, 166, 154, 0.5)",1.8539722239346514,23.970580462804584,0.9263788219277846,66.2419739223088,10.086737186901658,True,False,True,False,True,6.061711179289027,0.0,0.0,0.0,0.0,0,0.95083091004253,0.9047077104378325,False,False,False,False,0.3309590809639818,0.3266069342128676,False,False,False,False,-244541,-308687.6762045263,False,True,False,False,9057.171273519882,False,True,False,False
2025-05-01 00:00:00+00:00,25.451957565,25.5652872462,24.875865019,25.5652872462,3323,,,,,25.30128672881255,21.92148562967142,21.93423058628581,22.271474834090995,24.324436881937697,24.895285738312193,25.023688810661195,25.193931643402465,25.376043713677028,24.91375727658108,24.48845525141339,24.317162205501514,23.86665619538905,24.483808257763606,,,,,22.695942036399252,22.01160817580553,22.099740413509156,22.3241043389576,24.543400384625357,25.226194392979636,25.414660833191082,25.09767915503302,24.552026816572376,23.88705890126727,24.098456558594897,24.339386192092345,24.529383198887004,24.27984900887601,23.9264707533935,23.667713116834776,23.446434937700374,23.00628513744209,22.57069059084953,22.3168212989883,22.032137633882368,21.81014580684,21.749650232788227,21.681583029535812,21.425632735795535,21.20594697161402,,23.446434937700374,22.032137633882368,,24.165121696678572,23.701695312099957,"rgba(38, 166, 154, 0.5)",1.8904654614698075,23.98047168209594,0.7783722648706868,66.06420346249982,10.30729890292399,True,False,True,False,True,5.507598687430985,0.0,0.0,0.0,0.0,0,0.9600676267320942,0.9048772174903182,False,False,False,False,0.3428282431797066,0.3347175886962871,False,False,False,False,-247864,-306302.43400042725,False,False,False,False,8832.30181181322,False,False,False,False
2025-05-02 00:00:00+00:00,25.2819630433,25.3858485844,25.1119685215,25.1119685215,2017,,,,,25.292495165419556,21.937014515958797,21.949594390480993,22.281941148471795,24.326250475792538,24.895853989623184,25.024036647942015,25.194019551351328,25.375915871798448,24.91407041454551,24.489094265702747,24.317912025107873,23.86764065501716,24.484277361178002,,,,,22.7217056558679,22.034561153053073,22.112076314569773,22.334086358733167,24.54468590745165,25.226236471233737,25.414505993826513,25.097831678238116,24.552622357131167,23.88805626381417,24.099221273353,24.339958639479356,24.529782867076975,24.280358247830936,23.927099794131614,23.66843235790944,23.44723314500651,23.00719563567777,22.571691503756764,22.3178794118151,22.03325526520688,21.81130367586137,21.750818067637187,21.68276243539405,21.426848270990103,21.20719462388004,,23.44723314500651,22.03325526520688,,24.16786546274214,23.705761051497838,"rgba(38, 166, 154, 0.5)",1.9184774921815606,23.9859299163596,0.6755529487430375,65.41076800740086,10.30729890292399,True,False,True,False,True,5.105298866515891,0.0,0.0,0.0,0.0,0,0.9616679918594249,0.9003678398279061,False,False,False,False,0.3428282432277908,0.33877291596203896,False,False,False,False,-249881,-304089.82874550857,False,False,False,False,8565.035074095056,False,False,False,False
2025-05-05 00:00:00+00:00,25.2630747631,25.2630747631,25.10242994,25.2630747631,2887,,,,,25.273140723791155,21.95865848058113,21.97100866549255,22.296543618534674,24.328694665131884,24.89655210090727,25.024426745512354,25.194049060475415,25.375654077614072,24.914452463368267,24.48994738571773,24.318925883821173,23.86899640595179,24.484904253749146,,,,,22.75697925026762,22.06635110818881,22.129286424410093,22.348012328069835,24.5463888195139,25.226206689250898,25.41421282011315,25.09798176682053,24.55341241650717,23.88942894992302,24.100266632678295,24.340731944155387,24.530314729826042,24.281048763411174,23.927965121395474,23.669428135834313,23.448342691932254,23.00846845465283,22.57309601287147,22.319366678686297,22.034828656339805,21.812935420028783,21.752464288818512,21.68442544089702,21.42856390795565,21.208956903017164,,23.448342691932254,22.034828656339805,,24.171139609332048,23.71136448692543,"rgba(38, 166, 154, 0.5)",1.9334629777238341,23.993097980513426,0.6568404966727901,64.9115515822654,10.30729890292399,True,False,True,False,True,5.059940266358151,0.0,0.0,0.0,0.0,0,0.9636479452336157,0.9037158109422265,False,False,False,False,0.3354448490224053,0.33710888249222215,False,False,False,False,-252768,-302077.2080103906,False,False,False,False,8342.367031973683,False,False,False,False
2025-05-06 00:00:00+00:00,25.0175271205,25.7258376279,24.5169876953,25.7258376279,8067,,,,25.086784147899998,25.19960266686634,22.015419761623793,22.02716864586743,22.334897783348953,24.334511396578613,24.897727823051586,25.024791047671833,25.19348171177789,25.374389641667577,24.915072889365256,24.491915739595328,24.3213579139402,23.872424690623344,24.486354471879636,,,,,22.845764644174608,22.148556746264763,22.17450097177517,22.384580600014715,24.550229023738463,25.22551578415556,25.41290946017243,25.09793987994105,24.555198887388034,23.89289427035883,24.10285515698859,24.342581228973682,24.531528712600455,24.282718453738095,23.93014589540188,23.67198256660714,23.45122009236258,23.01181934399112,22.57683030205464,22.323338227097224,22.039047193435056,21.81732215890619,21.75689292041619,21.688902479141444,21.43319422863648,21.213722105181212,,23.45122009236258,22.039047193435056,,24.238393355450516,23.725655512389952,"rgba(38, 166, 154, 0.5)",1.9394854870024183,24.039952175667203,0.5040382881872922,63.709081067540446,10.30729890292399,True,False,True,False,True,4.463068540918197,0.0,0.0,0.0,0.0,0,0.9641512121888285,0.8869686411780142,False,False,False,False,0.3286303805623468,0.33286963152728444,False,False,False,False,-260835,-300459.866519787,False,False,False,False,8331.56832483746,False,False,False,False
2025-05-07 00:00:00+00:00,24.4697669948,24.771979478,24.4697669948,24.771979478,1729,,,,24.99566047192079,25.15054481240192,22.025318286827478,22.036956171654,22.341464852884386,24.334898856821614,24.897294937284244,25.0242229237304,25.192776279335614,25.373636174739357,24.914807215855962,24.491971251234908,24.321526931188053,23.87284564140607,24.48639790653883,,,,,22.859737838023413,22.162602792108977,22.182326315624227,22.390818314515176,24.550259858141015,25.22482083008393,25.41219136641032,25.09751735098716,24.555209867016305,23.893314332912926,24.1031180061116,24.342702254088685,24.53154692830264,24.282846216208238,23.930404077477316,23.67232951036325,23.451641235107523,23.012357787133134,22.577464895254945,22.324029213914734,22.03979692979842,21.818112612501064,21.75769364978672,21.68971494510048,21.434045099841576,21.214605967519617,,23.451641235107523,22.03979692979842,,24.230688180921575,23.727861949489274,#000000,1.934585030666895,24.036153275818315,0.22413784460650435,61.04690053737944,10.30729890292399,True,False,True,False,False,3.1370448102763504,0.0,0.0,0.0,0.0,0,0.9632802240978539,0.893841048916326,False,False,False,False,0.27405011430435733,0.3034598729158209,False,False,False,False,-262564,-298973.7541072463,False,False,False,False,8072.6440768046195,False,False,False,False
2025-05-08 00:00:00+00:00,25.3008513235,25.3008513235,24.9325298596,24.9325298596,1194,,,,25.015479028258678,25.151951729786962,22.03373039797717,22.045281677541396,22.347207412131173,24.335853771705008,24.897551215645542,25.02435568092278,25.19276479424768,25.373509679089555,24.914947320588357,24.492305763920925,24.32192801491181,23.873388944825074,24.48664436386484,,,,,22.872636227454503,22.174631486112297,22.189067755153147,22.396300101620895,24.550918503591614,25.22478660707482,25.4120536324229,25.0975618936955,24.55551827615134,23.89386410229906,24.103535085867588,24.343008463525695,24.531755525945417,24.283120591527457,23.930751367415507,23.6727309093166,23.452089707721143,23.012874309872526,22.578036414386535,22.324635130716675,22.040438656716127,21.81877865107187,21.75836572898659,21.690394019836468,21.434746190139837,21.215326523217815,,23.452089707721143,22.040438656716127,,24.233793319694467,23.72999380459356,"rgba(38, 166, 154, 0.5)",1.9416877427015338,24.040305359558566,0.6492011749466969,61.21900647682742,10.30729890292399,True,False,True,False,False,4.946892275608921,0.0,0.0,0.0,0.0,0,0.9559669036931665,0.9009227511739263,False,False,False,False,0.3281070139163508,0.31578344341608583,False,False,False,False,-261370,-297499.0970834327,False,False,False,False,7802.893328694635,False,False,False,False
2025-05-09 00:00:00+00:00,24.6680939369,25.3102954636,24.6680939369,25.3102954636,1105,,,,25.00329909465387,25.139769202218048,22.04074667507694,22.05222329639662,22.351947872547914,24.336425757317517,24.897538226679163,25.024242221146473,25.19254035245129,25.373215720434487,24.914931181230063,24.49248159140041,24.32217068742173,23.873777397884325,24.486774745495914,,,,,22.882930113302546,22.18458997959036,22.194664722124372,22.400816475102463,24.551239796303125,25.224554610259073,25.411765280180862,25.09745172977034,24.5556678871747,23.894255331220762,24.10381457051847,24.343191298536368,24.531860123045618,24.283290455304748,23.93099638934875,23.673029210910556,23.452433421273966,23.013286811094087,22.578504937176792,22.32513752462442,22.04097632685806,21.819340531816014,21.758933675149375,21.690968939107936,21.4353435150294,21.21594335681588,,23.452433421273966,22.04097632685806,,24.233472268156984,23.73167403334312,#000000,1.9514252718990275,24.041528009698013,0.32108117908724504,59.29220997628768,13.591382769404774,True,False,True,False,False,3.4126668321992746,0.0,0.0,0.0,0.0,1,0.9717977427323954,0.8978928451518845,False,False,False,False,0.3140404910742939,0.3149119672451899,False,False,False,False,-262475,-296125.60308016086,False,False,False,False,7540.230845216413,False,False,False,False
2025-05-12 00:00:00+00:00,24.4414345745,25.4991782655,24.4414345745,25.4991782655,4259,,,,24.94879637169033,25.08851393874915,22.066640212439694,22.077839992993137,22.369423571900025,24.33826492339503,24.897202564509055,25.023536349328396,25.191433500081743,25.371883211529415,24.914702200597258,24.493004843435997,24.322957139345018,23.875141186535355,24.487164619876364,,,,,22.919931704233345,22.221065143002473,22.215320744046593,22.41745851869583,24.552144039424626,25.223433913630203,25.41047232534075,25.096854764267928,24.556087918001328,23.8956260665796,24.104768134227676,24.343779780587113,24.532161391654974,24.2838480298793,23.931852189619757,23.67409386341336,23.453675072186915,23.014800104931115,22.580239954236763,22.327005368869383,22.04298253258418,21.82144199089264,21.761059053098922,21.693121760314128,21.437585022093252,21.218261763935754,,23.453675072186915,22.04298253258418,,24.231100308427063,23.737730951341454,#000000,1.95578425091056,24.045050295392816,0.20267280448885863,57.310606961160275,11.588948667312245,True,False,True,False,False,2.8664709146988265,0.0,0.0,0.0,0.0,1,0.9642185916338301,0.8723215579230506,False,False,False,False,0.31196688005202333,0.3134394236486066,False,False,False,False,-266734,-294972.9911946644,False,False,False,False,7411.555125796162,False,False,False,False
2025-05-13 00:00:00+00:00,24.3469931735,24.7058704973,23.9597834295,24.7058704973,1749,,,,24.889741430818017,25.045420739516974,22.075376974780863,22.08647693717912,22.37519040486712,24.338263743735748,24.89645836136276,25.022673723459867,25.190460706158195,25.370906931146983,24.914253710496002,24.492894141789066,24.322967120237827,23.87542243480065,24.48708669462765,,,,,22.931114283730867,22.233145049555414,22.222223794772066,22.422926074377383,24.551816308470197,25.222487956987642,25.409550924314072,25.09624180678077,24.555929878185825,23.89590236845311,24.104900129131398,24.343776442364767,24.53206959173876,24.283872094856523,23.93201733211126,23.674352524954653,23.454010879108395,23.01526156431848,22.580804917933072,22.32762982473557,22.04366899363109,21.82217172842078,21.761799768674248,21.693874959270108,21.438379584931926,21.219091543184486,,23.454010879108395,22.04366899363109,,24.225572936998454,23.73950168734401,#000000,1.9663361076485342,24.042532987034797,0.15483628932049429,55.68732353691897,9.967630003972161,True,False,True,False,False,2.636543318790899,0.0,0.0,0.0,0.0,1,0.9751237271213097,0.8820830143343351,False,False,False,False,0.243366814745892,0.2784031191972493,False,False,False,False,-268483,-293934.1680105599,False,False,False,False,7189.494140470823,False,False,False,False
2025-05-14 00:00:00+00:00,24.4792111349,24.5264318354,24.2336634924,24.2336634924,2805,,,,24.825795899403246,24.99213226362103,22.08971257621143,22.100651936220906,22.384722249353572,24.338461000414853,24.895429735577434,25.02144685168532,25.18904297660392,25.36945923698938,24.91362992824077,24.49280311824219,24.323065888690977,23.87594640663241,24.48702494664438,,,,,22.949628736296535,22.25291849455519,22.233593536825417,22.431973546171506,24.551477386851538,25.22110423298025,25.408180420289373,25.095358514722264,24.555764419350385,23.896420456283913,24.10518015206441,24.34383595915752,24.53197965966484,24.283964905469055,23.932331193929944,23.6748141497697,23.454594912607238,23.016043217051624,22.581749169046528,22.32866811660395,22.044805297392134,21.823376305002448,21.76302163907404,21.695116520935272,21.439686160011036,21.220453619259583,,23.454594912607238,22.044805297392134,,24.219955000968792,23.74247905898456,#000000,1.9807266866728457,24.041024197118215,0.22122534155271936,55.009466196630086,9.228727790803944,True,False,True,False,False,2.9405154146556285,0.0,0.0,0.0,0.0,0,0.9897186400339634,0.8663931533230675,False,False,False,False,0.2483647363731215,0.2633839277851854,False,False,False,False,-265678,-292826.082990538,False,False,False,False,7017.553193785693,False,False,False,False
2025-05-15 00:00:00+00:00,24.2619959127,24.6303173765,23.9597834295,24.4792111349,4721,,,,24.726000111893452,24.90417172649274,22.112128884680583,22.122813301222124,22.399557098101894,24.33822061152023,24.893247698345416,25.018957314187222,25.186273511886633,25.366705019852834,24.912313735966904,24.492403051462777,24.322994032417082,23.876614635464,24.48674020319402,,,,,22.977108785932682,22.283459953230892,22.25134783203758,22.446036654894986,24.550382089381017,25.218415670354577,25.40558417415165,25.093596751950496,24.555235640940314,23.89707285271435,24.105453231912318,24.343749671745837,24.53166459838639,24.28396498676065,23.932716951995307,23.675454192969035,23.45544412759544,23.017235458701755,22.583224359092767,22.3303052347983,22.046611218735727,21.825300242647987,21.764975550880905,21.69710448365174,21.44178727848853,21.222650890022106,,23.45544412759544,22.046611218735727,,24.210609395779194,23.746872660977314,#000000,1.9905434042255261,24.038077828351213,0.11249093281435377,53.76956196061636,7.93255492400921,True,False,False,False,False,2.395506152491084,0.0,0.0,0.0,0.0,1,0.981889031820317,0.8657979691441211,False,False,False,False,0.23937705612683774,0.25138049195601153,False,False,False,False,-270399,-291946.5895399287,False,False,False,False,6927.49228422547,False,False,False,False
2025-05-16 00:00:00+00:00,24.2997724731,24.2997724731,23.7803447676,24.2808841929,2743,,,,24.668053105034367,24.851830575578543,22.124015367609772,22.134561281821366,22.407359409643927,24.337679033134084,24.891661309776588,25.01721039860379,25.18439280012408,25.36487945383717,24.91136056974549,24.49199624961314,24.32278422770859,23.876852275187538,24.48644694723564,,,,,22.990700477076718,22.29942370250184,22.260735022440407,22.453418572493664,24.54937615665869,25.216598678157958,25.403870269159594,25.092378302010637,24.5547515893236,23.897297123420348,24.105472001730472,24.343567807849716,24.531365785754975,24.28385469998487,23.932840450955474,23.6757294313504,23.455843162009707,23.017841203083638,22.58400108794968,22.331178644114562,22.047585437085505,21.826345235915838,21.766038574466123,21.698187936111022,21.442939119100917,21.223860537670042,,23.455843162009707,22.047585437085505,,24.204738866976943,23.74901220840135,#000000,1.9956539970231681,24.03571280373661,0.13231736050301002,53.07867344512468,7.144526320005227,True,False,False,False,False,2.4854914583786005,0.0,0.0,0.0,0.0,0,0.9869085180083509,0.8736297109697562,False,False,False,False,0.21263415404174932,0.23200732299888044,False,False,False,False,-267656,-290994.017401108,False,False,False,False,6763.394547589178,False,False,False,False
2025-05-19 00:00:00+00:00,23.9881158498,23.9881158498,23.9881158498,23.9881158498,1580,,,,24.632185688392063,24.819590231911697,22.13032948902636,22.14079974685434,22.411462208435307,24.33716441880409,24.890585601252262,25.016051234880514,25.183171052046102,25.363712987815,24.910715858031804,24.49167365900818,24.322578386730637,23.87691315861347,24.486213302014374,,,,,22.99744756055877,22.30780652044775,22.265701379836873,22.457291712168782,24.548609750201006,25.215422156626428,25.402778286281368,25.09157739040502,24.554383217409864,23.897348202641773,24.105412116763972,24.343396392452593,24.531135029662604,24.28373533905025,23.9328607212638,23.67583916356007,23.456025377112255,23.018146268377073,22.58440799704067,22.33164257010095,22.048108824952596,21.826910513765412,21.766614550503505,21.698776007374793,21.443567923349445,21.224523624883297,,23.456025377112255,22.048108824952596,,24.200876468254418,23.750048357598093,#000000,1.9967425477895675,24.033839324569268,-0.0228990336385053,51.403116989520036,5.428200816598526,False,False,False,False,False,1.6853835517558728,0.0,0.0,0.0,0.0,0,0.9808018731245154,0.8678838011390787,False,False,False,False,0.20722424394119568,0.21961578347003807,False,False,False,False,-269236,-290140.7618167508,False,False,False,False,6560.1241731739165,False,False,False,False
2025-05-20 00:00:00+00:00,23.6386826662,23.6953475068,23.5725736855,23.6953475068,1002,,,,24.599923480889647,24.792209116665067,22.133555887679368,22.143983366565788,22.4134737024688,24.336509979195036,24.889638734582146,25.015065791545947,25.182169327499274,25.362784922315203,24.91015139046745,24.491326200545334,24.322310505164076,23.876829424065658,24.485960438607457,,,,,23.000173219346088,22.31197324000893,22.268194464788237,22.45917445663488,24.54781973390595,25.214463189086658,25.40191426867969,25.090907972483315,24.554004549829955,23.8972548521105,24.105260108670432,24.34317997353903,24.530893838474743,24.283569470966146,23.93279159053229,23.675830187001026,23.456064340199507,23.018269346424425,22.584601140786276,22.33187405241421,22.048380301918478,21.82721038809872,21.766921717983852,21.699091379680432,21.443911302617206,21.224890346291257,,23.456064340199507,22.048380301918478,,24.19705948455042,23.750410699794113,#000000,2.0011410926885755,24.03140453973187,-0.19624896763488014,49.00469653267467,3.0895290083199995,False,False,False,True,False,0.7900149285260376,0.0,0.0,0.0,0.0,0,0.984853735978175,0.8661572179474195,False,False,False,False,0.1706385440262956,0.19512716374816685,False,False,False,False,-270238,-289360.2613533488,False,False,False,False,6342.158519323959,False,False,False,False
2025-05-21 00:00:00+00:00,24.5453201156,24.5453201156,24.5453201156,24.5453201156,1933,,,,24.59671405755809,24.781665484138305,22.1434877152114,22.153809743499366,22.420210555864205,24.336885035522407,24.8891383309239,25.014419811204124,25.181375112339488,25.3619389160675,24.909840109502703,24.49136844090966,24.322478122754056,23.877276493500815,24.485994458044946,,,,,23.012801996540897,22.325412770769738,22.27616152974569,22.465585498292985,24.547815568636807,25.213680566082438,25.401107115478734,25.090424505284314,24.553997651011855,23.89770031227431,24.10553457378083,24.343299127196328,24.530901329477985,24.283698619915107,23.933066211574573,23.676203607376106,23.456520249800587,23.018856393307367,22.585295926975412,22.332631862775994,22.049203811209363,21.828079515031412,21.767802372328728,21.699985190452757,21.444848286328366,21.225864366771162,,23.456520249800587,22.049203811209363,,24.19777349246939,23.752534770814904,#000000,2.015816958091268,24.03382360368375,0.2537415462565479,50.86267360072451,3.0895290083199995,False,False,False,False,True,3.0152366547922185,0.0,0.0,0.0,0.0,0,0.9881886182338434,0.8747324530329256,False,False,False,False,0.2659554075274803,0.23054128563782358,False,False,False,False,-268305,-288534.56482968805,False,False,False,False,6169.250342095569,False,False,False,False
2025-05-22 00:00:00+00:00,24.0731131107,24.871142949,23.9031185889,23.9031185889,2054,,,,24.57824058804807,24.75999522337906,22.152806760809284,22.163025448872354,22.426442898545638,24.336781354717978,24.888202886146086,25.013351791560606,25.180185475089196,25.360753118260345,24.909271822787613,24.49119492062794,24.32244618576635,23.877564226405912,24.485870583652076,,,,,23.023733773900712,22.337847296622073,22.283592807607082,22.47149922392896,24.547346538476813,25.21252467692161,25.399988170772748,25.08966443211588,24.553768633749556,23.897981133009917,24.105651750672074,24.343261042792204,24.530764322811407,24.283697969924436,23.93323258432252,23.676480148005197,23.4568874236748,23.019372358931413,22.585934726063943,22.33334094753379,22.04998618634651,21.82891315561125,21.768649037812434,21.700846650754247,21.445758943489174,21.226816822414854,,23.4568874236748,22.04998618634651,,24.196408885644566,23.75432849809186,#000000,2.024285198132598,24.034451146115586,0.019099069943345506,50.3503442399991,3.0895290083199995,False,False,False,False,True,1.7914755226427808,0.0,0.0,0.0,0.0,0,0.9644013427629997,0.8695030235970536,False,False,False,False,0.24911546867263487,0.23982837715522923,False,False,False,False,-270359,-287821.797581465,False,False,False,False,6007.867975738881,False,False,False,False
2025-05-23 00:00:00+00:00,23.7614564874,24.0353365503,23.3836908835,24.0164482701,1824,,,,24.535999962221602,24.721646450188572,22.158873070864335,22.16901458880354,22.430296097916532,24.33575127131829,24.886614847823342,25.011686958061222,25.178479464313238,25.359160803682887,24.908321456005726,24.49063154685089,24.322024389643882,23.877469229817905,24.48546057248726,,,,,23.029068776045182,22.345640309689017,22.288324360465584,22.47511719470931,24.546060655908793,25.210888844130583,25.398503291479162,25.088526889574922,24.5531497502528,23.897870274369847,24.10542908033133,24.34291857444767,24.530370819699968,24.28343895771779,23.933145341559683,23.67650053405707,23.456993947180514,23.019628793557708,22.58631593685202,22.33379081989117,22.050507691057472,21.82948543408758,21.769234340122154,21.701446622330955,21.446408835627754,21.22750841958314,,23.456993947180514,22.050507691057472,,24.191428713999947,23.75508415759601,#000000,2.026488099093983,24.031556252172738,-0.13328465382722743,48.934960655380614,3.0789350408315386,False,False,False,True,True,0.988718331517557,0.0,0.0,0.0,0.0,0,0.9672629592966276,0.8866634604748389,False,False,False,False,0.1784024230379726,0.2091154000966009,False,False,False,False,-272183,-287208.5114017997,False,False,False,False,5843.7947217883375,False,False,False,False
2025-05-27 00:00:00+00:00,25.3291837438,25.3291837438,23.8513647012,23.8513647012,1422,,,,24.547192805629365,24.724878691260564,22.166894439473843,22.176955625297033,22.435841953687465,24.336409786923845,24.886561563952664,25.01151047636041,25.178166864619442,25.35876407165424,24.908276529836204,24.49083021495171,24.32230831213304,23.87794022809488,24.48560837202553,,,,,23.03969832157962,22.356488348673075,22.29482079872927,22.480411247338704,24.5464151659497,25.21056781533541,25.398114777132175,25.08836304591509,24.553315021844295,23.898344047312793,24.10576397360258,24.343132295896247,24.530487621648916,24.28363945918877,23.933442944479882,23.676866614781158,23.457418240771215,23.02014209462318,22.586901960041022,22.33442058075145,22.05118303903187,21.830192158491553,21.769948941397406,21.702170267067995,21.447161675231193,21.22828661299892,,23.457418240771215,22.05118303903187,,24.19387599572668,23.756937718779728,"rgba(38, 166, 154, 0.5)",2.051178677004503,24.03498236755962,0.6309549678677453,52.76032802000101,3.0789350408315386,False,False,False,False,True,4.757815007703634,0.0,0.0,0.0,0.0,0,0.9742419808800423,0.8549886094904194,False,False,False,False,0.2707675906128633,0.2399414953547321,False,False,False,False,-270761,-286563.51095467026,False,False,False,False,5670.391007208403,False,False,False,False
2025-05-28 00:00:00+00:00,23.7803447676,24.9608622799,23.7803447676,24.9608622799,1217,,,,24.53566206108248,24.7119277221424,22.172026629428448,22.182030247168413,22.439263396586252,24.336227063954496,24.885912616724703,25.010788581290797,25.17738161343737,25.357994698228758,24.90788314307819,24.490674500497796,24.322238237898517,23.878064542202832,24.485496099556734,,,,,23.045377903382764,22.363236818078484,22.2989116235819,22.483654164003372,24.546026482024452,25.209807412881425,25.397390779358968,25.08785435367831,24.553125743313355,23.89846300034369,24.10579065346313,24.34306959679844,24.530371232841055,24.283605410667864,23.933510702164302,23.677000800470655,23.457606766390843,23.0204209709249,22.587255581725806,22.33481661485587,22.05162330843184,21.83066346271967,21.77042814771261,21.702658432753413,21.447679789092568,21.228830078120946,,23.457606766390843,22.05162330843184,,24.19290474355188,23.757864830547476,#000000,2.0563986240299252,24.035124152671266,-0.12389591302681154,50.80204164603376,3.0789350408315386,False,False,False,False,True,0.8630664115803839,0.0,0.0,0.0,0.0,0,0.9607990698095142,0.8701189519752921,False,False,False,False,0.24736418638575836,0.24365284087024525,False,False,False,False,-271978,-285991.5301329185,False,False,False,False,5495.7482226119955,False,False,False,False
2025-05-29 00:00:00+00:00,24.3186607532,24.3186607532,24.0353365503,24.0353365503,962,,,,24.52823977782645,24.703032051673848,22.176166535439773,22.186124337138743,22.442036678844595,24.336127631456343,24.88543670688684,25.010253115094045,25.176792876742386,25.357413078403706,24.907593798754416,24.490571072623123,24.32220167944149,23.87817945565987,24.485421743280448,,,,,23.050025935523372,22.368683320049453,22.302219239848238,22.486284940877685,24.545761316418155,25.209236313875376,25.396842622197507,25.087474785927487,24.552996110214885,23.89857414094998,24.105827324961744,24.34303481045788,24.530292275192423,24.283590855991907,23.93357545457719,23.677117566477783,23.457766194645572,23.020650940715036,22.587543867417097,22.33513811742188,22.0519794550277,21.831043885094054,21.770814745625362,21.70305203820719,21.44809676671587,21.229266873107576,,23.457766194645572,22.0519794550277,,24.192372702617735,23.75863180668703,#000000,2.066710221769333,24.035437058659667,0.13704083502227102,50.89252127969127,3.0789350408315386,False,False,False,False,True,2.1251519081410066,0.0,0.0,0.0,0.0,1,0.9648183503974624,0.8678151660879706,False,False,False,False,0.2269565036348595,0.23530467225255236,False,False,False,False,-271016,-285404.2544414315,False,False,False,False,5317.954174666427,False,False,False,False
2025-05-30 00:00:00+00:00,24.2242193523,24.2242193523,24.1581103716,24.1581103716,1125,,,,24.51939897267642,24.69257193407758,22.18093489964047,22.190839807974143,22.44522898415817,24.335988721786524,24.88486250810113,25.009610314926814,25.176089401324553,25.356720454206705,24.907244837642917,24.490440223415842,24.32214935375745,23.878305191531197,24.485327510408137,,,,,23.055314100079187,22.374937203680226,22.306028723296933,22.489312521406365,24.54543056142473,25.20855436521435,25.39619020109098,25.087020007571297,24.552834489621745,23.898695228238047,24.105862204387545,24.342986615695434,24.530193346507776,24.283567530156063,23.933645403429146,23.677248556482713,23.457947194144502,23.020914842902865,22.587876333630472,22.335509571991135,22.052391574936497,21.83148451731955,21.771262634305725,21.703508157919142,21.448580368178785,21.229773759265484,,23.457947194144502,22.052391574936497,,24.191714207708532,23.759503450047575,#000000,2.075325453274097,24.035755650495066,0.09081163704112459,50.69767202633474,3.0789350408315386,False,False,False,False,True,1.8908219963863253,0.0,0.0,0.0,0.0,1,0.9574453704647404,0.8668371971307266,False,False,False,False,0.2284432684808427,0.23187397036669755,False,False,False,False,-272141,-284884.12681627733,False,False,False,False,5153.5245991893125,False,False,False,False
2025-06-02 00:00:00+00:00,23.525352985,23.525352985,23.5159088449,23.5159088449,1647,,,,24.481326308792653,24.65784926156172,22.18554053871452,22.19538315137655,22.448080994635824,24.334755053267255,24.883188050703893,25.007880132494286,25.174343556303576,25.3551116225139,24.906242477268464,24.48979749509738,24.321639095619897,23.878102993886397,24.484858631208393,,,,,23.058430414213593,22.38063768504492,22.309588193858815,22.49197373657143,24.543990498292526,25.206884207294124,25.39469312460394,25.0858440518549,24.552139830471262,23.898475530578548,24.10555306040681,24.342575665945116,24.52974860392421,24.28324828706669,23.93348860385461,23.677191950661893,23.457970059248254,23.021078707707172,22.588157900699727,22.335855117129192,22.052803886428325,21.831944364951685,21.771734713808893,21.703993977673576,21.449113297536137,21.230345839261393,,23.457970059248254,22.052803886428325,,24.18693995756298,23.759876261471387,#000000,2.0782134812129875,24.032694144491906,-0.24412369762695668,48.74430155237689,3.0789350408315386,False,False,False,False,False,0.16633192457142343,0.0,0.0,0.0,0.0,1,0.9558155452494834,0.8668535558067835,False,False,False,False,0.15903051309724858,0.19545224173197306,False,False,False,False,-273788,-284448.984588188,False,False,False,False,5016.013830593653,False,False,False,False
2025-06-03 00:00:00+00:00,23.5159088449,24.4792111349,23.5159088449,24.106167601,3924,,,,24.427603587000235,24.603658763905997,22.198941655470954,22.208622645815424,22.456789205812306,24.332963761284503,24.880134121814674,25.004644159502515,25.17098861508093,25.351946291702735,24.904402039556306,24.48876671101823,24.320903708776793,23.878047477139564,24.48410807162601,,,,,23.070617843435446,22.397676658159064,22.320165262347864,22.50017982913531,24.541627848209878,25.203659408596,25.391733977034473,25.083612066573437,24.55099328086372,23.898390193440317,24.10521460211527,24.341973305252033,24.529021155984747,24.282802939650157,23.933401082929052,23.677330846666337,23.45829112915162,23.021713668981107,22.589053918794608,22.336895816144448,22.0539955493182,21.833242813458615,21.77306051281828,21.705350628237717,21.45057454757289,21.23189473695444,,23.45829112915162,22.0539955493182,,24.18083472103381,23.761717741673248,#000000,2.079400917366554,24.030048051065087,-0.24725352473933487,47.41793533339609,1.7751327269271897,False,True,False,True,False,0.14309292295447662,0.0,0.0,0.0,0.0,1,0.9645107126794614,0.8539793625724579,False,False,False,False,0.20820696598688956,0.20182960385943133,False,False,False,False,-277712,-284184.78911414143,False,False,False,False,4973.189758805667,False,False,False,False
2025-06-04 00:00:00+00:00,22.5148299945,23.5159088449,22.2315057915,23.5159088449,5341,,,,24.257035466212827,24.451161937257297,22.205006170704177,22.21454523102296,22.45930477266666,24.32526749202448,24.871720197743546,24.996209839895343,25.16276395104952,25.344594427365404,24.89937596062394,24.485046415417276,24.317674298307626,23.875984468982224,24.481384282969735,,,,,23.064014399275617,22.40326324985095,22.324216910611323,22.50227090695212,24.533533691214245,25.195835616576254,25.384931344171093,25.07795888105186,24.547080537685304,23.896231850198774,24.102900737700516,24.33940237992686,24.526487841267567,24.280729152842568,23.931946735073193,23.676239998957637,23.457480149134852,23.021430486808917,22.589214921149562,22.33728910637906,22.054631405395973,21.834053757236155,21.773916943893077,21.706257729571636,21.451659359458272,21.23312485883251,,23.457480149134852,22.054631405395973,,24.156471660816198,23.759622944841418,"rgba(239, 83, 80, 0.5)",2.0731588610164056,24.011004549197747,-0.7216883292601212,44.17058342282921,-1.346431339136025,False,True,False,True,False,0.0,0.0,0.0,0.0,0.0,1,0.9385236053269657,0.8687145260153931,False,False,False,False,0.09348104669586034,0.14765532527764583,False,False,False,False,-283053,-284140.40522731235,False,False,False,False,4987.613689832896,False,False,False,False
2025-06-05 00:00:00+00:00,22.5053858544,22.5714948351,22.184285091,22.5714948351,3266,,,,24.149282701006335,24.353689591887154,22.206435413480847,22.21590293702998,22.459104447921856,24.319606417139994,24.865802258188463,24.990320397816635,25.157069184456574,25.339542796743405,24.89583783101749,24.482342274676274,24.315286031443048,23.874352563340306,24.47940196456311,,,,,23.055907236627036,22.403425839631733,22.32476291223546,22.501860602161628,24.52769875132688,25.19042551762217,25.380263391879623,25.074021030748757,24.54425256703359,23.894531608933264,24.101140638936965,24.3375043174722,24.52465130661869,24.279187233303524,23.930807724171085,23.675333299557188,23.456750333446966,23.02104184895126,22.589114262675828,22.337336983208324,22.054834431916746,21.83436933955002,21.774261869474905,21.70663524394951,21.452152097529694,21.23371127567196,,23.456750333446966,22.054834431916746,,24.1402651207141,23.757500870327107,"rgba(239, 83, 80, 0.5)",2.066632186403869,23.997760591297784,-0.7221288561728314,41.98507679683924,-3.3869871108891445,False,True,False,True,False,0.0,0.0,0.0,0.0,0.0,0,0.9405170331855767,0.8930632323381259,False,False,False,False,0.04380831186710276,0.0957318185723743,False,False,False,False,-286319,-284225.84031643736,False,False,False,False,4920.099427486508,False,False,False,False
2025-06-06 00:00:00+00:00,22.7131569365,24.0731131107,22.7131569365,24.0731131107,3724,,,,24.087659724963455,24.292086606228235,22.213644911126806,22.222998611843334,22.463232105453447,24.315712072364352,24.861137330041064,24.985577879366026,25.152367017898808,25.335270753288334,24.893028048692074,24.480380096342152,24.31363950367038,23.8734488084966,24.477963649134104,,,,,23.05747278640721,22.411597760522675,22.330176706711143,22.50563637474506,24.523426422725453,25.18593701683717,25.37629587188287,25.070803596554697,24.54216670914983,23.893576487815494,24.10002708676688,24.336185137940674,24.523302225317288,24.27813663883471,23.93015157043397,23.674914739783507,23.456517604505272,23.0211489957402,22.589506506627092,22.3378813134905,22.05553757425759,21.835186359934003,21.775108338777073,21.707514656925415,21.45314578129452,21.234799171012554,,23.456517604505272,22.05553757425759,,24.13120980792728,23.757243077639583,"rgba(239, 83, 80, 0.5)",2.0623261263252544,23.991311415340103,-0.6197635100116671,41.322232852034105,-4.022487525192467,False,True,False,True,False,0.0,0.0,0.0,0.0,0.0,0,0.9498185769229783,0.8556445717256163,False,False,False,False,0.14602193034971864,0.12087687446104647,False,False,False,False,-282595,-284161.88579422416,False,False,False,False,4873.193567585076,False,False,False,False
2025-06-09 00:00:00+00:00,22.9020397385,23.4184114069,22.7935060637,23.3514743388,3379,,,,24.031156054418172,24.23569645826339,22.219223851255443,22.228481457539857,22.466259180301954,24.311808669063172,24.856607426129347,24.980993566648415,25.147844842575175,25.331180201247633,24.890297315414003,24.478431140811868,24.31198271303891,23.872482099269362,24.476533712936646,,,,,23.057225604673334,22.41762603964743,22.334283523187278,22.50836647091253,24.519208155027318,25.18162350021813,25.37249959287299,25.067697266238543,24.54010328621211,23.892559252001302,24.09888024020289,24.33485953756731,24.52196474173211,24.27707510545337,23.929457170805904,23.674439725442134,23.45621335318047,23.02116024334608,22.589782794442918,22.33829810420758,22.056101104965435,21.835855356817532,21.77580465332257,21.708241489069433,21.453978869486708,21.23571963253052,,23.45621335318047,22.056101104965435,,24.12259857926089,23.756666185368587,"rgba(239, 83, 80, 0.5)",2.061375043602716,23.98490912309231,-0.5253141042688443,41.61607158473312,-4.022487525192467,False,True,False,True,False,0.0,0.0,0.0,0.0,0.0,0,0.9519343987672527,0.8648693947571114,False,False,False,False,0.11689298541271118,0.11888492993687882,False,False,False,False,-279216,-283967.92948856833,False,False,False,False,4814.59774140527,False,False,False,False
2025-06-10 00:00:00+00:00,22.7490407256,23.074163628,22.634291466,22.634291466,1959,,,,23.99447672086228,24.199707707676033,22.221568616108847,22.23077636931494,22.467333473362274,24.30916966917012,24.853676717859035,24.978047440053366,25.14496093133237,25.328589678538723,24.888531240955903,24.477132347450492,24.310859503279694,23.871775972575257,24.47558009111478,,,,,23.055487717856707,22.419854001519973,22.335909119979966,22.509287805658737,24.516413871149485,25.17887616223864,25.370098542045973,25.06570700583711,24.538735701065544,23.89181988220034,24.098079573847823,24.333962786213945,24.521076251735767,24.27635196848607,23.928956385729055,23.674070084812012,23.455944979819705,23.02108204083509,22.5898646919719,22.338464015795033,22.056354775980694,21.836172333665946,21.776138069107525,21.708593228995696,21.454394791045882,21.23618810693538,,23.455944979819705,22.056354775980694,,24.116812431976943,23.756002129439942,"rgba(239, 83, 80, 0.5)",2.0607471588810413,23.980360424629303,-0.597511292796295,41.365507936089756,-4.230709124851501,False,True,False,True,False,0.0,0.0,0.0,0.0,0.0,0,0.9554222643528169,0.8703541483089808,False,False,False,False,0.09152239027886885,0.10520366010787384,False,False,False,False,-281175,-283858.4028419578,False,False,False,False,4702.613516252123,False,False,False,False
2025-06-11 00:00:00+00:00,23.8487211306,23.8487211306,23.1984753259,23.1984753259,1733,,,,23.98502469022254,24.18722819138243,22.22642820042106,22.23557573555514,22.47046136090552,24.308112160763944,24.85212409773066,24.976426599459185,25.143305175294007,25.32704329524752,24.88758408683453,24.47654752178261,24.31040793149605,23.871633842603444,24.475150909899337,,,,,23.059186772876178,22.42577455746499,22.33974161191408,22.51222425586967,24.515129729920062,25.177286412416784,25.36865384119486,25.064585236004,24.53809869737705,23.891661640689485,24.097821735317748,24.3335955644609,24.520666042746186,24.27606934699781,23.928837934948625,23.674053995806585,23.456010556607872,23.02129119134015,22.59019373310897,22.33885870247873,22.0568180064074,21.836684292965224,21.776662553202158,21.709131802324162,21.45498152367342,21.236814981893822,,23.456010556607872,22.0568180064074,,24.1155369199732,23.756487077977035,#000000,2.066396026239326,23.97999973544271,-0.06353022517258017,45.15232356011013,-4.230709124851501,False,True,False,True,True,1.177493919022055,0.0,0.0,0.0,0.0,0,0.9736297742008756,0.8503337118748394,False,False,False,False,0.15933389195387712,0.13226877603087547,False,False,False,False,-279442,-283685.2105736457,False,False,False,False,4586.158084242236,False,False,False,False
2025-06-12 00:00:00+00:00,23.3227870239,23.7207757061,23.2577624434,23.7207757061,1838,,,,23.97019061765669,24.170063079957696,22.23082412744269,22.23991270294215,22.473197506215843,24.306666468432844,24.85021492933354,24.974459023160385,25.14132328016533,25.325214888688244,24.886422784975966,24.475782796457107,24.309789932533235,23.8713587756908,24.474589318536665,,,,,23.06171874282208,22.430969503907907,22.343161978428007,22.514773597126737,24.513467119081124,25.175388115501566,25.366949664211585,25.063233085138943,24.53727651544335,23.891366093675508,24.097432373841077,24.333096611893705,24.520134457136894,24.27567772026312,23.928628606277293,23.673956640649017,23.456001774641685,23.021440915469366,22.590476133976004,22.339212920414724,22.057247224631922,21.83716704339688,21.77715910192837,21.70964383439743,21.455546837891944,21.237424493232613,,23.456001774641685,22.057247224631922,,24.113334015479282,23.75671812849498,#000000,2.0681638382960075,23.978771386531637,-0.31718200970582405,45.999277469540715,-8.483091075415125,False,True,False,True,True,0.0,0.0,0.0,0.0,0.0,0,0.9724436343037031,0.8551721389408731,False,False,False,False,0.1558258336276928,0.14404730482928413,False,False,False,False,-281280,-283590.8885903655,False,False,False,False,4478.387178977835,False,False,False,False
2025-06-13 00:00:00+00:00,22.2135441806,22.94985193,22.2135441806,22.94985193,2393,,,,23.919036691979176,24.120772454130893,22.23190057673767,22.24094022274689,22.47314512374126,24.302697400865384,24.84603161881893,24.97028878329779,25.137280683421807,25.32161554052856,24.88390085802614,24.473858986993044,24.30809274218365,23.8702045318532,24.473175115953996,,,,,23.05646068513144,22.431156200106347,22.34363149569808,22.514573367605553,24.509362673134586,25.171542938273607,25.3636188512041,25.060424849570538,24.535263924688458,23.890163383167856,24.09618253520299,24.331744589972,24.518822805580214,24.274578649905564,23.927819994602284,23.673316051901143,23.455489357777065,23.021175229205458,22.59041884650123,22.33926334492891,22.057410197797964,21.83741165621987,21.77742499562506,21.709933371345837,21.455919927886992,21.237865569016105,,23.455489357777065,22.057410197797964,,24.10486275541856,23.75525048870787,"rgba(239, 83, 80, 0.5)",2.0618942823427675,23.97168224698536,-0.8526809940942882,43.681668501948735,-8.483091075415125,False,True,False,True,True,0.0,0.0,0.0,0.0,0.0,0,0.9562583459121561,0.8634891550945378,False,False,False,False,0.06418649578230316,0.10411690030579365,False,False,False,False,-283673,-283594.10864564526,False,False,False,False,4396.607289606155,False,False,True,False
2025-06-16 00:00:00+00:00,23.1315382578,23.2462875174,22.9211646151,22.9211646151,1988,,,,23.89662548195277,24.096907082171352,22.235288531369047,22.24427333832139,22.475056938225567,24.300554325429854,24.843497210221173,24.967716000521687,25.13473268621127,25.319299918755213,24.8823622246045,24.47277086689207,24.307172858417086,23.869681749244204,24.472374990196457,,,,,23.05677153135807,22.434837446251247,22.34616912826076,22.516312561720472,24.507026897719783,25.16910933875054,25.361466620206052,25.05866991910577,24.534109924156752,23.889612355108824,24.095551426288154,24.331006617898673,24.518072940262496,24.273988442265363,23.927441626796767,23.673064895722128,23.4553374973364,23.021206017432135,22.590603089073763,22.339529214046014,22.057761337016576,21.837824035807063,21.77785322895252,21.71037932733511,21.456427501134172,21.238423879696104,,23.4553374973364,22.057761337016576,,24.10122094683557,23.754994374488007,#000000,2.0628610251487745,23.969039355265664,-0.4059900726493509,45.01490124728021,-8.483091075415125,False,True,False,True,True,0.0,0.0,0.0,0.0,0.0,0,0.9748277392381439,0.8452322374274073,False,False,False,False,0.11464670995044635,0.10938180512812,False,False,False,False,-281685,-283519.2416399337,False,False,False,False,4302.152101778463,False,False,False,False
2025-06-17 00:00:00+00:00,22.9402894917,23.7721259998,22.7012285341,23.7721259998,2363,,,,23.872734636297796,24.070984799172336,22.239457848744188,22.24837719772248,22.477452378856732,24.29809766070043,24.84056009564785,24.964729475905834,25.131769053468023,25.31660105077822,24.880575937962053,24.471515668395103,24.30611582412164,23.86909207081986,24.471451591742344,,,,,23.05745932196695,22.43940922434949,22.349315239145177,22.51850097874409,24.504335690771285,25.166277394355447,25.358956863144776,25.056628649859114,24.53277713477,23.88899002328865,24.094831057049547,24.330157779679915,24.517206644576746,24.273310479743614,23.92701307966086,23.672786527881993,23.45517653734368,23.021260393027955,22.590838340545904,22.339860869460583,22.058193703026188,21.838328688250463,21.778376586808992,21.71092360434694,21.457044433539906,21.23910068778506,,23.45517653734368,22.058193703026188,,24.097301019355662,23.754754611468293,#000000,2.062857464673028,23.966250031618117,-0.4973492146151436,45.40396154153035,-8.483091075415125,False,True,False,True,True,0.0,0.0,0.0,0.0,0.0,0,0.9781232411166569,0.8293243433224919,False,False,False,False,0.1301246608528355,0.11975323299047774,False,False,False,False,-284048,-283539.9772618971,False,False,False,False,4226.106921316563,False,False,False,False
2025-06-18 00:00:00+00:00,22.7777280405,22.9689768066,21.8121130206,22.9689768066,8555,,,,23.734267203362744,23.93270118951383,22.244065866803357,22.25281303913188,22.4779967964569,24.28459601012255,24.826179948060155,24.95036622750561,25.117808330251194,25.304128660596152,24.871855773577288,24.464893394181054,24.30028796636931,23.865166686466264,24.466574198277815,,,,22.519605955899998,23.041439018481793,22.441253855907195,22.35173042398772,22.51851488626284,24.490311573934093,25.152985228457236,25.34740153724642,25.04690490316182,24.525843775470044,23.884897969050872,24.09055289681015,24.325506323245317,24.512677606455426,24.269529869813574,23.924252903669764,23.670619059052694,23.45346230155511,23.02041539866309,22.590727657121427,22.340130800753244,22.058861425533436,21.83928478130793,21.77940781587167,21.712038356809078,21.458454003070567,21.240750421113145,,23.45346230155511,22.058861425533436,,24.072913419378402,23.75893165721233,"rgba(239, 83, 80, 0.5)",2.0526088569896586,23.84534632143604,-0.5201274842503602,45.22367695157273,-8.483091075415125,False,True,False,True,True,0.0,0.0,0.0,0.0,0.0,0,0.9914628755452687,0.8645578032691787,False,False,True,False,0.04507241185125023,0.08241282242086398,False,False,False,False,-292603,-283895.38991829334,False,False,False,False,4395.8674342061095,False,False,False,False
2025-06-20 00:00:00+00:00,22.9211646151,23.8104713774,22.9211646151,23.8104713774,6867,,,,23.695049443550488,23.884953158733275,22.256751971995175,22.265314324039785,22.485585447658252,24.278133424182666,24.818219602991192,24.942234255803733,25.10969130859061,25.296686867171978,24.866965893632972,24.461505873804093,24.29746036569255,23.8636582315724,24.46407401114975,,,,22.830403938757673,23.045552437178642,22.455327620993657,22.361476792035234,22.525506991834146,24.48313371648303,25.14521447929904,25.34046675454277,25.041294315985674,24.52223716106217,23.883301199099087,24.088653977877964,24.323226331237606,24.51032499391175,24.267712730093816,23.923142228787402,23.669936619592683,23.453115915084517,23.0206816445058,22.59150854746573,22.341187258237355,22.06020584652883,21.840835678347435,21.78101210198288,21.71370240474142,21.460325198652292,21.242792648951145,,23.453115915084517,22.06020584652883,,24.065752278704597,23.77411091979142,#000000,2.039952142981164,23.856398137273,-0.4584585601141898,45.599215809472874,-8.483091075415125,False,True,False,True,True,0.0,0.0,0.0,0.0,0.0,1,0.9712857230545823,0.8492158703384228,False,False,False,False,0.14324125431425255,0.11282703836755827,False,False,False,False,-285736,-283967.57070581126,False,False,False,False,4492.774593649007,False,False,False,False
2025-06-23 00:00:00+00:00,23.4279738452,23.4279738452,23.4279738452,23.4279738452,1241,,,,23.691435394574345,23.879504618327886,22.259503661350756,22.268030542099506,22.487329645742026,24.27720387217328,24.816977386229087,24.94095105962877,25.10839407505064,25.295483160109328,24.86619760079877,24.46099884931944,24.297050182833363,23.863474898038962,24.463699324246672,,,,22.874908785057553,23.047159418481925,22.458503719393683,22.363641862683824,22.527135273392677,24.48205936722771,25.14396934443968,25.33934203859992,25.040400584640093,24.521692255350654,23.883104381744882,24.08839435617059,24.322893503781682,24.509969784023518,24.267450661451505,23.923001619105,23.66987076547667,23.453109244048633,23.020781005118167,22.59169681078331,22.34142367298364,22.060492578331456,21.841158353495146,21.78134404653307,21.714044750393803,21.46070336776769,21.243200537617493,,23.453109244048633,22.060492578331456,,24.06508228470152,23.776454239048586,#000000,2.0252010921660912,23.858406570500073,-0.21253826445436827,47.54644858280189,-6.510842232136454,False,True,False,False,True,0.24016945160992265,0.0,0.0,0.0,0.0,1,0.9985070654487725,0.836639096207966,False,False,False,False,0.1495715327516006,0.13119928555957944,False,False,False,False,-284495,-283988.2542075442,False,False,False,False,4365.2540213490465,False,False,False,False
2025-06-24 00:00:00+00:00,24.804964961,24.804964961,23.733971871,23.8678460072,1476,,,,23.703418450213817,23.88745311128934,22.26560186989082,22.274070939116122,22.49163612953567,24.277425650032544,24.816585646722828,24.940454693413834,25.107788725606397,25.29483436430304,24.865932187426278,24.46099125019626,24.2971348127709,23.86376727694153,24.46369256061137,,,,23.002911117899,23.054125629674118,22.466200447976874,22.36866234186297,22.531248392059936,24.48201813184992,25.143369641769276,25.33871900097915,25.04001050404355,24.521648616662745,23.883394632958982,24.0885623326066,24.32294878306507,24.50994559205021,24.26751764086663,23.9231788588544,23.67012255742919,23.453423100381926,23.021194983254468,22.592193583077588,22.341968555620316,22.061087703761224,21.841788540659156,21.78198312497692,21.714693956899364,21.461386063848245,21.24391186376994,,23.453423100381926,22.061087703761224,,24.067385844538045,23.78406979446613,#000000,2.027350565807035,23.867623348783276,0.4623480655125831,52.42068543189424,-1.865774171337506,False,False,True,False,True,3.695535949794504,0.0,0.0,0.0,0.0,0,0.9835698864295694,0.812226681733538,False,False,False,False,0.23667947134572803,0.18393937845265373,False,False,False,False,-283019,-283950.2442386209,False,False,False,False,4251.949942080457,False,False,False,False
2025-06-25 00:00:00+00:00,23.953907952,25.1396503017,23.8487211306,25.1396503017,3915,,,,23.728040400408712,23.902710297026978,22.280631364023932,22.288955007432094,22.502192273990605,24.277551529924153,24.81517469249184,24.938786364094582,25.105863745514462,25.29284699269862,24.86500485660111,24.46076439084597,24.2971599992954,23.864363987367664,24.463522158497504,,,,23.235670597809083,23.07052894692263,22.484970198031828,22.381012570869903,22.5413172704813,24.481481117502327,25.141478697210115,25.33682290533026,25.03874492389744,24.521323263318553,23.88398084975357,24.088841442260915,24.32293841366898,24.509743109698608,24.267563433941458,23.92352861747761,23.67067482202961,23.45414269618063,23.022188951386486,22.59341499221259,22.343320673048897,22.062576345973895,21.843372811217584,21.783591711798966,21.716330176494363,21.46311426076689,21.245718314709666,,23.45414269618063,22.062576345973895,,24.072237870680905,23.7985183909992,#000000,2.0239701001814705,23.885489237613104,0.033804212019121746,52.963990606217834,-1.407821097765975,False,False,True,False,True,1.466592818664271,0.0,0.0,0.0,0.0,1,0.9943940496590858,0.7812547377470686,False,False,False,False,0.254853478844378,0.21939642864851586,False,False,False,False,-286934,-284067.2542684789,False,False,False,False,4238.736218861615,False,False,False,False
2025-06-26 00:00:00+00:00,24.7380278929,24.7380278929,23.9060957604,23.9060957604,888,,,,23.73468016223784,23.907200077335006,22.28425331784281,22.292543087403434,22.504762007760863,24.277694045559237,24.814949085685143,24.93849771756943,25.105509035857366,25.29246469880894,24.86485081839314,24.46076437431523,24.297215078806893,23.864543167968773,24.463521433989385,,,,23.283087621905533,23.07462199266047,22.489511651331984,22.384002887513645,22.543772874123857,24.481466067156223,25.14112678764964,25.336455326586133,25.038516437348424,24.521301722407404,23.88415884539079,24.088945800360552,24.322974996806114,24.5097316159068,24.26760649948146,23.923637612518547,23.670828470518124,23.454333548175963,23.022439753973817,22.59371537793713,22.343649900413958,22.06293569700417,21.843753181277222,21.78397741148793,21.71672194828835,21.463526103758028,21.246147323530554,,23.454333548175963,22.06293569700417,,24.073563207302236,23.80161179448763,#000000,2.0108759830604996,23.88949828503646,0.4219701339175082,55.116382504319375,0.6273717306377193,True,False,True,False,True,3.3738885417197295,0.0,0.0,0.0,0.0,0,0.9814344860195223,0.7939756897990912,False,False,False,False,0.16810246734330245,0.19374944799590915,False,False,False,False,-286046,-284144.85214030324,False,False,False,False,4107.334798514101,False,False,False,False
2025-06-27 00:00:00+00:00,25.904645366,26.1054565704,24.1942120265,25.0440259186,17224,,,,23.98385765056034,24.108917744881943,22.381568053700146,22.38907657053692,22.57665154756456,24.294401165617145,24.822101293151757,24.943856487282762,25.108631634530045,25.293427185028555,24.868787239471793,24.467110224923992,24.304380978193254,23.873448066592108,24.46819694326837,,,,24.19147946324636,23.200322455908637,22.613797406156603,22.46587352938202,22.612968671682328,24.49422073546144,25.143710934138692,25.33697988330277,25.041277833216995,24.52732780522533,23.89318757299863,24.096051201123885,24.328500782059777,24.513768162913564,24.272488774207737,23.929430712012717,23.677332206066815,23.461468102124474,23.030457690600006,22.602448850235373,22.35284410911684,22.07261082029867,21.853753446161726,21.794058176335096,21.72689642369166,21.473992298594858,21.25687449556952,,23.461468102124474,22.07261082029867,,24.12562751902025,23.87165463860321,"rgba(38, 166, 154, 0.5)",2.0245591730966326,23.99359537424109,0.9439338781271062,58.72322031002701,3.976946220070708,True,False,True,False,True,6.0875215761939465,0.0,0.0,0.0,0.0,0,0.9863496020286466,0.8489455970865989,False,False,False,False,0.31747766447012066,0.2556135562330149,False,False,False,False,-268822,-283543.9559779384,False,False,False,False,4621.713826023351,False,True,False,False
2025-06-30 00:00:00+00:00,25.4073985742,26.8761890977,25.0057761654,25.3882736976,31851,,,,24.369211722166497,24.439376646207084,22.566131776616352,22.572293003430694,22.71647403166165,24.333700339846256,24.84285440141538,24.961025890820135,25.121158081433155,25.300975371644686,24.88075734743275,24.483078733000482,24.32167915051853,23.893480424808775,24.48002498985846,,,,24.886570392842902,23.433091568912957,22.844182812296562,22.623405825520937,22.747978481926605,24.525939564406173,25.154876777267397,25.34324750484765,25.051293500765873,24.542778783083318,23.913540339937423,24.112574951492995,24.341966182987516,24.52413967452818,24.28426453193937,23.942627657774253,23.69172733449297,23.47695889720145,23.047383342858282,22.62052518474346,22.37170132615307,22.09228329978935,21.87396911085991,21.814406773194815,21.747401456150744,21.494969701081605,21.278284636280418,,23.47695889720145,22.09228329978935,,24.21881479405739,23.955453665491312,"rgba(38, 166, 154, 0.5)",2.035952643356149,24.13572725207309,0.6246075154433032,59.588972526866726,4.723738285037392,True,False,True,False,True,4.773043514586497,0.0,0.0,0.0,0.0,0,0.9458756658204817,0.8476633557476339,False,False,False,False,0.3428282336284637,0.29922089493073933,False,False,False,False,-300673,-284215.68319448986,False,False,False,False,5689.528970100867,False,False,False,False
2025-07-01 00:00:00+00:00,24.7571527695,25.7038341616,24.4607171821,25.3404615061,10888,,,,24.410894654830585,24.4735456576044,22.610232108926414,22.616060640074164,22.74983510229379,24.339503057540863,24.843834962140406,24.96111747473354,25.120200902574098,25.299188393231198,24.881181572012718,24.485137370537668,24.324312363243767,23.897381572859782,24.481562287591448,,,,24.898039661172923,23.47949028430573,22.896141483701356,22.66117755199371,22.780118959364685,24.529734988296216,25.153768394777597,25.341399812829067,25.050928155326627,24.54461356169446,23.91747097909532,24.115483515006453,24.34398728677725,24.5254123968598,24.286121876757424,23.94515858247799,23.69474515760799,23.48039499840105,23.05145375886863,22.625117154736127,22.376610783640402,22.09752465346106,21.879439166114487,21.819934272069514,21.752995015456918,21.50077638327668,21.284277187046417,,23.48039499840105,22.09752465346106,,24.232932541346322,23.966037928002518,#000000,2.0242790152162504,24.154819690886505,0.2975543756991167,58.295949027792105,4.723738285037392,True,False,True,False,True,3.083999910478667,0.0,0.0,0.0,0.0,0,0.9183938557380762,0.8735932355484995,False,False,False,False,0.17263447272819432,0.23592768382946683,False,False,False,False,-311561,-285288.04855941184,False,False,False,False,5893.39057911652,False,False,False,False
2025-07-02 00:00:00+00:00,24.4607171821,25.8281458596,24.2599059777,24.269468416,26598,,,,24.474121278094955,24.524336662936577,22.706137200404115,22.71125840756627,22.822998394246234,24.35055271095984,24.84393826329702,24.959212636206644,25.11597107395372,25.293266764728987,24.88083394611234,24.488833691812694,24.329442365765725,23.905707224153485,24.484339639197785,,,,24.886271282389906,23.573372308135774,23.006016050861756,22.743841236704533,22.850628429638245,24.536220971023095,25.14928455290062,25.335462100552927,25.048632773757063,24.547751596708306,23.925835989210267,24.121489754361395,24.347906926161514,24.527637974697715,24.289804812183807,23.950548544515605,23.701347244897708,23.488029812105058,23.060686981500353,22.635670020451677,22.38795611271708,22.109698874145696,21.89218742217635,21.832827243667154,21.766053911006317,21.51437537694994,21.29834434428082,,23.488029812105058,22.109698874145696,,24.25939668396243,23.98632196813787,#000000,2.015613175196069,24.190617852223532,0.1340035544519575,56.6192749573739,4.723738285037392,True,False,True,False,False,2.322417631996924,0.0,0.0,0.0,0.0,0,0.9064886431383106,0.8726446579701566,False,False,False,False,0.1653450857898951,0.20063638480968096,False,False,False,False,-338159,-287361.41920414084,False,False,False,False,6705.336046602147,False,False,False,False
2025-07-03 00:00:00+00:00,25.2352746847,25.2352746847,24.2216562245,24.5142668366,2459,,,,24.47968706652271,24.528937670695335,22.714779045122107,22.719838963321052,22.829659260693113,24.351645692761835,24.844026841993642,24.95911519031749,25.11565568363656,25.292785322551925,24.880850783407034,24.489216424953735,24.32995471242085,23.906508206494635,24.48462762618159,,,,24.886515741239666,23.581707105818026,23.01580041183988,22.75133566158074,22.85705533120807,24.536896811152968,25.148941755221333,25.334973695022033,25.04847354529234,24.54808389066427,23.926641398956733,24.122076213108077,24.348300475409836,24.527872515660146,24.29017174609974,23.9510699351956,23.70197905829405,23.488755992662377,23.061558498702322,22.636661545280692,22.389020010455617,22.110838496476166,21.893379446280978,21.834032470267285,21.767274287050565,21.515644979444865,21.299656691296324,,23.488755992662377,22.110838496476166,,24.261819232738237,23.988243566420444,"rgba(38, 166, 154, 0.5)",2.016138649734949,24.193934078969892,0.5165024765866204,57.2457863615162,4.723738285037392,True,False,True,False,False,4.164474968510266,0.0,0.0,0.0,0.0,0,0.941021760858072,0.8852239818855139,False,False,False,False,0.10579554460462527,0.15321596470715312,False,False,False,False,-335700,-289257.0498235863,False,False,False,False,6538.813064382454,False,False,False,False
2025-07-07 00:00:00+00:00,24.0208450201,24.5085293736,24.0208450201,24.5085293736,1368,,,,24.477535455625834,24.526583090512727,22.71799417870546,22.723027781929503,22.83207320658841,24.35145883223299,24.84341849622352,24.958435447126064,25.114907909443122,25.292035236914302,24.88045669287479,24.48905713644326,24.329881204046064,23.906632571352343,24.484510837165384,,,,24.878028549134104,23.583806945948062,23.01915105497574,22.75410281527233,22.8593682477834,24.536529213724332,25.148211278163455,25.334259865816936,25.04796713422909,24.547891184563568,23.926759759759157,24.12210199084115,24.348234801205813,24.52775100483568,24.29013588827806,23.95114108809691,23.70212049710325,23.48895505467856,23.06185455967868,22.63703868549512,22.38944313011737,22.11130974721302,21.89388466789585,21.834546375720354,21.76779802790534,21.51620183976703,21.30024155807451,,23.48895505467856,22.11130974721302,,24.261867205145585,23.98827048097917,#000000,2.005420938909777,24.19396757166121,-0.08632728830253775,54.507280733497964,9.464706803064864,False,False,True,False,False,1.0794228333683904,0.0,0.0,0.0,0.0,0,0.866845889996252,0.9132420954726577,False,False,False,False,0.01949833143474719,0.08635714807095016,False,False,False,False,-337068,-291131.98904619075,False,False,False,False,6336.036081465496,False,False,False,False
2025-07-08 00:00:00+00:00,24.2981557309,26.1723936385,24.2407811011,24.2885932926,12116,,,,24.503293792183715,24.548052166507585,22.759568722031794,22.76431305484632,22.864282823270305,24.356839069075374,24.84390679001198,24.958014506840165,25.113418584665943,25.28972406592762,24.880572817041212,24.490961552157057,24.332419470432903,23.91058336603359,24.485945634472287,,,,24.88051540477093,23.623382197826064,23.065863230292603,22.790272530563037,22.890462929190257,24.53988076167833,25.146584330030294,25.331909386440245,25.047223401724036,24.549549023745733,23.930732386810416,24.125001039703893,24.35018756975555,24.528922133647967,24.29195580468805,23.95371799523493,23.705239118425673,23.49253681159083,23.066149703578123,22.641923204526382,22.39468320214662,22.116921916785415,21.899754391530564,21.840480999245496,21.773807122807955,21.522452979533718,21.306702887898876,,23.49253681159083,22.116921916785415,,24.273459761033187,23.997600448211166,#000000,1.998843615748156,24.209904028245887,0.044151379306920015,53.3453639270975,8.298341941756881,False,False,True,False,False,1.7446040744036928,0.0,0.0,0.0,0.0,0,0.8668370045026118,0.8783343962936994,False,False,False,False,0.1964551862819118,0.14140616717643098,False,False,False,False,-324952,-292458.26398555585,False,False,False,False,6562.701333172731,False,False,False,False
2025-07-09 00:00:00+00:00,24.8527771525,24.8527771525,23.9253162614,24.6232786332,3302,,,,24.50394724011787,24.547984518898186,22.768769002759036,22.773446277129654,22.87136844981024,24.357333629431785,24.843246193190506,24.95714658754577,25.11232528400357,25.288515633472525,24.880116165414854,24.491027375333648,24.332673743971018,23.91126618697988,24.485999377634563,,,,24.87187513854179,23.630840586024895,23.075778464710595,22.798275888319505,22.897287176977674,24.53989004743879,25.145492560192082,25.330738118739546,25.046516475585882,24.549541510564715,23.93141080236939,24.125423738503056,24.350372698141683,24.528934601587462,24.292159055153185,23.95415255761008,23.70583168383488,23.493261499789945,23.06708806059768,22.64303936172383,22.39590306189261,22.1182503480783,21.90115880090849,21.84190470954567,21.775252822184804,21.5239715850843,21.308283884065165,,23.493261499789945,22.1182503480783,,24.275011044379546,23.99889550132033,#000000,1.9927021401497163,24.212044671915237,0.3215395154524315,53.862903542654315,8.298341941756881,False,False,True,False,False,3.0656409542764322,0.0,0.0,0.0,0.0,0,0.8784819816499058,0.9007091513765609,False,False,False,False,0.042556936410562504,0.09198155179349674,False,False,False,False,-321650,-293603.03794690664,False,False,False,False,6434.8306926561545,False,False,False,False
2025-07-10 00:00:00+00:00,24.6997781397,25.0344634803,24.6997781397,25.0344634803,1916,,,,24.50681032103014,24.550298234351356,22.774862840009128,22.779498022424622,22.876106408358606,24.358030082979354,24.843205516478967,24.956969602169956,25.111990548728212,25.288067596529057,24.88006212284839,24.491259520290008,24.33300789808483,23.911829176571523,24.486175184465544,,,,24.87098747645493,23.636366317769863,23.08250931408462,22.803593671501968,22.90186093371759,24.540280266749985,25.145141849273937,25.330290697052643,25.046325073228772,24.54973398132695,23.93197560892819,24.12582538461656,24.350628546826158,24.529073505338786,24.292402240654635,23.954518808131322,23.706284889622292,23.493788606589117,23.067730623909245,22.643777560501274,22.39669840888679,22.11910552116513,21.902055524055076,21.842811928816566,21.776172060592955,21.524930124318058,21.309276408527555,,23.493788606589117,22.11910552116513,,24.276544871687978,24.000154767813946,#000000,1.981616853958825,24.214162844787108,0.24506013558713086,53.77874745488013,8.298341941756881,False,False,True,False,False,2.6713633005564255,0.0,0.0,0.0,0.0,0,0.8854918971988099,0.8966120556877684,False,False,False,False,0.1318447256556971,0.11191313872459692,False,False,False,False,-323566,-294778.05606663576,False,False,False,False,6257.621645885325,False,False,False,False
2025-07-11 00:00:00+00:00,25.8950829277,27.6832588906,24.3937801139,24.3937801139,23578,,,25.990707310733335,24.659401486826965,24.690832054874623,22.88874651430938,22.892709810139497,22.96698249898736,24.388279719291543,24.860930019008624,24.97218357411987,25.123854057242063,25.296093434864282,24.890698776412897,24.504514283783063,24.347127302603024,23.92770852611902,24.49611394139401,,,,25.042151972847716,23.76459427472147,23.214979518915527,22.903937068742398,22.990095831442293,24.565492476337358,25.15592361292128,25.33721803721102,25.055689572598723,24.56265371993038,23.948109766949063,24.1391672664038,24.36175439510733,24.53786717991324,24.302135315041955,23.96516892633913,23.717751522591158,23.5060162068405,23.080921668416178,22.657741122144483,22.411202661149133,22.134175464078638,21.91750046616613,21.85834824041292,21.791816498928025,21.54089679993667,21.325542103418794,,23.5060162068405,22.134175464078638,,24.431055206919346,24.04046847277075,"rgba(38, 166, 154, 0.5)",1.9860108307980529,24.33804014230677,0.7840051832786588,56.31649809354309,8.298341941756881,True,False,True,False,True,5.4708171594043264,0.0,0.0,0.0,0.0,1,0.8816325722931313,0.8623438288094388,False,False,False,False,0.34282823418232794,0.22737068645346242,False,False,False,False,-299988,-294982.36759343435,False,False,False,False,6936.852169576097,False,False,False,False
2025-07-14 00:00:00+00:00,25.5030229572,26.468829226,24.7667152078,25.1970249315,8632,,,25.880513346129813,24.69278449066052,24.721480469586375,22.923185790902476,22.9269467775807,22.994594642379003,24.396305525492707,24.864970739603955,24.975438447253694,25.126095234980685,25.297273739655157,24.893105477563513,24.507982080615662,24.35095830924921,23.932314871321783,24.498727777018953,,,,25.07063154648592,23.800075841714516,23.25376446819685,22.9344256553225,23.016895775676076,24.571904797433458,25.15789185797464,25.338144973232765,25.057584358861106,24.565980651912845,23.952777119371394,24.142930002847006,24.36477129030407,24.540156490800477,24.30480986726425,23.968254306906353,23.721166539531165,23.509727016898943,23.0850430064236,22.662197058222073,22.415876874049495,22.13907821599434,21.92255791361146,21.86344400635372,21.796956949791824,21.546176234652634,21.330946433503232,,23.509727016898943,22.13907821599434,,24.43641735749964,24.050956631269,"rgba(38, 166, 154, 0.5)",1.9723439779470007,24.350045423956146,0.5845722379744221,56.8404901519188,8.298341941756881,True,False,True,False,True,4.441712837933739,0.0,0.0,0.0,0.0,1,0.896925163140896,0.8905806887687895,False,False,False,False,0.2598343317268699,0.24360250909016617,False,False,False,False,-308620,-295517.1767074173,False,False,False,False,7003.328555082917,False,False,False,False
2025-07-15 00:00:00+00:00,24.7284654546,25.589084902,24.7284654546,25.589084902,2635,,,25.815088308212903,24.696317695490798,24.72454184278095,22.93132806245487,22.935038724710772,23.0010932264372,24.39757603867542,24.865228404682988,24.975503615623065,25.125929194207604,25.296915794489806,24.89323570702578,24.50848119129991,24.351588158959572,23.933236026873825,24.499107965530648,,,,25.06975125052526,23.80728523395114,23.262540880349754,22.94163894740852,23.02318969635622,24.572759125989553,25.157689949215523,25.33776844908473,25.057537763738647,24.566428991529712,23.95370427128621,24.143625150614,24.365262909415883,24.540475070985018,24.305263706341165,23.9688648377703,23.721890783214512,23.51054908599113,23.08601444590582,22.66329203861872,22.417047010623484,22.140327081662576,21.923861217501848,21.864761015633263,21.798289709343727,21.547560037974996,21.332374712451884,,23.51054908599113,22.140327081662576,,24.434388122341005,24.05277662941459,#000000,1.9487516535795917,24.349736110219286,0.1943445916697687,55.060774365965486,8.298341941756881,False,False,True,False,True,2.445117199014444,0.0,0.0,0.0,0.0,1,0.8910979893318985,0.9077368504302431,False,False,False,False,0.1730930733625226,0.2083477912263444,False,False,False,False,-311255,-296134.3462483029,False,False,False,False,6832.021552922803,False,False,False,False
2025-07-16 00:00:00+00:00,24.58502888,25.4265234508,24.2495785443,25.4265234508,9026,,,25.596720867829838,24.698393276458038,24.72554687192674,22.955302861607702,22.95886102763273,23.020189612566632,24.40006232530224,24.864577647557894,24.974269651713122,25.124027530805595,25.294563663255136,24.89272835863984,24.509304778004505,24.35288978083256,23.935619505225784,24.49974817064785,,,,25.053407332718763,23.82613442066877,23.287562110668386,22.962902861209564,23.041659441645358,24.573945483295837,25.155739429859825,25.335444161839277,25.056394197253745,24.56706687605749,23.95608828455199,24.145285802447518,24.366265816504,24.540963651446223,24.30624273746837,23.970429275522896,23.72386492991409,23.512869823546563,23.088884403373815,22.66661874522966,22.420644461139343,22.144208226777547,21.92794016490919,21.868890070106875,21.80247603156925,21.55193480899454,21.336911842789664,,23.512869823546563,22.144208226777547,,24.425175370625386,24.056888489261105,#000000,1.9238231224190778,24.34528523879076,0.1246183385652313,53.49693619407301,7.8858852770053005,False,False,True,False,False,2.079052331750404,0.0,0.0,0.0,0.0,1,0.8799927006723232,0.9102546856139007,False,False,False,False,0.11405124449550591,0.16119951786092515,False,False,False,False,-320281,-297081.27384640864,False,False,False,False,6918.0599233964185,False,False,False,False
2025-07-17 00:00:00+00:00,24.3842176756,25.589084902,24.3842176756,25.14921274,5710,,,25.50333571477959,24.700349167082262,24.72683307546779,22.970411849407814,22.973875838587126,23.03227683089141,24.40175862105436,24.86428804927643,24.973608778796994,25.12293801861394,25.293173928233184,24.892483042613218,24.509891060547957,24.35377452414812,23.937179134027655,24.500202543983857,,,,25.04493104218144,23.838075610185435,23.303299369311766,22.9763357161661,23.053356965100996,24.574820703325337,25.15461303514238,25.334063992246087,25.055751514812837,24.567537254918683,23.957649584825383,24.146386930063443,24.3669499949152,24.541318085850097,24.30690419800248,23.971456213189903,23.725148753900513,23.51437139163983,23.09072983238325,22.668750127767265,22.422945816911653,22.146687714877466,21.930543780085078,21.87152511465635,21.805147016245893,21.55472391362699,21.33980283105456,,23.51437139163983,22.146687714877466,,24.42227376109448,24.059622515796423,#000000,1.8909729190664926,24.344904891033163,0.02078971315265723,51.90462583315868,6.280233155285316,False,False,False,False,False,1.5620653479879927,0.0,0.0,0.0,0.0,1,0.8855756414758522,0.9068510668292696,False,False,False,False,0.1412840747475515,0.15124179630423834,False,False,False,False,-325991,-298214.9885975299,False,False,False,False,6870.6850244396965,False,False,False,False
2025-07-18 00:00:00+00:00,23.6383474879,24.7475903312,23.6383474879,24.7475903312,5143,,,25.362811950621065,24.686678668395437,24.713283464398433,22.97806931965249,22.981475187767035,23.0382568333818,24.40020568572963,24.861461023799475,24.97056832802421,25.1197124199398,25.29001970060093,24.89065863342666,24.508934669673213,24.353139435198052,23.937296110124453,24.49949959017345,,,,25.01616732911134,23.839959903859672,23.3099046459586,22.983138435186678,23.059089564911847,24.57272012975268,25.151477015485323,25.331071623830447,25.053514785738045,24.56645594787302,23.957734935274516,24.146173140382253,24.36642370818885,24.540623841511163,24.306533464163177,23.97149772751382,23.72545650740764,23.514895390092136,23.09162751820857,22.669962301077828,22.42433380850836,22.148260048060244,21.932247137309382,21.873262128554135,21.806922021949646,21.556628251275022,21.341815851654893,,23.514895390092136,22.148260048060244,,24.412004438806633,24.05872139577638,#000000,1.8321488191097832,24.335979300807246,-0.3807724599829269,48.926855904056126,3.4198009607671906,False,True,False,False,False,0.0,0.0,0.0,0.0,0.0,1,0.8822162786656466,0.93216923430645,False,False,False,False,-0.0027469868657216995,0.07424740471925832,False,False,False,False,-331134,-299505.9302211562,False,False,False,False,6802.932670540101,False,False,False,False
2025-07-21 00:00:00+00:00,23.6383474879,24.3171849831,23.6383474879,23.6574723645,5182,,,25.233215646203394,24.670640954010942,24.697463801973473,22.98461253231072,22.987965660718967,23.043328075829372,24.398085324462368,24.858155658136596,24.967070351824557,25.116064152207688,25.286503237611434,24.88853039904549,24.50769971940236,24.35223679505468,23.9371755330657,24.49858713837713,,,,24.984854510809498,23.840232311856262,23.315093867802297,22.98895579446012,23.063933677813644,24.570085511832545,25.147940206626632,25.327744706717503,25.0509627711968,24.565091800590412,23.957576477814857,24.145735270306304,24.365683299925475,24.539738196043405,24.30598172041958,23.971375856282606,23.725608860120076,23.51526898176555,23.092388920142774,22.67105073782587,22.425603403973085,22.149719617001512,21.933842166592623,21.874892033247622,21.808591216545672,21.558431923228454,21.343732093793907,,23.51526898176555,22.149719617001512,,24.40170843626468,24.05726517401761,#000000,1.7838391407884653,24.32664543772024,-0.3858520278437278,46.94167595132109,1.5567331793128432,False,True,False,True,False,0.0,0.0,0.0,0.0,0.0,1,0.8882266406068132,0.9269231777707969,False,False,False,False,-0.04157127549359274,0.01633806461283279,False,False,False,False,-331134,-300746.2466830717,False,False,False,False,6739.366683460097,False,False,False,False
2025-07-22 00:00:00+00:00,22.9881016832,23.9060957604,22.9881016832,23.8056901582,6524,,,25.042777705894046,24.63764119255402,24.665284425970036,22.987461756734568,22.990772189548508,23.04525069115964,24.392610036265044,24.851653521208952,24.96043500597967,25.10942086070873,25.28033418499682,24.884377531272374,24.50477825012748,24.349781022788548,23.935834976263465,24.496411649737237,,,,24.92888890897768,23.832743275200087,23.314849492697544,22.99147021071654,23.06566313927807,24.564136294652013,25.14154768359536,25.32195269780585,25.04622772163181,24.561989186849345,23.956157952418128,24.14407103025548,24.363696382876885,24.537686996871628,24.30439364540873,23.970404898635902,23.72501496122244,23.51497193803539,23.09263874889038,22.67176457334848,22.426566162514753,22.150943490931862,21.935254258109882,21.876352953972017,21.810106773676136,21.560137919646653,21.345595397378084,,23.51497193803539,22.150943490931862,,24.383426562575572,24.052513486968387,"rgba(239, 83, 80, 0.5)",1.7348705349077143,24.30855604977875,-0.761125594106071,44.03270496602809,-1.1532194723716884,False,True,False,True,False,0.0,0.0,0.0,0.0,0.0,1,0.875756737241187,0.9481039183418458,False,False,False,False,-0.13809623960774345,-0.060879087497455325,False,False,False,False,-337658,-302193.76642099046,False,False,False,False,6730.920931167545,False,False,False,False
2025-07-23 00:00:00+00:00,23.4279738452,23.5809728581,22.4527007626,23.1984753259,13212,,,24.72942440474078,24.568942112133346,24.59821434053604,22.99050771267589,22.993745257268515,23.04691155636217,24.38029221866123,24.837479386497577,24.94604019124844,25.095086798942113,25.267083552613332,24.87529759749019,24.49822449615684,24.34418655619671,23.93254775865124,24.49151896465122,,,,24.817378135031195,23.814400414263588,23.31114241938968,22.994135955192395,23.066985437194464,24.550945089920805,25.127763674330183,25.309519457879084,25.035955186745163,24.555062375329708,23.95269925016849,24.1401678430776,24.35917054339669,24.533087616896307,24.300748553764794,23.96804116696175,23.723427492533933,23.51399248101162,23.092791978131295,22.672880607181398,22.428195284046144,22.153110975117603,21.937810815147962,21.879010628820197,21.81287742709314,21.563303994881885,21.34908720013452,,23.51399248101162,22.153110975117603,,24.3497189315516,24.042014783920003,"rgba(239, 83, 80, 0.5)",1.6528070778594768,24.2740976650813,-0.5119313870419168,43.660661833077036,-1.4897761559487392,False,True,False,True,False,0.0,0.0,0.0,0.0,0.0,1,0.8716957003244195,0.9550427112444466,False,False,False,False,-0.21819802518655812,-0.13953855634200674,False,False,False,False,-324446,-303066.4030319321,False,False,False,False,6985.080894651171,False,False,False,False
2025-07-24 00:00:00+00:00,23.4279738452,23.4279738452,23.2080377642,23.2080377642,1485,,,24.70425987947776,24.562655593181844,24.59204256492579,22.99125530835195,22.994483160278143,23.047439500619333,24.379147176131948,24.836089255558594,24.944616230397788,25.09365408835703,25.265745052000106,24.874401326449306,24.497601264643226,24.343666535531018,23.932274833883735,24.491053475609803,,,,24.807122110315817,23.813008417413407,23.311254779552538,22.994799841192588,23.067469271342638,24.54968870491293,25.1263827002863,25.308260230509166,25.034929974605863,24.554399026720382,23.952409605504606,24.139819973446517,24.358748351775706,24.532647546183956,24.300411769468038,23.967841651839798,23.723312322091523,23.513943919136263,23.092865599045606,22.67305795017107,22.42842847325431,22.153402768863938,21.938144828577173,21.87935559058536,21.81323464754334,21.56370388970825,21.349522396024923,,23.513943919136263,22.153402768863938,,24.346899077837335,24.041118687275734,"rgba(239, 83, 80, 0.5)",1.5578345680121657,24.271215191970576,-0.54129068906628,43.41263307777633,-1.8272025365472757,False,True,False,True,False,0.0,0.0,0.0,0.0,0.0,1,0.8888379363157451,0.9610060441871536,False,False,False,False,-0.16189994984536477,-0.15071925309368575,False,False,False,False,-324446,-303904.8185993073,False,False,False,False,6769.391447802105,False,False,False,False
2025-07-25 00:00:00+00:00,23.5522855432,23.5522855432,23.5522855432,23.5522855432,985,,,24.690441013523532,24.55919785020448,24.58863094770516,22.992018241744542,22.99523858997116,23.048013305812756,24.37853531641349,24.835291432814024,24.943790346337533,25.09281292110014,25.264949960784126,24.873884644046242,24.497259663650627,24.3433907712717,23.932155834167233,24.490798585106987,,,,24.801313118612764,23.81248584694478,23.31166684729494,22.995479937569293,23.06800952168772,24.54899437352505,25.125569928086495,25.307510281860267,25.034330540559015,24.554031843219256,23.952281105804445,24.139647436328325,24.35852358663299,24.532404768418708,24.30023516446468,23.967752013784615,23.723276899977126,23.513951668902067,23.09295125437052,22.673209622081938,22.42861607076465,22.153628065639314,21.938397190025135,21.879614953242598,21.81350186695291,21.563998299563536,21.349839397319382,,23.513951668902067,22.153628065639314,,24.345400589040857,24.040681288006247,#000000,1.5112817679592268,24.26971401612757,-0.47471523056640536,43.72987611373051,-1.8272025365472757,False,True,False,True,False,0.0,0.0,0.0,0.0,0.0,1,0.9013887519743199,0.9447823972515237,False,False,False,False,-0.11881615487987186,-0.13476770398677881,False,False,False,False,-323461,-304671.7276738443,False,False,False,False,6542.552567496141,False,False,False,False
2025-07-28 00:00:00+00:00,23.5522855432,23.8678460072,23.5522855432,23.8678460072,1797,,,24.66831889715657,24.553602910999004,24.583090154069637,22.993665092371916,22.99687075909317,23.049274442897786,24.37756320027683,24.833957585530946,24.942399858617968,25.09138530808492,25.263590294318227,24.873018006903397,24.49670639358305,24.342954997922455,23.931998989092083,24.490386006001778,,,,24.79173371283906,23.811921089580892,23.312742042880874,22.996950001089033,23.06920544721858,24.54786356580668,25.12418828725537,25.306225643770453,25.033315729395454,24.553432925733663,23.95210848017631,24.13938925001981,24.35816731155102,24.532009663330722,24.299958467937156,23.967629958378513,23.723252044965488,23.514004572393556,23.093143204699295,22.673519285629453,22.42899017850879,22.15406979959759,21.93888738005979,21.88011766106653,21.814018639928648,21.56456358924875,21.35044509764586,,23.514004572393556,22.15406979959759,,24.343048931057485,24.040038034232566,"rgba(239, 83, 80, 0.5)",1.4219429397136167,24.26739320116267,-0.5029088284700747,43.94137147103331,-1.8272025365472757,False,True,False,True,False,0.0,0.0,0.0,0.0,0.0,1,0.8960008735074239,0.934988965642344,False,False,False,False,-0.09005555799121491,-0.11241163098899687,False,False,False,False,-323461,-305408.56188271317,False,False,False,False,6356.4524668100175,False,False,False,False
2025-07-29 00:00:00+00:00,22.1466071125,23.3323494622,22.0031705379,22.9976641215,10766,,,24.42107029845536,24.479786878989866,24.51118001043292,22.98636559906798,22.98955407927887,23.042475401866145,24.362471854141297,24.81818883368371,24.926645656814937,25.075999832563372,25.24962637243245,24.862906799760044,24.488832827927745,24.33594430393104,23.927096605531123,24.484481990506566,,,,24.681957131831446,23.783769903406053,23.297770348967642,22.990347054995063,23.06229831155453,24.532374049806986,25.10944193558007,25.293169474008966,25.022152283340187,24.545223774527937,23.947011328588644,24.13412785103748,24.35250887131195,24.526510859324333,24.295312906388233,23.96416527406231,23.720476752486906,23.51175705973871,23.091925250129936,22.67318162835778,22.429108611431296,22.154667033551362,21.93983415959894,21.88115591847306,21.815158489714033,21.56606481928414,21.35224060868802,,23.51175705973871,22.154667033551362,,24.310164209086462,24.026774102472256,"rgba(255, 0, 0, 1.0)",1.3886177956327677,24.23183226556089,-1.5016552139969448,40.27264893859012,-5.334422614372393,False,True,False,True,False,0.0,0.0,0.0,0.0,0.0,0,0.8772086957368124,0.9442797766389756,False,False,False,False,-0.2852286161730777,-0.1988201235810373,False,False,False,False,-334227,-306538.6967108421,False,False,False,False,6529.375899484135,False,False,False,False
2025-07-30 00:00:00+00:00,22.7586031639,22.9211646151,22.1752944274,22.4334802616,7522,,,24.28838507795507,24.434313091131038,24.466726084583083,22.982646992579284,22.985818239730005,23.038877557852693,24.352762554677977,24.80787960518233,24.916314639237928,25.06587037530684,25.240389688835688,24.85626120235889,24.48370889111824,24.331405994499764,23.923986598157192,24.48063398130801,,,,24.615297527002287,23.766632406885048,23.289199034248558,22.986965647943553,23.058604407249742,24.522341340921656,25.099721744156597,25.284521020362327,25.014791333813108,24.53987218278493,23.943774029727596,24.130748853390582,24.34883885111255,24.522920432380506,24.292304322327006,23.96195809298096,23.71874092270228,23.510383725287284,23.09125354455748,22.67310965448135,22.42934902714576,22.155235456756113,21.940641690197147,21.882025960551534,21.81609803020509,21.56725094861045,21.353627972629127,,23.510383725287284,22.155235456756113,,24.290998785907128,24.01859895371577,"rgba(239, 83, 80, 1.0)",1.2549032234459958,24.210902918482738,-1.1573002024767198,40.28201219554596,-5.427449210563772,False,True,False,True,False,0.0,0.0,0.0,0.0,0.0,0,0.8840798593798994,0.9455633760745868,False,False,False,False,-0.308737714853295,-0.2537789192171661,False,False,False,False,-326705,-307329.5321339463,False,False,False,False,6568.302334798483,False,False,False,False
2025-07-31 00:00:00+00:00,22.2804812487,23.2206601828,21.7546427664,23.2206601828,2044,,,24.251721467035782,24.421020253473568,24.453738092626512,22.981102467878188,22.984271219741178,23.03745099941098,24.349841112261792,24.804840827712802,24.91328063720721,25.062908767929287,25.237700574817755,24.85430156012463,24.4821727912627,24.330033588797527,23.923015140268948,24.47947921022219,,,,24.59618315944225,23.7612672290683,23.28622467388101,22.985565187993753,23.05716059583006,24.519349113602193,25.096881926347546,25.282005222057208,25.012632795615914,24.53827244787382,23.94276489106276,24.12971232567935,24.34772944460361,24.521845031076523,24.29139130731885,23.961270587650585,23.718184722535327,23.5099278628431,23.090994384106356,22.673018897112254,22.42934531592338,22.155323156511393,21.94079621164022,21.88219798481964,21.816289481542263,21.567511633848408,21.35394498199679,,23.5099278628431,22.155323156511393,,24.285429919423187,24.016119090285038,"rgba(255, 0, 0, 1.0)",1.1261871143244802,24.204757316196662,-1.7086646108989625,39.12970397641472,-6.674017437061039,False,True,False,True,False,0.0,0.0,0.0,0.0,0.0,0,0.8806085100485823,0.9410730516909945,False,False,False,False,-0.3207781343649271,-0.2872785267910466,False,False,False,False,-328749,-308169.5112659484,False,False,False,False,6390.878713825993,False,False,False,False
2025-08-01 00:00:00+00:00,21.2859876651,22.7629062612,21.2859876651,22.3043873445,1967,,,24.205912939471336,24.404354838818154,24.43751022902712,22.977941263316314,22.981114282380485,23.03467037016077,24.34610869363795,24.801141092596175,24.909620276019865,25.05937637554316,25.234530928857744,24.85192374795342,24.480238707264498,24.328272949136956,23.921684075692607,24.47802427773507,,,21.778293863799995,24.572783229334313,23.75370130038537,23.28128324944022,22.982709316675958,23.054390269769378,24.51560241828012,25.09350277642831,25.279047918721567,25.010047061789134,24.536270906082397,23.94138759041705,24.12834321514221,24.34630908100654,24.52049643900414,24.290213417054982,23.960335194200123,23.717386432078406,23.509232357920812,23.090507862618324,22.672711971804436,22.4291291786685,22.15520237257693,21.940745669743375,21.88216593787742,21.816277866309314,21.567573726610348,21.35406650491356,21.778293863799995,23.509232357920812,22.15520237257693,,24.27827656547573,23.96809219500747,"rgba(255, 26, 202, 1.0)",1.0037293518438695,24.03517978163321,-2.738977505721931,36.33852515891432,-9.414619652288486,False,True,False,True,False,0.0,1.0,22.762907,21.285988,0.0,0,0.8765322105753188,0.950750318463998,True,False,False,False,-0.34282825441539394,-0.31505339060322024,False,False,False,False,-330716,-309053.68729473476,False,False,False,False,6217.393274068111,False,False,False,False
2025-08-04 00:00:00+00:00,21.7736720186,21.7736720186,21.5250486227,21.5250486227,1428,,,24.172545062818052,24.391988445745575,24.425468347603886,22.975490061256842,22.978666783925803,23.03251932528652,24.343313719931956,24.798383245555303,24.906894179898785,25.05674843156961,25.23217530884947,24.85015073400016,24.478790923590942,24.326952478089613,23.920679381339323,24.476934808900296,,,21.741491291960823,24.5555130843684,23.748002979901084,23.27750846288576,22.980494461898086,23.052249195830463,24.512802069403126,25.090989262101555,25.276850523883528,25.00812171020185,24.534773606398204,23.940348396406453,24.127313299488197,24.345243811283247,24.51948700795962,24.28932922345829,23.959629410898806,23.71678117006576,23.508702280786927,23.090131348262872,22.672467497930935,22.42895127496846,22.15509439000897,21.94068924526381,21.88212309776223,21.81625002449822,21.567600073700284,21.354136497469227,21.741491291960823,23.508702280786927,22.15509439000897,,24.27298132739763,23.96378812987215,"rgba(255, 26, 202, 1.0)",1.0356562080363771,24.027504712233732,-2.176236357340087,36.36212311061466,-9.471900763834604,False,True,False,True,False,0.0,0.0,0.0,0.0,0.0,0,0.8743233057162328,0.9654881642484978,False,False,False,False,-0.34282825441539394,-0.3289408225093071,False,False,False,False,-329288,-309847.1897537648,False,False,False,False,6029.573929987009,False,False,False,False
2025-08-05 00:00:00+00:00,21.9649207847,23.2461918931,21.9649207847,22.0127329762,9533,,,24.02767884606128,24.332939131542354,24.367646846283883,22.968165322031613,22.971331010683222,23.025747568539636,24.329697792157265,24.784223257587488,24.892755308180856,25.04294238812176,25.21962755262115,24.84098103354094,24.4715854538611,24.320506919780193,23.91609725173688,24.471508527952803,,,22.22117924418919,24.472293077748564,23.723450760088387,23.26369749053403,22.97383551290292,23.045400304167917,24.498859004559893,25.077745193356822,25.26510488775143,24.99803036306641,24.527272821706816,23.93559032955752,24.12243237468219,24.340026998357462,24.51443260984912,24.28503061326439,23.956381717596468,23.71414511420766,23.506533421030756,23.088879949326856,22.672002121672953,22.428891950318725,22.15546157126712,21.941368373046796,21.882883963654788,21.817101599298304,21.56877514361515,21.355574675877914,22.22117924418919,23.506533421030756,22.15546157126712,,24.248964638167653,23.976516089397244,"rgba(255, 0, 0, 1.0)",1.060477649873113,24.025216024955483,-1.9427993041644969,37.09896675537658,-9.471900763834604,False,True,False,True,False,0.0,0.0,0.0,0.0,0.0,0,0.8920432654924566,0.9480688711322751,False,False,False,False,-0.18841471208746222,-0.25867776729838465,False,False,False,False,-319755,-310235.73133204854,False,False,False,False,6166.9631876345775,False,False,False,False
2025-08-06 00:00:00+00:00,25.4934605189,26.9861571382,23.4279738452,24.1164694031,23485,,,24.240540841530702,24.398681683615415,24.428849228581726,23.03819290795904,23.040997909399664,23.08354286923524,24.346138463458413,24.79162949839228,24.89835326806726,25.046213930074344,25.22052014321871,24.845183990576007,24.47859419934803,24.32850022085523,23.926260179665988,24.47680284470697,,,24.208533602817205,24.544157553675632,23.79087967177973,23.339138083139197,23.036990018285348,23.101644570759234,24.511668211203727,25.080430119477768,25.265476551650515,25.000896744398617,24.533901249828006,23.94586102860004,24.1305533302966,24.34631867462795,24.519018371751017,24.290678240179023,23.963217335935216,23.72189342895046,23.515085899061557,23.0986123953734,22.682711670767148,22.440216348743697,22.167431647710778,21.953782281790676,21.895409082612268,21.82975531581079,21.581839992920315,21.36900266733265,24.208533602817205,23.515085899061557,22.167431647710778,,24.286812636167813,24.09724775408951,"rgba(38, 166, 154, 1.0)",1.072831739341271,24.170628956316058,1.2330279894554332,45.95320913899171,-8.650759062612288,False,True,False,True,True,4.6600557038840265,0.0,0.0,0.0,0.0,0,0.9096577799531242,0.8550417949841443,False,False,False,False,0.2079190623822594,-0.025379352458062623,False,False,False,False,-296270,-309688.0555935369,False,False,False,False,6846.101886158712,False,False,False,False
2025-08-07 00:00:00+00:00,26.2967053365,26.2967053365,25.4360858891,25.6751468467,7438,,,24.32940444679181,24.432552994254987,24.46096298540885,23.066160516780695,23.068833946888265,23.106881542400124,24.35499577783708,24.79711775873788,24.903141508840818,25.05004489607364,25.223202510660407,24.848533231133533,24.482673800231655,24.332823419563884,23.931086175241358,24.479889855053532,,,24.514069596794055,24.583265906232686,23.82048852831688,23.370073309862576,23.06230716970924,23.12441628252205,24.5191927844303,25.083932746149603,25.26781035227019,25.00389578680416,24.537887106616182,23.95076093159629,24.134640289884484,24.34975550272,24.521760708219468,24.293695058981676,23.966503495036097,23.7254227480509,23.51884274890121,23.10266047675001,22.686996196050167,22.444666024699377,22.172054777227515,21.958521211610748,21.900176374035535,21.834556105484083,21.5867417295949,21.373997745832035,24.514069596794055,23.51884274890121,22.172054777227515,,24.304269085368656,24.122569076492404,"rgba(0, 255, 255, 0.75)",1.1025571210087874,24.20694277804811,1.8953780431256548,52.97992144906942,-2.4626042270633093,True,False,True,False,True,6.444848578808607,0.0,0.0,0.0,0.0,0,0.9369124090732411,0.8893297447513256,False,False,False,False,0.3140506569032855,0.14433565222261144,False,False,False,False,-288832,-308870.171060457,False,False,False,False,6869.313576897586,False,False,False,False
2025-08-08 00:00:00+00:00,25.8281458596,26.7748272517,25.4457439518,26.7748272517,8090,,,24.41678001955701,24.467955876763128,24.494581096303186,23.096053008003008,23.098588068876865,23.131902114448145,24.364559934881648,24.80306248008546,24.908332737079867,25.054204827138527,25.226122980768146,24.852174234516514,24.48710491404633,24.337518278327146,23.936325989938613,24.483247383886496,,,24.748037957859413,24.623680457938956,23.851900212435773,23.40299644828425,23.08941729991742,23.148836764290394,24.5273264081929,25.08773870963478,25.270353944767898,25.007158189235078,24.54221674920949,23.956080505457653,24.13908048868387,24.35349187408846,24.524744793666798,24.29697653317059,23.970076921493426,23.729259830150703,23.522926568089066,23.10706031779086,22.69165274457482,22.449501847301523,22.177078920282163,21.963671121557862,21.905357093807176,21.839773211824312,21.592068541128896,21.379425980763777,24.748037957859413,23.522926568089066,22.177078920282163,,24.322407121538756,24.14496804871789,"rgba(38, 166, 154, 1.0)",1.120898458682504,24.240621567361337,1.4162962576508729,56.408825987541974,0.2494079557841431,True,False,True,False,True,5.233051691035261,0.0,0.0,0.0,0.0,0,0.9445123107250467,0.880554291136856,False,False,False,False,0.3428282378121658,0.2435819450173886,False,False,False,False,-296922,-308401.61533259595,False,False,False,False,6917.183632705524,False,False,False,False
2025-08-11 00:00:00+00:00,28.1805056824,28.1805056824,25.8973779129,26.1054565704,12423,,,24.63802097810509,24.565912341617402,24.588547102855138,23.16229408616879,23.164547398865384,23.18778651272366,24.391331036675947,24.822508330679156,24.926188768431874,25.06974001066512,25.23845671207491,24.864408160652705,24.50005828897979,24.350660780584885,23.949715168142006,24.493068045310572,,,25.263654054566707,24.73973660698874,23.928587014642716,23.478295083190392,23.14959335606839,23.20350770284527,24.551256111697523,25.102264747879342,25.2815115998397,25.019037083992085,24.555098664961577,23.969723838639727,24.15092472202626,24.364011550395855,24.533593429336754,24.306084231013134,23.979286626176464,23.738727071899177,23.53268649552949,23.117037355245046,22.701785437645448,22.459813772730158,22.18757903097635,21.974283383836134,21.91599417824898,21.850442498343263,21.60281001846123,21.390252014568638,25.263654054566707,23.53268649552949,22.18757903097635,,24.36957773265828,24.198230867346716,"rgba(0, 255, 0, 1.0)",1.2119722690020054,24.32268697782906,3.183091563429621,61.59455388904253,4.6762448971910615,True,False,True,False,True,10.174191114398319,0.0,0.0,0.0,0.0,0,0.952690122592065,0.8526982685556931,False,False,False,False,0.34282824067299844,0.2932050928451935,False,False,False,False,-284499,-307464.25786857255,False,False,False,False,7133.098000050406,False,False,False,False
2025-08-12 00:00:00+00:00,28.7446895423,30.8866757225,27.3916045223,28.4865037081,13590,,,24.96395389636912,24.721525969729907,24.738580949097557,23.2586518253872,23.26052038161973,23.269602444984056,24.435165394448493,24.856261128719392,24.95769234366243,25.097832357746547,25.2615012105435,24.885894725424567,24.52173585347497,24.37228451875969,23.97089525306288,24.509526073638817,,,25.916359426119183,24.925126935048937,24.04527656958237,23.589415593771715,23.23731877342414,23.28366752115466,24.59123055614918,25.128699661673643,25.30255459709319,25.04040815095544,24.576799881737443,23.99134095911105,24.170032384246802,24.381375929204044,24.548504720255483,24.321038341587837,23.993930549899197,23.75347297569893,23.547647274030744,23.131908295912464,22.716535228961295,22.474642140615593,22.202489688208562,21.989217642557538,21.930928070161876,21.8653826426479,21.617711305738702,21.405158630289883,25.916359426119183,23.547647274030744,22.202489688208562,,24.4426015204168,24.273805454832818,"rgba(0, 255, 0, 1.0)",1.315361898386346,24.442046876816246,3.271071384051897,65.60122145635782,8.014191139160921,True,False,True,False,True,11.278659062051815,0.0,0.0,0.0,0.0,0,0.9787084902016667,0.8172039141234312,False,False,False,False,0.34282824452648364,0.31801666868583855,False,False,False,False,-270909,-306030.71834431484,False,False,False,False,7386.309843185684,False,False,False,False
2025-08-13 00:00:00+00:00,30.1121182198,30.4659284371,29.2801860874,29.5049033875,7483,,,25.160767012291906,24.820530507998757,24.834267630527098,23.3188660274189,23.320502476304927,23.320937348968613,24.463863833553255,24.878793219508523,24.97883199759404,25.11682811286212,25.27724113814479,24.90032192189242,24.536079300744746,24.386515742483656,23.984656108048124,24.52043044836177,,,26.269886207523992,25.042569107332188,24.119074796375333,23.659059086770828,23.292239317374538,23.334000201079792,24.6175818628092,25.14661253440161,25.31696998774604,25.054858174783263,24.59118858361056,24.005392546428258,24.182532426242087,24.392823810077985,24.558404094637076,24.330884204412367,24.003470595890946,23.76301141234352,23.557270074470225,23.14137651079402,22.725843074918636,22.48395539737903,22.21180842892165,21.99851745662535,21.940218817707336,21.874667495969266,21.626936815508333,21.41435897435612,26.269886207523992,23.557270074470225,22.21180842892165,,24.488714551668977,24.318960276755192,"rgba(0, 255, 0, 1.0)",1.4801364364273957,24.514471120329322,3.7818453500014595,69.46435755144509,11.301760259200947,True,False,True,False,True,13.855118047921739,0.0,0.0,0.0,0.0,0,1.0015762823510863,0.8183141870007381,False,False,False,False,0.34282824540901136,0.33042245704742496,False,False,False,False,-263426,-304359.94507591036,False,False,False,False,7390.1016140411475,False,False,False,False
2025-08-14 00:00:00+00:00,29.9017445771,30.4085538073,29.1379926298,30.2651172327,14929,,,25.500439757883,25.002289519274797,25.010219753527775,23.433408318686418,23.43461354903284,23.41897028383379,24.518832645111026,24.921961215733173,25.019332576533323,25.15322661619519,25.30742110704415,24.928089040605826,24.563753886524257,24.414000353226463,24.01129721040305,24.541511309658855,,,26.797369428849322,25.25512551089916,24.257608752817916,23.790624659678134,23.396974343064603,23.43015354288708,24.668060926444635,25.180950327672427,25.34462420161608,25.082637019051468,24.618940159194892,24.032589680758868,24.206723173044292,24.414965103502194,24.577548377909,24.34994978830362,24.02197747057933,23.78153551793905,23.57597361907932,23.159810421782012,22.74399161858594,22.502128047752223,22.230006035841775,22.01668873400791,21.95837521071126,21.892815474040066,21.644980259706625,21.43236231539321,26.797369428849322,23.57597361907932,22.230006035841775,,24.573710446454623,24.39720710125367,"rgba(0, 255, 0, 1.0)",1.617062705142832,24.64211035183924,3.2525852018807075,71.46286093020663,12.960761215178557,True,False,True,False,True,13.294672537019306,0.0,0.0,0.0,0.0,0,0.9993372925394759,0.8350591243376987,False,False,False,False,0.3338676465884259,0.3321450518179254,False,False,False,False,-278355,-303340.14330822765,False,False,False,False,7685.744688000319,False,False,False,False
2025-08-15 00:00:00+00:00,30.2173050412,30.5806776967,29.0506875681,29.7583080026,31048,,,26.08661949075865,25.35030704118777,25.348202293448196,23.663867174960437,23.664248696903655,23.617723673407355,24.63240260852236,25.011747350494225,25.103711466551392,25.229263640230723,25.370739318246294,24.986393302816985,24.621829082110455,24.471668938819914,24.067186881549567,24.585916148868865,,,27.542108288686546,25.653010146124647,24.531606055066305,24.05268137637896,23.608683409022493,23.62525667930689,24.772607262672032,25.252780389655914,25.402746503606213,25.140983325877098,24.67717975230097,24.089630977138995,24.257554793248847,24.461562118432997,24.617922875138355,24.390137104139274,24.06096939844936,23.820543537666357,23.615340118918756,23.198585579070723,22.78214606826726,22.54031929602448,22.268235177736734,22.054852561430973,21.996505253399693,21.930924929767905,21.682860694662363,21.470150179461484,27.542108288686546,23.615340118918756,22.268235177736734,,24.738239194304803,24.538594484545087,"rgba(0, 255, 0, 1.0)",1.7516288510783378,24.876015643261553,3.0493271417916197,73.08703006697866,14.44998678903707,True,False,True,False,True,13.884691726783032,0.0,0.0,0.0,0.0,0,1.0180533336330158,0.8179429314297603,False,False,False,False,0.33766961763178355,0.33490733472485446,False,False,False,False,-247307,-301142.76513927756,False,False,False,False,8601.911562980698,False,False,False,False
2025-08-18 00:00:00+00:00,30.3703040541,31.2885219595,29.3237331081,30.5973902027,6568,,30.327519707233336,26.201613659858225,25.42328744850446,25.419250560533442,23.71335257796343,23.71356476832352,23.660646083133493,24.657486266992663,25.031754131071164,25.12255595546757,25.24630417314992,25.385000603935993,24.999480196652136,24.634814574742006,24.48454584337481,24.079626455120845,24.59587178437342,,,27.674695018818124,25.735346561170925,24.590032119744947,24.108657181565192,23.654293644567037,23.66742017806213,24.795771276273992,25.26889969537768,25.415860867779735,25.154103395169802,24.690208791374992,24.10232626635545,24.26889917902485,24.471991009700595,24.626986156559667,24.399137614888893,24.069677459420422,23.82923726750371,23.624098808805734,23.20718758591623,22.790588570929195,22.548757839439126,22.276669375721664,22.06326312311622,22.004905954792424,21.939318402551763,21.69119416675371,21.47845542824024,27.674695018818124,23.624098808805734,22.276669375721664,,25.099804399437087,24.567741503904003,"rgba(0, 255, 0, 1.0)",1.8775169897077066,25.16987258058736,2.7698452275109626,74.31709870946648,15.723756772570468,True,False,True,False,True,14.17244732799763,0.0,0.0,0.0,0.0,0,1.022504859229344,0.7971175437562208,False,False,False,False,0.3428282458595718,0.33886779029221314,False,False,False,False,-240739,-298773.9900357765,False,True,False,False,8522.15032521675,False,False,False,False
2025-08-19 00:00:00+00:00,27.0627449324,30.844222973,27.0627449324,30.2518243243,32615,,28.65920282193955,26.45338657779051,25.62010831676731,25.611396890805757,23.877302832206276,23.876975398736814,23.804196772455764,24.73594464148522,25.092141341986512,25.17888248145621,25.296540141768972,25.426388102181505,25.03943463719304,24.676033298638842,24.526009953613745,24.12108973380442,24.627691671139072,,,27.798684401375827,25.94349366437229,24.76799842784776,24.287434342115446,23.80654902279921,23.80845811830443,24.867333288299616,25.316327957623077,25.45380471096755,25.193418744888437,24.731337614644122,24.144556977495707,24.3061801392776,24.50569392549283,24.65589401126096,24.42845596139654,24.09882777192476,23.858856406774034,23.65435212891733,23.23765950103977,22.821158996601156,22.579664531664896,22.307929408252484,22.094707951256137,22.03638598276916,21.97085099321441,21.722790429523627,21.51017843052592,27.798684401375827,23.65435212891733,22.307929408252484,,25.09545444788056,24.643265855840863,"rgba(38, 166, 154, 0.5)",1.8982304100862704,25.2114372771159,0.9752807907023073,67.26774391182212,15.723756772570468,True,False,True,False,False,5.782066921415993,0.0,0.0,0.0,0.0,0,0.9836638530980861,0.8313480318178575,False,False,False,False,0.230890498872934,0.2848791445825736,False,False,False,False,-273354,-297777.12768143235,False,False,False,False,9466.967959521975,False,False,False,False
2025-08-20 00:00:00+00:00,26.7073057432,27.6551435811,26.48515625,26.9640118243,11207,,28.27888964865616,26.47281219909635,25.65039809789351,25.641136740702837,23.914390176493978,23.913947764776886,23.837119888174794,24.752103024046992,25.103775155050233,25.189523318980473,25.305759974009856,25.433723170665047,25.04729057395309,24.684728766808085,24.53497061290036,24.130552999264534,24.63448162943063,,,27.74631948716881,25.970541248482796,24.803151858945657,24.32567411802773,23.84137337228472,23.840813555281745,24.88174541338718,25.324994256383935,25.460480849053003,25.200871502517483,24.739931672277507,24.154166051302816,24.314504861617568,24.513019604942443,24.662040444363495,24.434910823121825,24.105524196653576,23.8658393082529,23.661624946255575,23.245240098764377,22.828981770322933,22.58768591214166,22.316159765795852,22.103072521869272,22.04478236671564,21.979286152395783,21.731332311382147,21.518826446700935,27.74631948716881,23.661624946255575,22.316159765795852,,25.089741396523756,24.65463838345426,"rgba(38, 166, 154, 0.5)",1.9135263550363026,25.21140962342549,0.781748375629836,61.94657161319168,21.27529752718469,True,False,True,False,False,4.957094204153133,0.0,0.0,0.0,0.0,0,0.9753092935456174,0.8708214252401483,False,False,False,False,0.0834794243483389,0.18417928446545623,False,False,False,False,-284561,-297258.8481645134,False,False,False,False,9535.204510128957,False,False,False,False
2025-08-21 00:00:00+00:00,25.2658023649,26.2876900338,25.2658023649,25.9075675676,7505,,27.932455625921467,26.45066201518465,25.64973718242311,25.64062766360108,23.92796061741822,23.927478577559683,23.849437068732303,24.75625958468942,25.105875112203307,25.191194722903617,25.306879085432968,25.434278478215127,25.048826624472095,24.687083829513952,24.53761737981958,24.133852773839372,24.636381622173438,,,27.661485386918624,25.96409958695601,24.81172890128523,24.337878483235112,23.854374950431964,23.852910815049505,24.885089498422065,25.325990999405477,25.460915899786187,25.20202105792788,24.742174354035384,24.157490469963026,24.31722413678505,24.515210432825047,24.663732424454068,24.43691633431214,24.107881815676897,23.868469155929276,23.6644954844417,23.248465234207245,22.832502018845815,22.591392445749566,22.32006241317182,22.10711032213383,22.048854082886876,21.98339709652299,21.73556892690372,21.52317418751578,27.661485386918624,23.6644954844417,22.32006241317182,,25.07156517435902,24.653927771102396,#000000,1.9135412601608959,25.193320217799446,0.03787853892131925,56.085367775068505,15.932972344735433,True,False,True,False,False,1.7149744723583957,0.0,0.0,0.0,0.0,0,0.959996127309404,0.8814094110841477,False,False,False,False,-0.01532545744348149,0.08442691351098737,False,False,False,False,-292066,-297055.2070600227,False,False,False,False,9455.588646986645,False,False,False,False
2025-08-22 00:00:00+00:00,26.7171790541,26.7171790541,25.0110156554,25.0110156554,7887,,27.718561401101024,26.44275494442274,25.657493139703217,25.648337153347793,23.94651939238757,23.94598282847164,23.866134333026864,24.763341595518607,25.110432419942477,25.19521085077236,25.310158085498518,25.43668352528157,25.051992110408392,24.69099736712649,24.54178825390507,24.138575203520098,24.63948155026751,,,27.60097073336519,25.96746462008989,24.826561907665777,24.355829936541014,23.87199707899402,23.86932131272748,24.89118651700309,25.329040773644675,25.46306291778617,25.204831895555785,24.745988993680086,24.162268528680187,24.321265804741117,24.518642249374434,24.666522614160947,24.439989904224962,24.111244741996085,23.872083573864753,23.668342464568767,23.252621964528284,22.83691283463544,22.595976337949576,22.324828527654297,22.11199934226302,22.053773435343583,21.98835207906948,21.74063325314689,21.52833845892994,27.60097073336519,23.668342464568767,22.324828527654297,,25.064967303217763,24.65696192665963,"rgba(38, 166, 154, 0.5)",1.929860047300033,25.187699127475277,0.7925341160176562,54.59472883686952,14.653341146446948,False,False,True,False,False,4.645868112948467,0.0,0.0,0.0,0.0,0,0.9550519083147588,0.890256153053084,False,False,False,False,-0.008664741146858331,0.03788108618206452,False,False,False,False,-284179,-296550.2577635512,False,False,False,False,9394.075366712661,False,False,False,False
2025-08-25 00:00:00+00:00,25.4336486486,26.7270523649,25.4336486486,26.7270523649,3024,,27.637088488600188,26.437014352056107,25.658721835973555,25.649589735235498,23.952646956159853,23.9520928341011,23.871684437791927,24.765485674012965,25.111694578279337,25.19628619026843,25.31098539462018,25.437235565488006,25.052888224088942,24.692201352549613,24.543100368388142,24.14012526342662,24.64044393703787,,,27.574748422715405,25.966751012386922,24.83096038011438,24.361544458968922,23.87784905676041,23.874775878307357,24.892984699147295,25.329801377006127,25.463543326075538,25.205582535562566,24.74715137689321,24.163833652516406,24.322570866196106,24.519725883838603,24.667385386037434,24.44097024830735,24.11235206791695,23.87329404254906,23.669645951100467,23.254056747671537,22.83845629670706,22.59759064898397,22.32651744373118,22.113739215967133,22.055526009054663,21.990119437965873,21.742447147600497,21.53019407687894,27.574748422715405,23.669645951100467,22.32651744373118,,25.06172265812225,24.657476368503602,#000000,1.9327732726365594,25.184497066399693,0.12890885119723813,51.66531508202246,11.835172459731176,False,False,False,False,False,1.8715861439135715,0.0,0.0,0.0,0.0,0,0.9624646053440132,0.8912090755396879,False,False,False,False,0.007822976926849993,0.022852031554457256,False,False,False,False,-287203,-296183.6986355688,False,False,False,False,9144.268489586673,False,False,False,False
2025-08-26 00:00:00+00:00,25.3744087838,26.1544003378,25.3744087838,26.1544003378,4139,,27.52345351772031,26.42624962068969,25.658526149761716,25.649470412506858,23.959967818693798,23.959393182352407,23.878358872264755,24.767794638205974,25.112888903622352,25.197247140654383,25.3116443617826,25.437582953885777,25.053764429446055,24.69352228902508,24.54457976432938,24.141959552338324,24.64151132776303,,,27.53544955445839,25.963619464760015,24.835592406292754,24.36810823293074,23.884881006467303,23.88133476188479,24.894854247824956,25.330392134404804,25.463822540074784,25.2062490911387,24.74841129947791,24.165681694143792,24.324087253056426,24.52095269551855,24.668337450308922,24.442093121013784,24.1136664711883,23.87475706630156,23.671240572486823,23.255844939971606,22.840405686853476,22.59964198361812,22.328676139112844,22.115971899796644,22.057777259060096,21.992392168271913,21.744788668703723,21.53259646887443,27.53544955445839,23.671240572486823,22.328676139112844,,25.05634793735544,24.65746880018525,#000000,1.9331903010394231,25.178840469058223,0.10116350916752767,49.625652655366835,9.760239383229447,False,True,False,False,False,1.745686892355156,0.0,0.0,0.0,0.0,0,0.9728586184919671,0.8931867063324095,False,False,False,False,-0.01626663032454856,0.0032927006149543487,False,False,False,False,-291342,-295993.8281008406,False,False,False,False,8947.983450779353,False,False,False,False
2025-08-27 00:00:00+00:00,25.1275760135,25.4089653716,23.952652027,25.2361824324,18834,,26.97067382616145,26.334417895472072,25.629247896112705,25.621169031241294,23.976861651984212,23.97624627867173,23.89447309475481,24.768534603282514,25.109975207501808,25.19361536943126,25.3072174163785,25.432748465543366,25.052238848908445,24.69438571955727,24.54632795941344,24.14577994325586,24.642426597438174,,,27.30712921884076,25.91700137701869,24.835442573458064,24.378691846590687,23.901784775259046,23.89715238409684,24.894115494850364,25.32601240032629,25.459142262342404,25.20360467545489,24.74893338544772,24.16945738593654,24.326732975628182,24.522491389305486,24.669057268702414,24.443745651981303,24.116469288129277,23.878353437624863,23.675503292025645,23.261206756594532,22.846697078622583,22.606475663659676,22.33608110631618,22.12378043061302,22.06568893343972,22.000421197747297,21.75321108550194,21.54135523026099,27.30712921884076,23.675503292025645,22.33608110631618,,25.017431753241702,24.6466013919807,#000000,1.9343706658766004,25.133625540348824,-0.003127387607525436,47.88069557619576,7.854685589155544,False,True,False,True,False,1.2149732025096114,0.0,0.0,0.0,0.0,0,0.9528919414741857,0.9185968149583742,False,False,False,False,-0.09920371080231025,-0.04795550509367795,False,False,False,False,-310176,-296549.9917047292,False,False,False,False,9335.670374278201,False,False,False,False
2025-08-28 00:00:00+00:00,24.9301097973,24.9301097973,24.3772043919,24.6240371622,8567,,26.780726787203477,26.293913191578156,25.61527655414522,25.60763466210216,23.983595900714967,23.982965406628878,23.900982065284097,24.768411765589562,25.10827862570978,25.191611488576388,25.30488132247774,25.430272242464845,25.05129261582093,24.69453356540226,24.546882700890194,24.14729219952062,24.64265476441103,,,27.212450072653496,25.895500699445975,24.834412290952795,24.382480899048936,23.908597821155954,23.903542175648134,24.893354155601372,25.323712830974745,25.456755312019627,25.202146809330994,24.748924284858834,24.170944167961846,24.32772802608869,24.522996433232674,24.66921265936694,24.44433025989449,24.117587799965104,23.879836852286324,23.67729167949183,23.263503762858857,22.84942513357122,22.609453439126376,22.339322034672023,22.127207740867604,22.069163968757458,22.00395045175858,21.756922889898572,21.545222652783387,27.212450072653496,23.67729167949183,22.339322034672023,,25.00301210932472,24.64176544964188,#000000,1.9348800376577953,25.116130047897833,-0.09614045676083136,46.39424492635314,6.103525052201732,False,True,False,True,False,0.7871485644965155,0.0,0.0,0.0,0.0,0,0.959035047385751,0.9297066716134188,False,False,False,False,-0.10129464887792222,-0.07462507698580009,False,False,False,False,-318743,-297420.30575552414,False,False,False,False,9305.526438031997,False,False,False,False
2025-08-29 00:00:00+00:00,24.5450506757,24.6487204392,23.9921452703,24.4364442568,10467,,26.55540841288191,26.236555146655434,25.592150972495325,25.58515771615853,23.987954583182262,23.98731761956722,23.905556932205386,24.76596402981512,25.104243327901656,25.187281505910494,25.300280445395302,25.42573405925763,25.04882703623172,24.693486121536086,24.54636943128137,24.14805355406772,24.641989575472024,,,27.090716935379362,25.862590428172744,24.828331111399798,24.382640604915856,23.913351024133,23.908024753884632,24.8902498464453,25.31923879385891,25.452433445790916,25.199019721089186,24.74767070557515,24.171649080598375,24.327923500734105,24.522644578477536,24.668536784388216,24.44421460829486,24.118189542999623,23.880911596391183,23.678754512382426,23.265639245076336,22.852133519563917,22.61248533776276,22.342694920332345,22.130824156719434,22.07284311688731,22.00770048665001,21.760915072974292,21.54941907100214,27.090716935379362,23.678754512382426,22.342694920332345,,24.983078262942072,24.633636540999376,#000000,1.9347484805723816,25.091437412480794,-0.2824071150680776,44.75560680526627,4.1479115716602095,False,True,False,True,False,0.0,0.0,0.0,0.0,0.0,0,0.9620839264363237,0.9180285235242165,False,False,False,False,-0.12703390195837463,-0.10082948947208736,False,False,False,False,-329210,-298666.9604317781,False,False,False,False,9351.074420854271,False,False,False,False
2025-09-02 00:00:00+00:00,23.7946790541,24.110625,23.7946790541,24.110625,1999,,26.5083551501712,26.223151337991386,25.586047108477892,25.5792118619663,23.987777097256025,23.987141948391596,23.905547117757767,24.764880398865547,25.102943038346755,25.185946075124654,25.29892902737899,25.424457435004822,25.0480029751483,24.6929560052779,24.54595169138676,24.147908207968484,24.641608682462966,,,27.06460073804823,25.854402209248303,24.825882236509813,24.381495445001274,23.91332615863249,23.90801079845217,24.889072472779766,25.317933797642482,25.45122719004501,25.198058908142976,24.74709719275398,24.171486175507333,24.32768722925705,24.522317079873265,24.668174777594547,24.443969529651007,24.118099289592756,23.880919191989758,23.67884056160031,23.2658677482169,22.852484015980735,22.612902657832482,22.343182683118076,22.131362729700374,22.073394870327583,22.00826703941362,21.761533039073537,21.550079861695483,27.06460073804823,23.67884056160031,22.343182683118076,,24.978283244645723,24.631423436526973,"rgba(239, 83, 80, 0.5)",1.9366644928670316,25.08545557265237,-0.6664946475274656,42.45304350013441,1.5562094099348869,False,True,False,True,False,0.0,0.0,0.0,0.0,0.0,0,0.9390465609776636,0.9332909664504416,False,False,False,False,-0.1556395575842355,-0.12823452352816145,False,False,False,False,-331209,-299943.11884621816,False,False,False,False,9062.757776899201,False,False,False,False
2025-09-03 00:00:00+00:00,23.7058192568,24.4388138514,23.6959459459,24.4388138514,10209,,26.295787318605896,26.158361216855734,25.556396365175708,25.55031834370797,23.98735974408762,23.986732295803957,23.905916050948033,24.75968586220852,25.096602953354978,25.179415925848197,25.292297600183232,25.418170233131907,25.043983874989028,24.690419038628693,24.54398083841285,24.147308386884564,24.639792066320847,,,26.93950388260919,25.81460554101535,24.814197478056176,24.376291865306985,23.913641978577825,23.908352556305246,24.88338581135486,25.3115254103642,25.445281130975765,25.193350428609442,24.744341667716434,24.170800338733773,24.3266164120779,24.52077543668026,24.66644376257929,24.442828870511775,24.117738315005454,23.88105296274756,23.67937188378314,23.26711821999236,22.854350290633345,22.615107172138906,22.345743801821985,22.134180893335397,22.076279680541617,22.011226722398927,21.764752508120196,21.55351595726928,26.93950388260919,23.67937188378314,22.345743801821985,,24.956031065596928,24.62086119765015,"rgba(239, 83, 80, 0.5)",1.9387811255981218,25.05742742167508,-0.6971432448095971,40.77578359896191,-0.4349354251576045,False,True,False,True,False,0.0,0.0,0.0,0.0,0.0,0,0.93784241279308,0.9306051217016175,False,False,False,False,-0.1466911386031554,-0.13746283106565843,False,False,False,False,-341418,-301569.58477381745,False,False,False,False,9107.708452314919,False,False,False,False
2025-09-04 00:00:00+00:00,23.903285473,23.903285473,23.6169594595,23.7749324324,6980,,26.1622048994419,26.113492231023358,25.535035452522877,25.52948298385901,23.986116508477973,23.98549706515895,23.905320879959547,24.75557116100252,25.091788747402695,25.174491558535898,25.287336327101,25.413499061774655,25.040906768096562,24.6883719554506,24.542328815537033,24.146617347221213,24.63830740212595,,,26.855885920019123,25.78638342772925,24.805133612238684,24.371676569494827,23.912965078514812,23.907751641139715,24.878965837652835,25.306735466998045,25.440868067027647,25.189794777164856,24.7421420694161,24.17004423500637,24.325621001164617,24.519471981046756,24.665037303589543,24.441834247093876,24.1172923164004,23.88095156071293,23.67954577723413,23.267796229670047,22.855460724926107,22.61645333405778,22.34733853508892,22.135955287612735,22.07810074549781,22.013100133990026,21.76680835416205,21.555723457935432,26.855885920019123,23.67954577723413,22.34733853508892,,24.940962892040687,24.613294855965727,"rgba(239, 83, 80, 0.5)",1.9399462511360444,25.03826672150238,-0.585058090056737,40.216998408454955,-1.4092775254523247,False,True,False,True,False,0.0,0.0,0.0,0.0,0.0,0,0.9357137624682844,0.9528058379620091,False,False,False,False,-0.1707127748293557,-0.15408780294750707,False,False,False,False,-334438,-302858.54223366774,False,False,False,False,9024.268905165314,False,False,False,False
2025-09-05 00:00:00+00:00,23.38,23.78,23.11,23.78,3741,,26.085593823423803,26.08624814285735,25.521299091066854,25.51607135179031,23.984035307685758,23.983424273397905,23.9037582650463,24.752491646472283,25.088455012578542,25.171128344820524,25.284003383211537,25.410409771996616,25.038751545951545,24.68680130295147,24.540984516896266,24.145829076031784,24.637146445883253,,,26.80745714893044,25.768705243661437,24.798495434649187,24.367567716606814,23.91129183105662,23.906204352774886,24.87576679005024,25.30352543837669,25.43795800745509,25.187368446536883,24.740483994426047,24.169211462236838,24.324694051837735,24.518398929500332,24.66394810950137,24.440979919950436,24.11675744377681,23.88061209760611,23.679360042253734,23.267900685762193,22.85581495668021,22.616941122465366,22.34796717178339,22.136686382764324,22.078858575649658,22.013887829434353,21.76770124631464,21.55670311575612,26.80745714893044,23.679360042253734,22.34796717178339,,24.931554782474244,24.608334357347495,"rgba(239, 83, 80, 0.5)",1.9434696109522664,25.026296618522707,-0.8470915157330663,38.89952741947279,-3.1381438989856036,False,True,False,True,False,0.0,0.0,0.0,0.0,0.0,0,0.9243637221513606,0.9573517721419105,False,False,False,False,-0.19555395892946803,-0.17482088093848755,False,False,False,False,-338179,-304243.6582245043,False,False,False,False,8817.081889276478,False,False,False,False
2025-09-08 00:00:00+00:00,23.14,23.29,23.0,23.12,6255,,25.95413501098128,26.037245523056118,25.495714041107238,25.49107467597463,23.97886903299857,23.978276853999358,23.899658449892698,24.746296328529642,25.08197830431904,25.164637512994595,25.2776225957035,25.40454097005219,25.0345384023307,24.683603785563573,24.538182734820186,24.144005607553755,24.63476362494494,,,26.723012913189958,25.736271543562875,24.785306513984036,24.35876281688625,23.906928747562887,23.90215180436681,24.86942411886119,25.297386942618235,25.43243741097455,25.18268487111428,24.737133600640988,24.16730204729212,24.322668292962202,24.516151904802747,24.66172116432274,24.439162521531866,24.115504594137704,23.879698779065954,23.678711118849098,23.26776096652278,22.856114520291776,22.617472658637727,22.348743369279333,22.137641314693106,22.079860282390023,22.01494165051371,21.768939905115353,21.55809346159392,26.723012913189958,23.678711118849098,22.348743369279333,,24.91442020322482,24.599009133662463,"rgba(239, 83, 80, 0.5)",1.9473487763118988,25.00446473503206,-0.9574374953844604,37.59465047581447,-4.841148133320161,False,True,False,True,False,0.0,0.0,0.0,0.0,0.0,0,0.9200764158119493,0.9570444918321059,False,False,False,False,-0.2194261422246461,-0.19712351158156682,False,False,False,False,-344434,-305819.7500588375,False,False,False,False,8716.608089697009,False,False,False,False
2025-09-09 00:00:00+00:00,22.81,23.71,22.81,23.185,5939,,25.83839031583945,25.991686505255828,25.471588838374505,25.467493310505198,23.973828817267712,23.973254720800387,23.89563669406674,24.740336577606737,25.07576353737621,25.158411935899593,25.271505196188535,25.39891497996254,25.030485200867894,24.680514605067344,24.535469549168923,24.14222291999925,24.632457799565366,,23.110000000000003,26.64564610701929,25.70582298435463,24.772726660185413,24.350293075076607,23.90265287430636,23.89817635243879,24.863329239384374,25.291501067725406,25.42714427036499,25.178185367151233,24.733899190831604,24.165436858426,24.32069711088528,24.51397354624712,24.659566465669823,24.437397375328395,24.11427733428992,23.878794532546088,23.67805815998491,23.26759313432443,22.856365430255615,22.61794442127397,22.34944809479646,22.138516332210166,22.080779883540874,22.015910910532742,21.77008545105251,21.559383603562246,26.64564610701929,23.67805815998491,22.34944809479646,,24.898703617871305,24.582378928610808,"rgba(239, 83, 80, 1.0)",1.957158051406442,24.869902240483587,-1.0524966233581965,36.133859110178136,-6.666800875647112,False,True,False,True,False,0.0,0.0,0.0,0.0,0.0,0,0.9117332376406895,0.9705381949602868,False,False,False,False,-0.21024744288273192,-0.20368547723214936,False,False,False,False,-350373,-307566.93633103993,False,False,False,False,8607.68228225791,False,False,False,False
2025-09-10 00:00:00+00:00,22.9,22.9,22.81,22.81,2294,,25.792451657102784,25.973032093536023,25.461466559869375,25.457594744537236,23.971361047682613,23.970795391443215,23.89362298590403,24.737709000595245,25.073081694038265,25.155736770087877,25.268890184523364,25.396522180239696,25.02872909844068,24.679142773404152,24.534248329048804,24.141376264904203,24.631428909200203,22.869999999999997,23.043127656990162,26.614673398255636,25.693180110836053,24.767223907509315,24.34642511728705,23.90051717231973,23.896187123632533,24.860665614987184,25.28898687241959,25.424895098854954,25.17625153791101,24.732469174445864,24.164554745369035,24.31978684354294,24.512990413315123,24.658607135939196,24.436593776895222,24.113691000333315,23.87833696856855,23.677699961080634,23.267429823012918,22.856370633039873,22.618037641242307,22.34963416540217,22.138770502064727,22.08105192298853,22.016202813053823,21.77044824500081,21.559804318751706,26.614673398255636,23.677699961080634,22.34963416540217,,24.8921876285034,24.534958183470618,"rgba(239, 83, 80, 0.5)",1.9651472788542206,24.73738711155688,-0.9349869759523425,35.49333245229519,-7.7073079351353755,False,True,False,True,False,0.0,0.0,0.0,0.0,0.0,0,0.8968786166010015,0.9939733495442623,False,False,False,False,-0.24273871699869104,-0.2232120971154202,False,False,False,False,-348079,-309155.64471021487,False,False,False,False,8360.086898639953,False,False,False,False
2025-09-11 00:00:00+00:00,23.51,23.51,23.05,23.1994,5233,,25.709392790438166,25.937846262300237,25.442949580438132,25.439488545250843,23.968242084692065,23.967688294500626,23.89122879657812,24.733297255385505,25.068334344357403,25.150951953243265,25.26415203636502,25.392128863826287,25.02563450332416,24.676860887432365,24.532281893223146,24.140186802296903,24.62973356096258,23.20834551171339,23.164971533244223,26.554825993142536,25.669656835975942,24.757979142000654,24.340560501313885,23.897963418462513,23.893816460405763,24.856094975430494,25.284421004370177,25.420753646606173,25.172780591977325,24.730065516890086,24.163301770270447,24.318410240168358,24.511415117466623,24.657016987156396,24.43533222796264,24.112878116612464,23.87779776418076,23.677375658734288,23.267513358723885,22.85680574486533,22.618660271301305,22.350454631347752,22.139735092357657,22.082054157228075,22.01724707304877,21.771640844850666,21.56111914032498,26.554825993142536,23.677375658734288,22.350454631347752,,24.88061167380087,24.551419367767544,"rgba(239, 83, 80, 0.5)",1.9665813990336563,24.745889315761943,-0.6284455433013023,37.268467880656225,-7.7073079351353755,False,True,False,True,False,0.0,0.0,0.0,0.0,0.0,0,0.9057013405008749,0.968637769936284,False,False,False,False,-0.20865474659977373,-0.21593342185759695,False,False,False,False,-342846,-310476.83511373587,False,False,False,False,8237.45603986976,False,False,False,False
2025-09-12 00:00:00+00:00,23.14,23.4224,22.93,23.2661,5080,,25.62783814569136,25.902101632243383,25.423652644015725,25.420610370291932,23.96430073643205,23.963760975590283,23.88809516323889,24.72844615776048,25.063235283780717,25.145835504890837,25.259112823146317,25.387480358771715,25.022296028840994,24.674331280997222,24.53006761837331,24.138752667975556,24.62784383906694,23.19053018164512,23.16474193896258,26.495421603140464,25.645406538958014,24.747902633327595,24.333832323617557,23.89463350613292,23.890717181477847,24.851118136457607,25.279568600067833,25.416375581330485,25.1690679017665,24.727414170444295,24.161799702421195,24.316810869394423,24.509635690677847,24.655249033181597,24.433892289544318,24.111890181331162,23.877082397374057,23.676872841939012,23.267419498172355,22.857064996701446,22.619106271197833,22.351097673798648,22.140522103070158,22.08287884699431,22.01811375259804,21.772656440279377,21.562257013794678,26.495421603140464,23.676872841939012,22.351097673798648,,24.868691837123983,24.543654523062667,"rgba(239, 83, 80, 0.5)",1.9698061164298792,24.730064674040086,-0.8072188733589449,37.59749086404388,-7.7073079351353755,False,True,False,True,False,0.0,0.0,0.0,0.0,0.0,0,0.9041291467565372,0.9701052299023302,False,False,False,False,-0.21693238377716081,-0.21643290281737887,False,False,False,False,-347926,-311945.429815158,False,False,False,False,8113.634234384671,False,False,False,False
2025-09-15 00:00:00+00:00,23.2,23.62,23.03,23.12,6049,,25.541674118217646,25.862523747986643,25.402286785530194,25.399701913527434,23.96034935602818,23.959824004134916,23.8850074430282,24.723145893413875,25.05757796369033,25.14014176863802,25.253483466469117,25.38226580283629,25.018590344454452,24.67156704766589,24.527669581292447,24.13725864945426,24.625782733820053,23.220620568896514,23.193908816155048,26.429781305497638,25.618493966378384,24.73695963274622,24.32672673003311,23.891348233760386,23.887660722932786,24.84564607554295,25.27414344817611,25.411459252392014,25.164926659167932,24.72450860805872,24.160229993479764,24.315108538002924,24.507710132475527,24.653317152489613,24.432342496252396,24.110864096861718,23.87637455023132,23.676414289310213,23.267436684058573,22.857492743944647,22.619752334784085,22.351974117015818,22.141566604588114,22.083967283725237,22.019251205340822,21.77396725808787,21.56371049587037,26.429781305497638,23.676414289310213,22.351974117015818,,24.855814742364,24.53910654897655,"rgba(239, 83, 80, 0.5)",1.9735470137174194,24.716843125630383,-0.7685872771650992,38.04482365434026,-7.7073079351353755,False,True,False,True,True,0.0,0.0,0.0,0.0,0.0,0,0.9056748177522846,0.9573909764406834,False,False,False,False,-0.20507497886815737,-0.2107539408427681,False,False,False,False,-341877,-313119.2168812303,False,False,False,False,8032.668185977429,False,False,False,False
2025-09-16 00:00:00+00:00,23.65,23.75,23.44,23.475,3425,,25.502365195976274,25.843440241649347,25.392232065217197,25.389861569877386,23.95921297360353,23.9586925723175,23.8842243287751,24.720845927287172,25.05498347642403,25.137503548568226,25.25084178265871,25.379787122508876,25.016896836580656,24.670377673758118,24.52667488111128,24.136741049735637,24.624904703547983,23.28153453195055,23.245176802284085,26.397565755655897,25.60564123856633,24.73222602871733,24.32400496459315,23.890504816663572,23.886881313290264,24.843215523208826,25.271591749551195,25.40911571345984,25.162999731920205,24.72324415190135,24.15967723287692,24.31445463516799,24.50691567499912,24.652488618521957,24.431718331053816,24.110515476044817,23.87619711319082,23.67637269923786,23.26764805970413,22.857921948835205,22.620299224624116,22.352645210041945,22.142327852051167,22.084752018734317,22.020062230129746,21.774870496904636,21.564690105115357,26.397565755655897,23.67637269923786,22.352645210041945,,24.849975644093945,24.541283470180904,"rgba(239, 83, 80, 0.5)",1.975551447864919,24.715047732864225,-0.5391141465919698,40.04733133319054,-7.7073079351353755,False,True,False,True,True,0.0,0.0,0.0,0.0,0.0,0,0.9222319922103106,0.951018378822773,False,False,False,False,-0.18370151389502243,-0.19722772736889527,False,False,False,False,-338452,-314112.65935647616,False,False,False,False,7851.975315939098,False,False,False,False
2025-09-17 00:00:00+00:00,24.06,24.47,23.77,23.77,3824,,25.471158181879446,25.82707955225837,25.384173606204417,25.381977022938358,23.9597258467307,23.959205881063358,23.88491654406792,24.71941271926235,25.053071890822075,25.135505820730536,25.24877597499989,25.377788064479333,25.01566479522964,24.669662828562142,24.526157258240335,24.136700568408145,24.624396949229133,23.402353368075662,23.34782860193443,26.36859379657978,25.594942613443177,24.729266232808033,24.323054818194095,23.89121200835876,23.887555220302065,24.841582468255055,25.269585436685393,25.407213514637824,25.161527839356282,24.722453317959605,24.159609964959103,24.314231762726987,24.506512511360622,24.65199762218686,24.431436318660754,24.110507255890067,23.876365542050795,23.67668431045492,23.268215573841054,22.85870893190535,22.621208009258396,22.353682557961868,22.143457734907418,22.085905866876605,22.021243052188158,21.776144589030554,21.566042288497176,26.36859379657978,23.67668431045492,22.353682557961868,,24.84561020618272,24.54989151072127,#000000,1.9758599776397685,24.720569608445427,-0.3343200509757279,42.82621455826729,-12.521148324051843,False,True,False,True,True,0.0,0.0,0.0,0.0,0.0,0,0.9239721333890821,0.9676694122613658,False,False,False,False,-0.1425948073861014,-0.16991126737749834,False,False,False,False,-334628,-314917.1825189673,False,False,False,False,7694.0154996277615,False,False,False,False
2025-09-18 00:00:00+00:00,25.32,25.32,24.25,24.45,8604,24.963333333333335,25.44694401691566,25.8092192483227,25.37835042917641,25.376297284966594,23.96788506444593,23.96734635800475,23.892644851010413,24.720673113761368,25.052669537208768,25.13476311713544,25.247627754970466,25.376336542522417,25.015507056203546,24.67048861813418,24.527347325345435,24.13874476665848,24.625133037103264,23.791546668984903,23.691474831882914,26.32982351569716,25.58500346923093,24.73170607411814,24.329107658562496,23.899293721365925,23.895155064696084,24.84218142959046,25.268409960572942,25.405767047391002,25.160912285364603,24.72313907807537,24.161643203635094,24.31574602735435,24.50752861561611,24.652618918582892,24.432451816130854,24.112004631823808,23.878202990867912,23.67881026301337,23.270812061972553,22.861705022426765,22.624440073574966,22.35716375443446,22.147114881045013,22.08960796512646,22.0249963949683,21.780069310705723,21.570114205969414,26.32982351569716,23.67881026301337,22.35716375443446,24.963333333333335,24.850628414178843,24.585685850477198,#000000,1.9757988207602206,24.74027093942052,0.29341502509674605,48.24780693616148,-7.331124517512812,False,True,False,False,True,2.3600186954022355,-1.0,25.32,24.25,0.0,0,0.9342274073302965,0.9294793707576624,False,False,False,False,-0.09118782240832556,-0.13054954489291196,False,False,False,False,-326024,-315352.74398881174,False,False,False,False,7729.701166309025,False,False,False,False
2025-09-19 00:00:00+00:00,24.97,25.24,23.9601,25.23,18856,24.79855505705268,25.378485883156692,25.762145897731592,25.359073030616347,25.35744450101294,23.98110983065477,23.980543969597235,23.90548987076986,24.72070327452109,25.04946528313068,25.130910329385404,25.24304642852893,25.37136297285021,25.013589899417468,24.670812484252874,24.528509790564783,24.14189604916726,24.62559836459573,24.120796137293482,24.019569942443454,26.238229997576365,25.556279195780288,24.731519824151416,24.33710997057198,23.912686121247837,23.907782064729847,24.840914101512823,25.263863462416612,25.40092821290019,25.15795426582956,24.7231404892148,24.164740283305534,24.31781941139717,24.508575642123272,24.652926979414055,24.433663956787964,24.114348051716394,23.881322473901722,23.682579077382222,23.27567179789884,22.86749500740297,22.6307686327498,22.364061060665247,22.15441646727582,22.097013320053822,22.032519557139914,21.787990929671427,21.57837524826197,26.238229997576365,23.682579077382222,22.364061060665247,24.79855505705268,24.83437460650036,24.614208529215738,#000000,1.9737454168117707,24.754440714146845,0.10921331799789585,50.68815843523288,-5.099976833091944,False,False,False,False,True,1.4975896224822272,0.0,0.0,0.0,0.0,0,0.9170047444704414,0.9335411913696937,False,False,False,False,-0.10542552834531338,-0.11798753661911267,False,False,False,False,-344880,-316510.67559709365,False,False,False,False,8166.026610767494,False,False,False,False
2025-09-22 00:00:00+00:00,24.46,24.8401,24.16,24.53,6053,24.74222889525458,25.35219966545094,25.744639964703087,25.350908010021126,25.349447753253312,23.98393503730144,23.983364563046788,23.908360539581107,24.719865163531274,25.047712914812863,25.128979429922488,25.24093065636605,25.36920516177016,25.012482273596135,24.670451206348698,24.528430347836363,24.142491649272277,24.6253874741695,24.15807130779674,24.062832917157557,26.20674835123429,25.54495425499761,24.729777109915073,24.338078331133495,23.915665162115875,23.9106015942723,24.839705394345533,25.26178798444835,25.398851914422693,25.156500667621824,24.722670812713517,24.165309115897088,24.31809471751829,24.50854162983801,24.652694951707765,24.433734800098375,24.11480565836042,23.88203890583399,23.683509355053374,23.276971037907995,22.869109984054248,22.632563244318103,22.366045411986978,22.15653646999444,22.099168284695416,22.034714069132438,21.790320532710695,21.580819100911658,26.20674835123429,23.683509355053374,22.366045411986978,24.74222889525458,24.827834483679897,24.61607327907144,#000000,1.9605892768186826,24.750903817992373,-0.14837570593286262,50.699728520647454,-5.073869813071319,False,False,False,False,True,0.2502327450313082,0.0,0.0,0.0,0.0,0,0.9198392481359841,0.9794028784539318,False,False,False,False,-0.1131410747470142,-0.11556430568306343,False,False,False,False,-350933,-317860.5706717174,False,False,False,False,8083.162822109945,False,False,False,False
2025-09-23 00:00:00+00:00,24.63,24.63,24.63,24.63,1791,24.736535434133998,25.345955442318242,25.740131563219837,25.348917067327957,25.347498050995924,23.985001474369422,23.984429012379724,23.90941361840182,24.71977002950431,25.04732841072796,25.128537295281692,25.240425407145942,25.368672057512413,25.01224451327937,24.6704277336799,24.52848741955342,24.142740688402835,24.625389545399813,24.17188013146215,24.07796063868867,26.19840724585218,25.542096738099076,24.729567398693447,24.33863640879524,23.916760415033114,23.911636804681795,24.839493874319583,25.26128914706992,25.39833560382852,25.156163533292712,24.722616376278044,24.165551913852106,24.3182450920697,24.508597480408696,24.65268558227764,24.433812339836642,24.11499293206088,23.88230072444359,23.68383323483345,23.277400405531875,22.86962949345327,22.633134568046795,22.366671470531898,22.157201542057198,22.099843389970562,22.0354005472557,21.79104565152951,21.58157703642029,26.19840724585218,23.68383323483345,22.366671470531898,24.736535434133998,24.826772486868588,24.617051519052186,#000000,1.946901750680173,24.750997852714313,-0.062148925939402064,51.216394468647295,-4.429786535769523,False,False,False,False,True,0.6625233698525967,0.0,0.0,0.0,0.0,0,0.9164941307076762,0.9587958667325489,False,False,False,False,-0.10311719488435292,-0.10934075028370818,False,False,False,False,-349142,-319087.2933904736,False,False,False,False,7836.411338889948,False,False,False,False
2025-09-24 00:00:00+00:00,24.45,24.97,24.38,24.96,3299,24.724867159719885,25.33426156174095,25.7317000401116,25.34512657439964,25.34378523593651,23.986865712454733,23.986289880121337,23.9112649300453,24.719536934291245,25.046571228305226,25.127676051668427,25.2394512972938,25.367652296407382,25.011773023070006,24.670352537204092,24.5285613591177,24.14317054773282,24.625368562178284,24.193774585581114,24.10240749736208,26.18298228723174,25.536708082552536,24.729067715087144,24.339553544260145,23.91868460311702,23.913456563817697,24.83904973738624,25.260328785913703,25.39734931595831,25.155508322035775,24.722483846870833,24.165969636203616,24.3184950830441,24.50867483344556,24.65264554797262,24.433933190934574,24.11531745829782,23.88276318085997,23.684410340208082,23.27817305681551,22.870569327264732,22.634170286822826,22.36780848350316,22.158410809935738,22.10107124992819,22.036649471847916,21.792366238600223,21.582958428899598,26.18298228723174,23.684410340208082,22.36780848350316,24.724867159719885,24.824681940655495,24.618457690896626,#000000,1.9354966982142845,24.750681496259524,-0.15535107682536364,50.95419248776097,-4.429786535769523,False,False,False,False,True,0.2143030324667734,0.0,0.0,0.0,0.0,0,0.912470817631597,0.93766377262403,False,False,False,False,-0.09965096392798845,-0.10449585710584831,False,False,False,False,-352441,-320395.28188496485,False,False,False,False,7658.473639325636,False,False,False,False
2025-09-25 00:00:00+00:00,24.14,24.47,24.14,24.47,4775,24.672594332764692,25.310205372662324,25.71600803371617,25.337162278296233,25.33597785656914,23.988015174140017,23.987438718955122,23.912574205007967,24.718217996352468,25.04462440292136,25.125610896947403,25.237277746512653,25.365510283970078,25.0105140509943,24.66970392090067,24.528145106553605,24.143315710530192,24.624920078130604,24.197649653835235,24.11177648781828,26.156354728916373,25.526142941333582,24.726408399787317,24.3391009989876,23.92002965942643,23.914739396010237,24.83747284760432,25.258209521987194,25.39530132037545,25.153966896930314,24.72174583573683,24.16608641746155,24.318407232204017,24.508358363271416,24.652203186722048,24.433739795545137,24.11544777008661,23.88310536566655,23.6849255419506,23.278994103917697,22.87165290884891,22.635400903984287,22.369194434155148,22.15990839417632,22.10259771227011,22.038208492680482,21.79403746450147,21.584723939176616,26.156354728916373,23.6849255419506,22.369194434155148,24.672594332764692,24.81821200921806,24.616812340985327,#000000,1.9266284681698829,24.743905219102615,-0.31345183001280363,49.73882754712045,-4.429786535769523,False,False,False,False,True,0.0,0.0,0.0,0.0,0.0,0,0.915341069756838,0.9426226518688041,False,False,False,False,-0.1282297885412081,-0.1163628228235282,False,False,False,False,-357216,-321839.23161496624,False,False,False,False,7545.396241705023,False,False,False,False
2025-09-26 00:00:00+00:00,24.24,24.59,23.8389,24.43,3306,24.64075325093537,25.293756860308946,25.705140107432616,25.331580240847497,25.330504405593157,23.988723630688412,23.98814698476889,23.913402625211088,24.717256680927548,25.043236405856337,25.12414279066761,25.23573740865751,25.363996228999998,25.00961393180754,24.669227169353316,24.527829700307734,24.143390575112342,24.62458785092834,24.19880269416394,24.116457553569,26.138089314276115,25.51877636022127,24.72448093835129,24.338696094552937,23.920878764924694,23.915550701876555,24.83633600351841,25.25670823481992,25.39385428868378,25.152870929384235,24.72120701498183,24.166141095155634,24.31832255558392,24.50811682736481,24.651876937041834,24.43358646994009,24.115519747435048,23.883324477387703,23.685264656946682,23.279545944990858,22.87238744178663,22.636237584455326,22.370139035256454,22.16093060529853,22.103640009185614,22.039273426999188,21.795180495214872,21.585932547795682,26.138089314276115,23.685264656946682,22.370139035256454,24.64075325093537,24.813945936022456,24.615479850161652,#000000,1.9154233147545596,24.739235620434588,-0.2606398369430734,49.30608714603653,-4.429786535769523,False,False,False,False,True,0.0,0.0,0.0,0.0,0.0,0,0.9070148183212345,0.942912842873696,False,False,False,False,-0.13525394564584567,-0.12580838423468693,False,False,False,False,-353910,-323096.9088065362,False,False,False,False,7379.145408696983,False,False,False,False
2025-09-29 00:00:00+00:00,24.07,24.375,24.04,24.04,2482,24.61656798261671,25.28104301929658,25.696751187224713,25.32719641198529,25.32620494080332,23.98911425114371,23.988537845582574,23.913899083685802,24.716448215975127,25.042119792632636,25.122968975278134,25.234514252867314,25.362801252251888,25.008886958269823,24.668820839368742,24.527545808395377,24.143403462393874,24.62430077548318,24.19757490153765,24.117842679093112,26.12416993656773,25.51304130633399,24.72286786542629,24.338233925343935,23.921384391609063,23.916036096431267,24.835400249340527,25.2555173260559,25.392713513807003,25.151995691029775,24.720753580791655,24.166137868356813,24.3182182789549,24.50789683672358,24.65159736932884,24.433438046637093,24.115542928557996,23.88345913524678,23.685489976345295,23.279932927233805,22.8729133667616,22.63684090353084,22.370824126481764,22.161674576822325,22.104399232777904,22.040049826650773,21.796016276292256,21.586818115061693,26.12416993656773,23.685489976345295,22.370824126481764,24.61656798261671,24.810618058625263,24.614191096358695,#000000,1.9144630738464021,24.735370152895406,-0.34754922253924275,48.3936948361453,-4.429786535769523,False,False,False,False,False,0.0,0.0,0.0,0.0,0.0,0,0.9225913715013178,0.930972988235751,False,False,False,False,-0.13579361189966807,-0.1308009980671775,False,False,False,False,-356392,-324402.5986572603,False,False,False,False,7187.100490708866,False,False,False,False
2025-09-30 00:00:00+00:00,23.4,23.6572,22.9401,22.9401,2180,24.562047405834925,25.262009791037766,25.685518098445822,25.320652780318447,25.3197841366642,23.987814080670717,23.98724232969626,23.91287958695698,24.71468157812979,25.040219876649793,25.12105303238511,25.232613619219272,25.361030383252103,25.00762551096966,24.66788182354515,24.526732516631,24.142901502902546,24.62359750049394,24.173160866525997,24.097260970068515,26.10700702446356,25.504977392851952,24.719376444068768,24.335932868039514,23.92030014273262,23.915026900443166,24.833571533630664,25.253682114195822,25.39103953059322,25.150585596761594,24.719766123723566,24.16561012084318,24.317642277844865,24.507241619724933,24.650936918272375,24.432910456109184,24.115197564255535,23.883225092699128,23.685343373051303,23.279953148720587,22.873077948004997,22.63708245726609,22.371146999964754,22.162056826233385,22.104797012961992,22.040464939411578,21.796492726698858,21.587345093240796,26.10700702446356,23.685343373051303,22.371146999964754,24.562047405834925,24.804238086322414,24.609722577892406,"rgba(239, 83, 80, 0.5)",1.9138008212101965,24.726025841980732,-0.6928755737194313,45.55823937638603,0.23011805128540175,False,True,False,True,False,0.0,0.0,0.0,0.0,0.0,0,0.9100138984320485,0.9293081421680838,False,False,False,False,-0.20717049709177715,-0.16898574757947732,False,False,False,False,-358572,-325742.57518050505,False,False,False,False,6990.743608720283,False,False,False,False
2025-10-01 00:00:00+00:00,23.86,23.86,23.325,23.325,1778,24.532582061466258,25.249519625566993,25.677783202336876,25.316279395794155,25.315492775070734,23.987320508091905,23.98675100917854,23.912549423912196,24.713607250549416,25.03898967473671,25.11979794667359,25.231350664337274,25.359836607114726,25.00681227527575,24.66731696640181,24.526263743801163,24.14266877846438,24.623179469278867,24.162103195451454,24.08856444112293,26.094906830130665,25.499494669708493,24.717255572494583,24.334714339524727,23.919942372007547,23.914698239418236,24.83242955524065,25.252459520550453,25.389907523412152,25.14965774225408,24.719164270029555,24.165360397147627,24.317339342501217,24.5068664650326,24.65054129240307,24.432616965459818,24.115041682949894,23.883155293782405,23.685342128288802,23.280079304084833,22.87331407848428,22.637378227621912,22.37150578445213,22.162461375238685,22.105213488077503,22.040894770821815,21.79696940506764,21.587860625474306,26.094906830130665,23.685342128288802,22.37150578445213,24.532582061466258,24.800450076558405,24.607310985531107,#000000,1.8956834696828624,24.72073910442383,-0.45405212325232175,45.62688794789749,0.1336301840680747,False,True,False,True,False,0.0,0.0,0.0,0.0,0.0,0,0.9278067141671437,0.9179113603778597,False,False,False,False,-0.1838986280759539,-0.1764421878277156,False,False,False,False,-356794,-326960.2781146029,False,False,False,False,6786.322290731253,False,False,False,False
2025-10-02 00:00:00+00:00,23.86,24.2599,23.33,24.2599,1916,24.50765913699128,25.237418964269136,25.670073611842277,25.311979599228707,25.311273377680745,23.987024481172913,23.986456765257437,23.912402055703797,24.712603126772645,25.037798054849606,25.118574595507933,25.230110316820944,25.358655382578657,25.006026179508552,24.66679224254385,24.525839799974865,24.142491599409976,24.622793924336037,24.153925787880656,24.082567709819987,26.0827236514096,25.494059129721144,24.715276373662846,24.333676639376424,23.919775733864743,23.914549632136215,24.83134550878943,25.25125718104029,25.388785580587218,25.148750990535778,24.718600753622244,24.165166588521082,24.317082460799927,24.506528633013737,24.65017466013717,24.432357748449466,24.114926103544647,23.883130478771253,23.685390009873412,23.280260822017294,22.873610841769352,22.637737935713776,22.3719320025981,22.162935790738505,22.105700444372875,22.041395792370192,21.797519577154628,21.58845167898396,26.0827236514096,23.685390009873412,22.3719320025981,24.50765913699128,24.796998511913856,24.605233067284193,#000000,1.8899218298445335,24.716058196796876,-0.45295957921566343,45.67265366223846,-0.05665565885115598,False,True,False,True,False,0.0,0.0,0.0,0.0,0.0,0,0.9371938889688445,0.9046837501581034,False,False,False,False,-0.16798060991699362,-0.1722113988723546,False,False,False,False,-356794,-328130.22799246165,False,False,False,False,6595.329259722184,False,False,False,False
2025-10-03 00:00:00+00:00,22.98,23.93,22.98,23.93,2090,24.46335711943521,25.21970417810849,25.659397453996142,25.3056961771403,25.305106021568626,23.98572091071864,23.985157771172716,23.911371835693608,24.710876207721306,25.03594852790856,25.116710858726844,25.228263002225084,25.356935162840376,25.00479552936033,24.665870983477493,24.525039307943064,24.141990502806603,24.622102801276316,24.132348482366872,24.064106887779946,26.066566322169724,25.486344318036444,24.711883867549687,24.331415850113213,23.918681305139753,23.91352994679826,24.829561059068386,25.24947342564492,25.387159411303788,25.147377771870914,24.717632968306873,24.164640395828357,24.316511724701105,24.505883038536506,24.649525852519652,24.43183666652114,24.11458054006327,23.882891936828553,23.685235430498313,23.280266873965676,22.873755969673088,22.637957108782754,22.372229411508677,22.16329036166768,22.106069973668667,22.04178200988893,21.797964910731825,21.588945680994225,26.066566322169724,23.685235430498313,22.372229411508677,24.46335711943521,24.791335797339983,24.601097588557373,"rgba(239, 83, 80, 0.5)",1.8894536693743083,24.707674255060635,-0.9143776759727339,42.8880490383273,-2.8917648866145953,False,True,False,True,False,0.0,0.0,0.0,0.0,0.0,0,0.9185319446301632,0.9090254315519904,False,False,False,False,-0.19476214142837708,-0.18348677015036585,False,False,False,False,-358884,-329336.2582672671,False,False,False,False,6418.64968090955,False,False,False,False
2025-10-06 00:00:00+00:00,23.43,24.0,23.2,23.7,2392,24.426384287602346,25.20237262958646,25.648559273504976,25.29942979321933,25.29895489667334,23.98476692794213,23.984207560688187,23.910668418198505,24.70924874837306,25.034136085597734,25.114870943479,25.22642252112605,25.355205187111846,25.003592306795255,24.665007799988235,24.52430814074829,24.141584863825113,24.621459736453808,24.115855754816,24.05047281884581,26.04992917783782,25.47856813893885,24.708694290741157,24.32945438105072,23.917928296022648,23.91283205550142,24.82785166573462,25.247693279240355,25.385520603385032,25.146017762663178,24.716718949331327,24.164209874007028,24.31601710108479,24.50529555339451,24.64891930822049,24.431370338246264,24.11430456748182,23.88273393903027,23.685170877410933,23.28037789203538,22.874018753369878,22.638301639082734,22.37266032226386,22.163784155006642,22.106580180745237,22.042310572798083,21.798558103122858,21.589592329187926,26.04992917783782,23.685170877410933,22.37266032226386,24.426384287602346,24.78617667338409,24.59751939277871,"rgba(239, 83, 80, 0.5)",1.882398636253586,24.700259307217703,-0.6748088756299869,42.99653486737406,-2.9265386043518617,False,True,False,True,False,0.0,0.0,0.0,0.0,0.0,1,0.9159834651658911,0.9054096550423368,False,False,False,False,-0.18330732786321496,-0.1833970490067904,False,False,False,False,-356492,-330401.1893156095,False,False,False,False,6260.741850285646,False,False,False,False
2025-10-07 00:00:00+00:00,22.93,23.43,22.93,23.43,2640,24.369911611059276,25.17861625149683,25.634214800543685,25.29081923622803,25.290501110195788,23.982658251436433,23.982105856565237,23.908954962587188,24.70677170123551,25.031543027162012,25.112269510807273,25.223858043587516,25.35282992610626,25.001861133893723,24.6636779058512,24.523135566579395,24.140804024132972,24.62045721394212,24.08530334366637,24.023686781340196,26.028592970082045,25.468093393907353,24.703852628954102,24.32607723794427,23.91611390908486,23.911137430567955,24.825316106152677,25.24521910806586,25.383277531896827,25.14410183828278,24.715328436031616,24.163394071411755,24.315156781316517,24.504347308284302,24.64798050574436,24.430597642010678,24.113762259033223,23.882330464810924,23.684875550831396,23.280292364805938,22.874115152021833,22.638494067939916,22.37295422301099,22.16415241186893,22.106967934390504,22.042720038823777,21.79904484571304,21.59014247298514,26.028592970082045,23.684875550831396,22.37295422301099,24.369911611059276,24.778610562967245,24.591683487429435,"rgba(239, 83, 80, 0.5)",1.8822913021462073,24.688827006050854,-0.9344074448229251,41.583884111385764,-4.434202219504314,False,True,False,True,False,0.0,0.0,0.0,0.0,0.0,0,0.9115842839026593,0.9210184059326721,False,False,False,False,-0.2166288387812986,-0.2000129438940445,False,False,False,False,-359132,-331527.8877738209,False,False,False,False,6118.751973803857,False,False,False,False
2025-10-08 00:00:00+00:00,22.9,23.36,22.9,22.93,3751,24.294987315097174,25.14508606388261,25.613765492686195,25.27846085776747,25.278365640914,23.979533639991555,23.978991438219428,23.906403580798244,24.703170919707,25.027788391180952,25.108505604215598,25.22015094127607,25.349399000675906,24.9993510016443,24.66174007636064,24.521422332564697,24.139650625535,24.618994618640073,24.043144730880652,23.986453685158093,25.998362292186222,25.453098906507297,24.696839104112758,24.321142566816892,23.913414114271202,23.908614255756294,24.82163625593264,25.24164279248977,25.38003779757813,25.14132829735003,24.713304066998933,24.162190094365545,24.3138930988977,24.502960796493824,24.646611369947426,24.429465691901704,24.112959936319285,23.881726327539614,23.684425575257485,23.28014233686886,22.874225333971182,22.638741367159476,22.3733464179737,22.164650852747357,22.10749424624408,22.043277377436,21.799712724414814,21.5909009815153,25.998362292186222,23.684425575257485,22.3733464179737,24.294987315097174,24.76809819673094,24.583441309075205,"rgba(239, 83, 80, 0.5)",1.8877806319297314,24.672888242804113,-0.9391389088422996,40.55480645259294,-5.554113271959238,False,True,False,True,False,0.0,0.0,0.0,0.0,0.0,0,0.9327754467847533,0.9151769646864013,False,False,False,False,-0.22062601955995134,-0.21031948172699794,False,False,False,False,-362883,-332757.5000179848,False,False,False,False,6025.898955223314,False,False,False,False
2025-10-09 00:00:00+00:00,22.54,23.1,22.54,22.908,7823,24.128596780857837,25.068045889336865,25.566832258578838,25.249400637316572,25.249820771376058,23.970809453729146,23.97029414393449,23.899112152295128,24.694234475761917,25.01871550119973,25.09945907556823,25.211300630493525,25.341263029013543,24.993261382456787,24.65689576697543,24.517069871467097,24.136531981901868,24.61531841976638,23.939785592610804,23.89310917061312,25.930470817645872,25.418241872939053,24.679532399367275,24.30835276683527,23.90571944581213,23.901407702011003,24.812601888901636,25.233113702158604,25.37236540999824,25.13466619509914,24.70827018563226,24.158950230670886,24.310584848601138,24.499427919726582,24.643179586021727,24.42655191789644,24.110775878422274,23.879973441383314,23.683004476876967,23.279380343581337,22.874036377016136,22.63885054723671,22.373770670110105,22.1653071353383,22.108211575812646,22.04406248531394,21.800740983498805,21.592127587883777,25.930470817645872,23.683004476876967,22.373770670110105,24.128596780857837,24.743720123446078,24.563354048617338,"rgba(239, 83, 80, 1.0)",1.9026898882484047,24.635227139834548,-1.1011921347642162,38.8177965455342,-7.317536662235312,False,True,False,True,False,0.0,0.0,0.0,0.0,0.0,0,0.923617709887411,0.9126889073117938,False,False,False,False,-0.2455694056190913,-0.22794444367304462,False,False,False,False,-370706,-334245.6764878678,False,False,False,False,6096.373505998871,False,False,False,False
2025-10-10 00:00:00+00:00,22.54,22.61,22.54,22.61,1425,24.09892048047968,25.053595741595934,25.557964706738762,25.243840164620792,25.244357649233972,23.969026450947,23.968516512708,23.89760999684702,24.692480941372782,25.01695330247051,25.097705673452356,25.20958972767284,25.339694209773906,24.992075957556974,24.655941513216508,24.51620720028015,24.135899746152443,24.614592540033726,23.920378032506807,23.875400366649533,25.91779119808659,25.41160873194284,24.67615164333539,24.305806795557736,23.904135873266334,23.89992323988375,24.810836412825903,25.23146547253444,25.370886635071784,25.133374569515695,24.707280630470645,24.158294526253485,24.30992172943964,24.498726747990947,24.642502626655062,24.425971337369155,24.11033192185611,23.879609578403354,23.68270193701814,23.279200817818168,22.87396391942231,22.63883346995226,22.37381212300506,22.165391780701402,22.10830760088012,22.044171129319466,21.800895043760626,21.592318610074365,25.91779119808659,23.68270193701814,22.37381212300506,24.09892048047968,24.739165139730744,24.55951990348076,"rgba(239, 83, 80, 1.0)",1.91594128518513,24.628150195726082,-1.0898821440263047,37.659789940828375,-8.504737268567425,False,True,False,True,False,0.0,0.0,0.0,0.0,0.0,0,0.9293113480119634,0.9247935792793255,False,False,False,False,-0.2654954296575994,-0.24671993666532202,False,False,False,False,-370706,-335675.4930961867,False,False,False,False,5913.182388116563,False,False,False,False
2025-10-13 00:00:00+00:00,23.19,23.19,22.52,22.87,7689,23.993840220076443,24.990592346669803,25.517331173213222,25.21868531066397,25.219636623129897,23.96222140400362,23.961732812959056,23.89199523562204,24.684851795173554,25.009044207166106,25.089785402783537,25.201797338398443,25.332484993659936,24.986758466924538,24.65179706733777,24.512524183031115,24.1333698025138,24.61145307986838,23.852950450400748,23.814479538888985,25.859021701389867,25.38133682079824,24.6615416512876,24.295346867631768,23.89820638944154,23.894369916746637,24.803058895849684,25.223946084474015,25.364076704321352,25.127517799329656,24.702958446947875,24.15565811467581,24.307176610361285,24.495738746666564,24.63956459946476,24.42352187908927,24.108564223773065,23.878250256589187,23.681659502458395,23.2787785863501,22.874080423160517,22.639233001593556,22.374510826760435,22.166310176697333,22.109283684172475,22.04521138737177,21.802164429196754,21.593775623811094,25.859021701389867,23.681659502458395,22.374510826760435,23.993840220076443,24.720550081288625,24.544364284906393,"rgba(239, 83, 80, 0.5)",1.9223439534810938,24.600001438194816,-0.7334803096196709,40.158792680744796,-8.504737268567425,False,True,False,True,True,0.0,0.0,0.0,0.0,0.0,0,0.936517310695761,0.9045816086028241,False,False,False,False,-0.24273871699869087,-0.24472932683200643,False,False,False,False,-363017,-336747.70905319904,False,False,False,False,5982.822294464933,False,False,False,False
2025-10-14 00:00:00+00:00,22.75,23.25,22.75,22.82,2791,23.95873563947175,24.968111837069568,25.502612231747115,25.20949169026438,25.21059924786435,23.959651154308897,23.959170503267487,23.88986464886781,24.682019077636458,25.006118475027115,25.08685763551117,25.19891921149388,25.329823895708703,24.98478758848133,24.65025322955649,24.511148525374765,24.13241493440789,24.6102819042235,23.829523630609792,23.793150895007873,25.83790522577193,25.37030943482069,24.65614537987311,24.291449004483173,23.89595805047978,23.89226268702534,24.800175543469884,25.22116880258767,25.36156297265757,25.125350687212638,24.70134983295217,24.15466389532887,24.30614588079963,24.494621653038976,24.63846888462393,24.42260434744784,24.107895888353934,23.87773083376881,23.68125545508596,23.278601096717242,22.87409984133919,22.639355676379296,22.374742658712293,22.16662222758451,22.109616809935343,22.04556794863729,21.802604760267936,21.594284502041553,25.83790522577193,23.68125545508596,22.374742658712293,23.95873563947175,24.713936746126812,24.53892217651568,"rgba(239, 83, 80, 0.5)",1.9266130796923115,24.59000559962889,-0.9550467704302855,40.29643165612178,-8.504737268567425,False,True,False,True,True,0.0,0.0,0.0,0.0,0.0,0,0.9407628784047813,0.8896989100853708,False,False,False,False,-0.30263057501840734,-0.2736799509252069,False,False,False,False,-365808,-337887.32830601477,False,False,False,False,5857.65279272121,False,False,False,False
2025-10-15 00:00:00+00:00,22.52,23.0,22.52,22.74,3674,23.90613445557857,24.935922176907084,25.4817385446922,25.196263114221765,25.197593987474878,23.95552356627688,23.955055253866863,23.88639554488705,24.677805915738666,25.001844745781643,25.082596618455685,25.19474981688648,25.325987144537798,24.98190265035842,24.647948274081134,24.509073006858458,24.130916007872855,24.60852757044206,23.792868971532716,23.759395941696447,25.808350894571163,25.354557099088538,24.64813296883501,24.285473898496452,23.892302571858252,23.88883303184093,24.79591814889918,25.217148627256343,25.357942271299393,25.122199441099486,24.69895648568814,24.153107830255884,24.304560674153294,24.49293335632638,24.636830670913426,24.4212086873374,24.10684268809435,23.876879766626818,23.68055979468607,23.2782151148811,22.873983406470735,22.63937932047174,22.37491439030203,22.16690311770844,22.109926436950573,22.0459094713874,21.803060846711038,21.594833998997007,25.808350894571163,23.68055979468607,22.37491439030203,23.90613445557857,24.704221021939915,24.53072220129348,"rgba(239, 83, 80, 1.0)",1.937036553877711,24.575135372534998,-1.060968812602358,39.6421695524873,-8.504737268567425,False,True,False,True,True,0.0,0.0,0.0,0.0,0.0,0,0.9306924279105396,0.9163413607661857,False,False,False,False,-0.32520611371193103,-0.29944303231856895,False,False,False,False,-369482,-339126.33503911225,False,False,False,False,5772.019349869398,False,False,False,False
2025-10-16 00:00:00+00:00,23.24,23.41,22.7093,22.8,3983,23.872563501182587,24.908639327543966,25.462952908302437,25.184556619494757,25.186081654096878,23.952611241083904,23.95215214465906,23.884019859391184,24.674259417146796,24.998103469365052,25.078836651958945,25.191033045306128,25.322529458879252,24.979379174181407,24.646012582497487,24.507367949914023,24.129785976571878,24.607062157905094,23.770378208042857,23.739037921188192,25.781346607679517,25.340460880033056,24.6414443238165,24.280806795003848,23.889792984148276,23.886481457480404,24.79227722079773,25.213557622723016,25.35467086285716,25.119405842758418,24.696932009774212,24.15192709354597,24.30330989204732,24.491549728535208,24.63545620084567,24.42007967176155,24.106054029505255,23.876296990049816,23.68013771035819,23.27810443083613,22.874143141068213,22.639682089646207,22.375368395247197,22.16746798151406,22.11052037403894,22.046535795071726,21.803802442280737,21.59567024268338,25.781346607679517,23.68013771035819,22.375368395247197,23.872563501182587,24.696552618860046,24.524563317129697,"rgba(239, 83, 80, 0.5)",1.941812892497537,24.5638401596208,-0.681754748222983,42.487278159006266,-11.382491657934416,False,True,False,True,True,0.0,0.0,0.0,0.0,0.0,0,0.9248768773430631,0.9954431606512487,False,False,False,False,-0.2970665641224754,-0.29825479822052214,False,False,False,False,-365499,-340160.5571944412,False,False,False,False,5701.861728305892,False,False,False,False
2025-10-17 00:00:00+00:00,23.17,23.17,22.905,22.95,1618,23.85908135825361,24.89755792474929,25.45528406054608,25.179751690480156,25.18135583466412,23.951380110017503,23.950924864165696,23.883011091611714,24.672788145224423,24.996557167372494,25.077283740407527,25.189499291581505,25.321103707942846,24.978335061345376,24.645208058899442,24.506657520134322,24.129310359993948,24.606452463799616,23.76115518163233,23.730647051120222,25.77037624031334,25.334687909588393,24.638676297570786,24.2788596857209,23.888727962497015,23.885483022133034,24.790769103429014,25.212075890690468,25.353322051320962,25.118251654190967,24.696091264846945,24.151430540701053,24.30278621299212,24.490972869643652,24.634884548519103,24.419608173119567,24.105721653301565,23.87604859731138,23.679954784486846,23.278048703664272,22.87419791420302,22.63979522132865,22.375543234631415,22.167688080106753,22.11075234674833,22.046780990794495,21.804094744384386,21.59600119957068,25.77037624031334,23.679954784486846,22.375543234631415,23.85908135825361,24.693419025066092,24.52202879553214,"rgba(239, 83, 80, 0.5)",1.9473410856070292,24.559217922074886,-0.7133921901729067,44.11446286741909,-9.83557181667441,False,True,False,True,True,0.0,0.0,0.0,0.0,0.0,0,0.8854200762728567,0.9847295798298713,False,False,False,False,-0.29913056157452556,-0.29869267989752385,False,False,False,False,-367117,-341217.6725985808,False,False,False,False,5541.7102879801705,False,False,False,False
