date,Open,High,Low,Close,Volume,aVWAP_peak_414,aVWAP_valley_402,aVWAP_valley_352,aVWAP_valley_325,aVWAP_valley_287,aVWAP_valley_232,aVWAP_valley_230,aVWAP_valley_210,aVWAP_valley_175,aVWAP_valley_147,aVWAP_OB_bull_325,Peaks_avg,Valleys_avg,color,StDev,StDev_Mean,StdDev_ZScore,QQEMOD,QQE1_Value,QQE1_Above_Upper,QQE1_Below_Lower,QQE2_Above_Threshold,QQE2_Below_Threshold,QQE2_Above_TL,banker_RSI,OB,OB_High,OB_Low,OB_Mitigated_Index,TTM_squeeze_Active,VI_plus,VI_minus,VI_Regular_Bullish,VI_Regular_Bearish,VI_Hidden_Bullish,VI_Hidden_Bearish,Fisher,Fisher_Signal,Fisher_Regular_Bullish,Fisher_Regular_Bearish,Fisher_Hidden_Bullish,Fisher_Hidden_Bearish,OBV,OBV_Smoothed,OBV_Regular_Bullish,OBV_Regular_Bearish,OBV_Hidden_Bullish,OBV_Hidden_Bearish,Volume_MA,Vol_Regular_Bullish,Vol_Regular_Bearish,Vol_Hidden_Bullish,Vol_Hidden_Bearish
2023-12-06 17:00:00+00:00,4.405,4.485,4.39,4.42,773.0,,,,,,,,,,,,,,#000000,,,,,,False,False,False,False,False,,0.0,0.0,0.0,0.0,0,,,False,False,False,False,,,False,False,False,False,0.0,0.0,False,False,False,False,773.0,False,False,False,False
2023-12-07 17:00:00+00:00,4.4,4.55,4.4,4.55,2290.0,,,,,,,,,,,,,,"rgba(38, 166, 154, 0.5)",,,,100.0,,False,False,True,False,False,,0.0,0.0,0.0,0.0,0,,,False,False,False,False,,,False,False,False,False,2290.0,35.50387596899225,False,False,False,False,796.5193798449612,False,False,False,False
2023-12-08 17:00:00+00:00,4.61,4.61,4.58,4.58,4.0,,,,,,,,,,,,,,"rgba(38, 166, 154, 0.5)",,,,100.0,50.0,False,False,True,False,True,,0.0,0.0,0.0,0.0,0,,,False,False,False,False,,,False,False,False,False,2294.0,70.51931975241872,False,False,False,False,784.2322576768223,False,False,False,False
2023-12-11 17:00:00+00:00,4.54,4.54,4.395,4.395,1463.0,,,,,,,,,,,,,,"rgba(38, 166, 154, 0.5)",,,,80.38484193991752,32.34635774592577,False,False,True,False,False,,0.0,0.0,0.0,0.0,0,,,False,False,False,False,,,False,False,False,False,831.0,82.30971789579208,False,False,False,False,794.7557885655536,False,False,False,False
2023-12-12 17:00:00+00:00,4.33,4.33,4.26,4.275,1385.0,,,,,,,,,,,,,,"rgba(38, 166, 154, 0.5)",,,,63.1869642236813,18.045177284918125,False,False,True,False,False,,0.0,0.0,0.0,0.0,0,,,False,False,False,False,,,False,False,False,False,-554.0,72.44445095167127,False,False,False,False,803.906861611049,False,False,False,False
2023-12-13 17:00:00+00:00,4.31,4.57,4.31,4.39,6743.0,,,,,,,,,,,,,,"rgba(38, 166, 154, 0.5)",,,,57.52868362922455,14.612282470803862,False,False,True,False,False,,0.0,0.0,0.0,0.0,0,,,False,False,False,False,,,False,False,False,False,6189.0,167.27476954156782,False,False,False,False,895.9858249969242,False,False,False,False
2023-12-14 17:00:00+00:00,4.6,4.6,4.515,4.515,1287.0,,,,,,,,,,,,,,"rgba(38, 166, 154, 0.5)",,,,57.88509716099642,14.612282470803862,False,False,True,False,False,,0.0,0.0,0.0,0.0,0,,,False,False,False,False,,,False,False,False,False,7476.0,280.58833900603963,False,False,False,False,902.0480602682896,False,False,False,False
2023-12-15 17:00:00+00:00,4.59,4.74,4.59,4.74,35.0,,,,,,,,,,,,,,"rgba(38, 166, 154, 0.5)",,,,62.51147783471127,14.612282470803862,False,False,True,False,True,,0.0,0.0,0.0,0.0,0,,,False,False,False,False,,,False,False,False,False,7511.0,392.6877446028452,False,False,False,False,888.6054546827347,False,False,False,False
2023-12-18 17:00:00+00:00,4.76,4.79,4.725,4.79,5957.0,,,,,,,,,,,,,,"rgba(38, 166, 154, 0.5)",,,,66.28889660900975,6.565064207778711,False,False,True,False,True,,0.0,0.0,0.0,0.0,0,,,False,False,False,False,,,False,False,False,False,13468.0,595.4057640663669,False,False,False,False,967.1852150752504,False,False,False,False
2023-12-19 17:00:00+00:00,4.84,4.84,4.65,4.65,3915.0,,,,,,,,,,,,,,"rgba(38, 166, 154, 0.5)",,,,64.17212807315356,6.565064207778711,False,False,True,False,True,,0.0,0.0,0.0,0.0,0,,,False,False,False,False,,,False,False,False,False,9553.0,734.2831940808418,False,False,False,False,1012.8877698802852,False,False,False,False
2023-12-20 17:00:00+00:00,4.84,4.84,4.71,4.71,633.0,,,,,,,,,,,,,,"rgba(38, 166, 154, 0.5)",,,,63.87242842199019,6.565064207778711,False,False,True,False,True,,0.0,0.0,0.0,0.0,0,,,False,False,False,False,,,False,False,False,False,10186.0,880.821439133852,False,False,False,False,1006.9980370139242,False,False,False,False
2023-12-21 17:00:00+00:00,4.75,4.75,4.73,4.745,886.0,,,,,,,,,,,,,,"rgba(38, 166, 154, 0.5)",,,,64.3066923435781,6.565064207778711,False,False,True,False,True,,0.0,0.0,0.0,0.0,0,,,False,False,False,False,,,False,False,False,False,11072.0,1038.8242075193737,False,False,False,False,1005.1220984555687,False,False,False,False
2023-12-22 17:00:00+00:00,4.74,4.805,4.73,4.73,971.0,,,,,,,,,,,,,,"rgba(38, 166, 154, 0.5)",,,,64.0669109727699,6.565064207778711,False,False,True,False,True,,0.0,0.0,0.0,0.0,0,,,False,False,False,False,,,False,False,False,False,10101.0,1179.3230570151973,False,False,False,False,1004.5930736733118,False,False,False,False
2023-12-25 17:00:00+00:00,4.73,4.73,4.73,4.73,0.0,,,,,,,,,,,,,,"rgba(38, 166, 154, 0.5)",,,,63.90705672556444,6.565064207778711,False,False,True,False,True,,0.0,0.0,0.0,0.0,0,,,False,False,False,False,,,False,False,False,False,10101.0,1317.6436297746516,False,False,False,False,989.017987259772,False,False,False,False
2023-12-26 17:00:00+00:00,4.84,4.95,4.84,4.95,1271.0,,,,,,,,,,,,,,"rgba(38, 166, 154, 0.5)",,,,67.58022744304135,10.239026886223286,False,False,True,False,True,,0.0,0.0,0.0,0.0,0,,,False,False,False,False,,,False,False,False,False,11372.0,1473.5251238866724,False,False,False,False,993.3898014107832,False,False,False,False
2023-12-27 17:00:00+00:00,4.955,4.955,4.84,4.84,331.0,,,,,,,,,,,,,,"rgba(38, 166, 154, 0.5)",,4.878333333333333,,66.306220314809,10.239026886223286,False,False,True,False,True,,0.0,0.0,0.0,0.0,0,,,False,False,False,False,,,False,False,False,False,11041.0,1621.8580677023829,False,False,False,False,983.120192086585,False,False,False,False
2023-12-28 17:00:00+00:00,4.845,4.845,4.765,4.765,119.0,,,,,,,,,,,,,,"rgba(38, 166, 154, 0.5)",,4.855414814814814,,63.27629087172595,10.239026886223286,False,False,True,False,False,,0.0,0.0,0.0,0.0,0,,,False,False,False,False,,,False,False,False,False,10922.0,1766.0463147147489,False,False,False,False,969.7229798061728,False,False,False,False
2023-12-29 17:00:00+00:00,4.75,4.8,4.7,4.7,311.0,,,,,,,,,,,,,,"rgba(38, 166, 154, 0.5)",,4.805523434077967,,59.521911083999115,16.121807216215302,False,False,True,False,False,,0.0,0.0,0.0,0.0,0,,,False,False,False,False,,,False,False,False,False,10611.0,1903.1773796028924,False,False,False,False,959.5102204293329,False,False,False,False
2024-01-01 17:00:00+00:00,4.7,4.7,4.7,4.7,0.0,,,,,,,,,,,,,,"rgba(38, 166, 154, 0.5)",,4.805523434077967,,57.018991225514554,13.571725919833924,False,False,True,False,False,,0.0,0.0,0.0,0.0,0,,,False,False,False,False,,,False,False,False,False,10611.0,2038.182381469514,False,False,False,False,944.634092980816,False,False,False,False
2024-01-02 17:00:00+00:00,4.765,4.79,4.68,4.695,5616.0,,,,,,,,,,,,,,"rgba(38, 166, 154, 0.5)",,4.731673723276358,,55.19822448938603,11.64074314929151,False,False,True,False,False,,0.0,0.0,0.0,0.0,0,,,False,False,False,False,,,False,False,False,False,4995.0,2084.0245150901414,False,False,False,False,1017.0583706090204,False,False,False,False
2024-01-03 17:00:00+00:00,4.67,4.68,4.55,4.55,1109.0,,,,,,,,,,,,,,#000000,,4.7111795351322465,,50.15914796731771,6.777335271008916,False,False,False,False,False,,0.0,0.0,0.0,0.0,0,,,False,False,False,False,,,False,False,False,False,3886.0,2111.9621195073482,False,False,False,False,1018.4838222274851,False,False,False,False
2024-01-04 17:00:00+00:00,4.57,4.57,4.55,4.56,815.0,,,,,,,,,,,,,,"rgba(239, 83, 80, 0.5)",,4.6963365859535,,47.1388308810719,3.9067503332628988,False,False,False,True,False,,0.0,0.0,0.0,0.0,0,,,False,False,False,False,,,False,False,False,False,4701.0,2152.1022416855285,False,False,False,False,1015.3290342859736,False,False,False,False
2024-01-05 17:00:00+00:00,4.63,4.63,4.56,4.6,654.0,,,,,,,,,,,,,,"rgba(239, 83, 80, 0.5)",,4.689057509771078,,46.51873619345605,3.173776911360868,False,False,False,True,False,,0.0,0.0,0.0,0.0,0,,,False,False,False,False,,,False,False,False,False,5355.0,2201.7595712717994,False,False,False,False,1009.7270337544081,False,False,False,False
2024-01-08 17:00:00+00:00,4.595,4.595,4.58,4.58,121.0,,,,,,,,,,,,,,"rgba(239, 83, 80, 0.5)",,4.687670229175849,,45.52594136398585,1.941817546178335,False,False,False,True,False,,0.0,0.0,0.0,0.0,0,,,False,False,False,False,,,False,False,False,False,5234.0,2248.7710507869656,False,False,False,False,995.9483200527894,False,False,False,False
2024-01-09 17:00:00+00:00,4.58,4.58,4.465,4.475,1399.0,,,,,,,,,,,,,,"rgba(239, 83, 80, 0.5)",,4.663496101829754,,42.18158932424524,-1.4777996397318063,False,False,False,True,False,,0.0,0.0,0.0,0.0,0,,,False,False,False,False,,,False,False,False,False,3835.0,2273.3637476739896,False,False,False,False,1002.1971833077848,False,False,False,False
2024-01-10 17:00:00+00:00,4.47,4.505,4.45,4.48,525.0,,,,,,,,,,,,,,"rgba(239, 83, 80, 0.5)",,4.654658787878788,,40.16283936175707,-3.5964687409605745,False,False,False,True,False,,0.0,0.0,0.0,0.0,0,,,False,False,False,False,,,False,False,False,False,4360.0,2305.714697322455,False,False,False,False,994.7987773650284,False,False,False,False
2024-01-11 17:00:00+00:00,4.45,4.48,4.44,4.48,1188.0,,,,,,,,,,,,,,"rgba(239, 83, 80, 0.5)",,4.63633464609999,,38.81700605343163,-5.1212946431387465,False,False,False,True,False,,0.0,0.0,0.0,0.0,0,,,False,False,False,False,,,False,False,False,False,4360.0,2337.5640818600914,False,False,False,False,997.7941451578187,False,False,False,False
2024-01-12 17:00:00+00:00,4.53,4.55,4.5,4.51,2423.0,,,,,,,,,,,,,,"rgba(239, 83, 80, 0.5)",,4.617042410968905,,39.39514379580949,-5.1212946431387465,False,False,False,True,False,,0.0,0.0,0.0,0.0,0,,,False,False,False,False,,,False,False,False,False,6783.0,2406.485568963036,False,False,False,False,1019.8903599615734,False,False,False,False
2024-01-15 17:00:00+00:00,4.51,4.51,4.51,4.51,0.0,,,,,,,,,,,,,,"rgba(239, 83, 80, 0.5)",,4.617042410968905,,39.78056895739472,-5.1212946431387465,False,False,False,True,False,,0.0,0.0,0.0,0.0,0,,,False,False,False,False,,,False,False,False,False,6783.0,2474.338505878338,False,False,False,False,1004.0781063187583,False,False,False,False
2024-01-16 17:00:00+00:00,4.44,4.44,4.4,4.4,604.0,,,,,,,,,,,,,,"rgba(239, 83, 80, 0.5)",,4.60895563588564,,36.74851967039402,-8.02980695847242,False,False,False,True,False,,0.0,0.0,0.0,0.0,0,,,False,False,False,False,,,False,False,False,False,6179.0,2531.775118190302,False,False,False,False,997.875344980483,False,False,False,False
2024-01-17 17:00:00+00:00,4.365,4.365,4.315,4.34,401.0,,,,,,,,,,,,,,"rgba(239, 83, 80, 0.5)",,4.4710245901639345,,33.39838469334871,-11.354509192545365,False,False,False,True,False,,0.0,0.0,0.0,0.0,0,,,False,False,False,False,,,False,False,False,False,5778.0,2582.1041861253357,False,False,False,False,988.621463662956,False,False,False,False
2024-01-18 17:00:00+00:00,4.35,4.44,4.34,4.435,531.0,,,,,,,,,,,,,,"rgba(239, 83, 80, 0.5)",,4.486301203886981,,35.75662088676565,-11.354509192545365,False,False,False,True,True,,0.0,0.0,0.0,0.0,0,,,False,False,False,False,,,False,False,False,False,6309.0,2639.8855165730047,False,False,False,False,981.5265572495767,False,False,False,False
2024-01-19 17:00:00+00:00,4.36,4.42,4.35,4.395,765.0,,,,,,,,,,,,,,"rgba(239, 83, 80, 0.5)",,4.4841611464510525,,36.226031428389334,-11.354509192545365,False,False,False,True,True,,0.0,0.0,0.0,0.0,0,,,False,False,False,False,,,False,False,False,False,5544.0,2684.9105473238105,False,False,False,False,978.1695563619865,False,False,False,False
2024-01-22 17:00:00+00:00,4.54,4.57,4.54,4.555,1130.0,,,,,,,,,,,,,,"rgba(239, 83, 80, 0.5)",,4.517734332268059,,42.17137242257391,-13.280729795880411,False,False,False,True,True,,0.0,0.0,0.0,0.0,0,,,False,False,False,False,,,False,False,False,False,6674.0,2746.7568954273174,False,False,False,False,980.5235167284673,False,False,False,False
2024-01-23 17:00:00+00:00,4.52,4.53,4.46,4.49,1461.0,,,,,,,,,,,,,,"rgba(239, 83, 80, 0.5)",,4.5215024292330455,,44.16256673499508,-11.462822452396864,False,False,False,True,True,,0.0,0.0,0.0,0.0,0,,,False,False,False,False,,,False,False,False,False,5213.0,2784.9932226299943,False,False,False,False,987.9727645311266,False,False,False,False
2024-01-24 17:00:00+00:00,4.545,4.55,4.515,4.525,195.0,,,,,,,,,,,,,,"rgba(239, 83, 80, 0.5)",,4.522668853955263,,46.5647939105573,-9.186706087015267,False,False,False,True,True,,0.0,0.0,0.0,0.0,0,,,False,False,False,False,,,False,False,False,False,5408.0,2825.659994372165,False,False,False,False,975.6786131430471,False,False,False,False
2024-01-25 17:00:00+00:00,4.74,4.78,4.705,4.78,458.0,,,,,,,,,,,,,,"rgba(38, 166, 154, 0.5)",,4.610317162508337,,53.638742592326025,-2.670803192036111,False,False,True,False,True,,0.0,0.0,0.0,0.0,0,,,False,False,False,False,,,False,False,False,False,5866.0,2872.7970487229836,False,False,False,False,967.6525881330773,False,False,False,False
2024-01-26 17:00:00+00:00,4.69,4.69,4.66,4.67,497.0,,,,,,,,,,,,,,"rgba(38, 166, 154, 0.5)",,4.602325348228596,,55.17394884995765,-1.3938850323384955,False,False,True,False,True,,0.0,0.0,0.0,0.0,0,,,False,False,False,False,,,False,False,False,False,5369.0,2911.497869673015,False,False,False,False,960.3556487821768,False,False,False,False
2024-01-29 17:00:00+00:00,4.64,4.7,4.62,4.7,1572.0,,,,,,,,,,,,,,"rgba(38, 166, 154, 0.5)",,4.608444241983395,,56.773680774921026,0.14328267274262885,False,False,True,False,True,,0.0,0.0,0.0,0.0,0,,,False,False,False,False,,,False,False,False,False,6941.0,2973.9707709183945,False,False,False,False,969.8385069405927,False,False,False,False
2024-01-30 17:00:00+00:00,4.68,4.68,4.64,4.65,577.0,,,,,,,,,,,,,,"rgba(38, 166, 154, 0.5)",,4.609825052165966,,56.40006825512557,0.14328267274262885,False,False,True,False,True,,0.0,0.0,0.0,0.0,0,,,False,False,False,False,,,False,False,False,False,6364.0,3026.5293636173337,False,False,False,False,963.7479874531416,False,False,False,False
2024-01-31 17:00:00+00:00,4.515,4.57,4.44,4.445,971.0,,,,,,,,,,,,,,#000000,,4.590026833492751,,51.5243411716005,0.14328267274262885,False,False,False,False,False,,0.0,0.0,0.0,0.0,0,,,False,False,False,False,,,False,False,False,False,5393.0,3063.2188308480727,False,False,False,False,963.8604217561937,False,False,False,False
2024-02-01 17:00:00+00:00,4.505,4.6,4.48,4.56,1547.0,,,,,,,,,,,,,,#000000,,4.581018535074069,,50.91333893173728,0.14328267274262885,False,False,False,False,False,,0.0,0.0,0.0,0.0,0,,,False,False,False,False,,,False,False,False,False,6940.0,3123.323965253529,False,False,False,False,972.9013454498961,False,False,False,False
2024-02-02 17:00:00+00:00,4.49,4.535,4.445,4.485,826.0,,,,,,,,,,,,,,#000000,,4.573278002512418,,49.00325847741433,5.2751464123738145,False,True,False,False,False,,0.0,0.0,0.0,0.0,0,,,False,False,False,False,,,False,False,False,False,6114.0,3169.6910355596756,False,False,False,False,970.6238052103629,False,False,False,False
2024-02-05 17:00:00+00:00,4.385,4.51,4.385,4.445,1401.0,,,,,,,,,,,,,,"rgba(239, 83, 80, 1.0)",,4.558500902678705,,46.952350201976515,3.0827329575534463,False,True,False,True,False,,0.0,0.0,0.0,0.0,0,,,False,False,False,False,,,False,False,False,False,4713.0,3193.6183063261924,False,False,False,False,977.2963043543882,False,False,False,False
2024-02-06 17:00:00+00:00,4.515,4.53,4.46,4.46,1622.0,,,,,,,,,,,,,,"rgba(239, 83, 80, 1.0)",,4.550042797126989,,45.99112400450845,1.881850754804283,False,True,False,True,False,,0.0,0.0,0.0,0.0,0,,,False,False,False,False,,,False,False,False,False,6335.0,3242.321898476174,False,False,False,False,987.2917104884286,False,False,False,False
2024-02-07 17:00:00+00:00,4.465,4.5,4.41,4.41,105.0,,,,,,,,,,,,,,"rgba(239, 83, 80, 1.0)",,4.549255597428534,,44.26305948944916,-0.062416222140818434,False,True,False,True,False,,0.0,0.0,0.0,0.0,0,,,False,False,False,False,,,False,False,False,False,6230.0,3288.6424891974734,False,False,False,False,973.612769240546,False,False,False,False
2024-02-08 17:00:00+00:00,4.41,4.425,4.395,4.395,3350.0,,,,,,,,,,,,,,"rgba(239, 83, 80, 1.0)",,4.523116192960824,,42.779511107036335,-1.7629603134556788,False,True,False,True,False,,0.0,0.0,0.0,0.0,0,,,False,False,False,False,,,False,False,False,False,2880.0,3282.3069467292953,False,False,False,False,1010.4559821205374,False,False,False,False
2024-02-09 17:00:00+00:00,4.39,4.42,4.37,4.37,743.0,,,,,,,,,,,,,,"rgba(239, 83, 80, 1.0)",,4.517988938185397,,41.21055504122541,-3.5321991695631354,False,True,False,True,False,,0.0,0.0,0.0,0.0,0,,,False,False,False,False,,,False,False,False,False,2137.0,3264.550249880779,False,False,False,False,1006.3093777465756,False,False,False,False
2024-02-12 17:00:00+00:00,4.46,4.5,4.46,4.465,6718.0,,,,,,,,,,,,,,"rgba(239, 83, 80, 1.0)",,4.508244963920514,,43.413873550543,-3.5321991695631354,False,True,False,True,False,,0.0,0.0,0.0,0.0,0,,,False,False,False,False,,,False,False,False,False,8855.0,3351.223889417511,False,False,False,False,1094.8627207272489,False,False,False,False
2024-02-13 17:00:00+00:00,4.32,4.32,4.13,4.15,4783.0,,,,,,,,,,,,,,"rgba(239, 83, 80, 1.0)",,4.396359540051894,,38.98569913821458,-5.713549809191946,False,True,False,True,False,0.0,0.0,0.0,0.0,0.0,0,,,False,False,False,False,,,False,False,False,False,4072.0,3362.3987128373947,False,False,False,False,1152.04314366171,False,False,False,False
2024-02-14 17:00:00+00:00,4.245,4.33,4.22,4.29,5925.0,,,,,,,,,,,,,,"rgba(239, 83, 80, 1.0)",,4.386502679990439,,39.66918705378138,-5.713549809191946,False,True,False,True,False,0.0,0.0,0.0,0.0,0.0,0,,,False,False,False,False,,,False,False,False,False,9997.0,3465.26074829728,False,False,False,False,1226.04247476773,False,False,False,False
2024-02-15 17:00:00+00:00,4.39,4.49,4.39,4.42,5280.0,,,,,,,,,,,,,,"rgba(239, 83, 80, 0.75)",,4.402511845023973,,42.880533254471786,-5.713549809191946,False,True,False,True,True,0.0,0.0,0.0,0.0,0.0,0,,,False,False,False,False,,,False,False,False,False,15277.0,3648.388488633756,False,False,False,False,1288.8945294224939,False,False,False,False
2024-02-16 17:00:00+00:00,4.475,4.475,4.41,4.44,2449.0,,,,,,,,,,,,,,"rgba(239, 83, 80, 0.75)",,4.407453126607769,,45.421790855677685,-10.01838366821545,False,True,False,True,True,0.0,0.0,0.0,0.0,0.0,0,,,False,False,False,False,,,False,False,False,False,17726.0,3866.6460314456353,False,False,False,False,1306.8806607492768,False,False,False,False
2024-02-19 17:00:00+00:00,4.44,4.44,4.44,4.44,0.0,,,,,,,,,,,,,,"rgba(239, 83, 80, 0.5)",,4.407453126607769,,47.115962589814956,-8.336620656383062,False,False,False,True,True,0.0,0.0,0.0,0.0,0.0,0,,,False,False,False,False,,,False,False,False,False,17726.0,4081.5197363844622,False,False,False,False,1286.6189450787454,False,False,False,False
2024-02-20 17:00:00+00:00,4.385,4.41,4.33,4.33,955.0,,,,,,,,,,,,,,"rgba(239, 83, 80, 0.75)",,4.406699233237319,,45.86214451550475,-8.336620656383062,False,True,False,True,True,0.0,0.0,0.0,0.0,0.0,0,,,False,False,False,False,,,False,False,False,False,16771.0,4278.255864502533,False,False,False,False,1281.4775660852765,False,False,False,False
2024-02-21 17:00:00+00:00,4.33,4.33,4.29,4.31,626.0,,,,,,,,,,,,,,"rgba(239, 83, 80, 1.0)",,4.405379593643168,,44.619568847165,-8.336620656383062,False,True,False,True,False,0.0,0.0,0.0,0.0,0.0,0,,,False,False,False,False,,,False,False,False,False,16145.0,4462.236393735052,False,False,False,False,1271.3151232002335,False,False,False,False
2024-02-22 17:00:00+00:00,4.26,4.27,4.21,4.27,3284.0,,,,,,,,,,,,,,"rgba(239, 83, 80, 1.0)",,4.394010605827656,,42.95482707769935,-8.336620656383062,False,True,False,True,False,0.0,0.0,0.0,0.0,0.0,0,,,False,False,False,False,,,False,False,False,False,12861.0,4592.449782979469,False,False,False,False,1302.5195398948035,False,False,False,False
2024-02-23 17:00:00+00:00,4.25,4.32,4.25,4.275,763.0,,,,,,,,,,,,,,"rgba(239, 83, 80, 1.0)",,4.392238202404776,,42.012127815792766,-8.336620656383062,False,True,False,True,False,0.0,0.0,0.0,0.0,0.0,0,,,False,False,False,False,,,False,False,False,False,13624.0,4732.473817351881,False,False,False,False,1294.1548958654266,False,False,False,False
2024-02-26 17:00:00+00:00,4.24,4.24,4.215,4.23,1488.0,,,,,,,,,,,,,,"rgba(239, 83, 80, 1.0)",,4.387048271308949,,40.346224003186464,-4.915792558687947,False,True,False,True,False,0.0,0.0,0.0,0.0,0.0,0,,,False,False,False,False,,,False,False,False,False,12136.0,4847.257169020843,False,False,False,False,1297.1602463171255,False,False,False,False
2024-02-27 17:00:00+00:00,4.3,4.33,4.275,4.325,1081.0,,,,,,,,,,,,,,"rgba(239, 83, 80, 1.0)",,4.385559721459344,,42.50153212359339,-4.915792558687947,False,True,False,True,False,0.0,0.0,0.0,0.0,0.0,0,,,False,False,False,False,,,False,False,False,False,13217.0,4977.020623764706,False,False,False,False,1293.808924668798,False,False,False,False
2024-02-28 17:00:00+00:00,4.31,4.31,4.19,4.19,1548.0,,,,,,,,,,,,,,"rgba(239, 83, 80, 1.0)",,4.380754263254562,,40.83075488012978,-4.915792558687947,False,True,False,True,False,0.0,0.0,0.0,0.0,0.0,0,,,False,False,False,False,,,False,False,False,False,11669.0,5080.772242000912,False,False,False,False,1297.7498715731576,False,False,False,False
2024-02-29 17:00:00+00:00,4.29,4.38,4.29,4.33,1780.0,,,,,,,,,,,,,,"rgba(239, 83, 80, 0.75)",,4.379559376127171,,43.64553614261193,-4.915792558687947,False,True,False,True,True,0.0,0.0,0.0,0.0,0.0,0,,,False,False,False,False,,,False,False,False,False,13449.0,5210.512207241209,False,False,False,False,1305.226617750318,False,False,False,False
2024-03-01 17:00:00+00:00,4.3,4.33,4.235,4.31,1105.0,,,,,,,,,,,,,,"rgba(239, 83, 80, 0.5)",,4.377879821824688,,45.038993631366125,-4.915792558687947,False,False,False,True,True,0.0,0.0,0.0,0.0,0.0,0,,,False,False,False,False,,,False,False,False,False,12344.0,5321.108917206461,False,False,False,False,1302.122329103026,False,False,False,False
2024-03-04 17:00:00+00:00,4.29,4.32,4.22,4.24,524.0,,,,,,,,,,,,,,"rgba(239, 83, 80, 0.5)",,4.376764213850551,,44.31344153986309,-4.915792558687947,False,False,False,True,True,0.0,0.0,0.0,0.0,0.0,0,,,False,False,False,False,,,False,False,False,False,11820.0,5421.866918490082,False,False,False,False,1290.0584170239092,False,False,False,False
2024-03-05 17:00:00+00:00,4.26,4.27,4.16,4.16,456.0,,,,,,,,,,,,,,"rgba(239, 83, 80, 1.0)",,4.375221748121523,,42.14771377359455,-4.915792558687947,False,True,False,True,False,0.0,0.0,0.0,0.0,0.0,0,,,False,False,False,False,,,False,False,False,False,11364.0,5513.993012777057,False,False,False,False,1277.1272787754765,False,False,False,False
2024-03-06 17:00:00+00:00,4.2,4.2,4.15,4.2,604.0,,,,,,,,,,,,,,"rgba(239, 83, 80, 1.0)",,4.373060081228453,,41.99128127474422,-4.915792558687947,False,True,False,True,False,0.0,0.0,0.0,0.0,0.0,0,,,False,False,False,False,,,False,False,False,False,11968.0,5614.05513660997,False,False,False,False,1266.691196933996,False,False,False,False
2024-03-07 17:00:00+00:00,4.25,4.37,4.25,4.37,937.0,,,,,,,,,,,,,,"rgba(239, 83, 80, 0.5)",,4.3725228546083486,,46.33819052525299,-8.093936751524382,True,False,False,True,True,0.0,0.0,0.0,0.0,0.0,0,,,False,False,False,False,,,False,False,False,False,12905.0,5727.09304146873,False,False,False,False,1261.5797055086628,False,False,False,False
2024-03-08 17:00:00+00:00,4.18,4.24,4.18,4.235,705.0,,,,,,,,,,,,,,"rgba(239, 83, 80, 0.5)",,4.370594690270835,,46.12101325737667,-8.093936751524382,True,False,False,True,True,0.0,0.0,0.0,0.0,0.0,1,,,False,False,False,False,,,False,False,False,False,12200.0,5827.448188112625,False,False,False,False,1252.9505627875983,False,False,False,False
2024-03-11 17:00:00+00:00,4.24,4.24,4.2,4.24,543.0,,,,,,,,,,,,,,"rgba(239, 83, 80, 0.5)",,4.369231617936149,,46.10342988150402,-8.049041727869145,True,False,False,True,True,0.0,0.0,0.0,0.0,0.0,1,,,False,False,False,False,,,False,False,False,False,12743.0,5934.666045661266,False,False,False,False,1241.943577318023,False,False,False,False
2024-03-12 17:00:00+00:00,4.135,4.18,4.125,4.125,949.0,,,,,,,,,,,,,,"rgba(239, 83, 80, 0.5)",,4.365423663994959,,43.72946314894718,-8.049041727869145,False,False,False,True,False,0.0,0.0,0.0,0.0,0.0,1,,,False,False,False,False,,,False,False,False,False,11794.0,6025.508432550239,False,False,False,False,1237.4018164293716,False,False,False,False
2024-03-13 17:00:00+00:00,4.1,4.1,3.96,3.98,432.0,,,,,,,,,,,,,,"rgba(239, 83, 80, 1.0)",,4.362686145967292,,39.81935029844173,-5.9089140758131435,False,True,False,True,False,0.0,0.0,0.0,0.0,0.0,0,,,False,False,False,False,,,False,False,False,False,11362.0,6108.244735921553,False,False,False,False,1224.9149665622497,False,False,False,False
2024-03-14 17:00:00+00:00,4.0,4.0,3.91,3.91,3561.0,,,,,,,,,,,,,,"rgba(239, 83, 80, 1.0)",,4.25775821011189,,36.26696445448674,-9.158342428202921,False,True,False,True,False,0.0,0.0,0.0,0.0,0.0,0,,,False,False,False,False,,,False,False,False,False,7801.0,6134.489003581684,False,False,False,False,1261.1333391736875,False,False,False,False
2024-03-15 17:00:00+00:00,3.97,4.06,3.97,4.05,1402.0,,,,,,,,,,,,,,"rgba(239, 83, 80, 1.0)",,4.256981379914824,,37.82556496941745,-9.158342428202921,False,True,False,True,False,0.0,0.0,0.0,0.0,0.0,0,,,False,False,False,False,,,False,False,False,False,9203.0,6182.062817479642,False,False,False,False,1263.3173184113048,False,False,False,False
2024-03-18 17:00:00+00:00,3.945,3.98,3.94,3.955,763.0,,,,,,,,,,,,,,"rgba(239, 83, 80, 1.0)",,4.253145133799146,,37.327189765420165,-9.158342428202921,False,True,False,True,False,0.0,0.0,0.0,0.0,0.0,0,,,False,False,False,False,,,False,False,False,False,8440.0,6217.069595503213,False,False,False,False,1255.560460761517,False,False,False,False
2024-03-19 17:00:00+00:00,3.985,4.02,3.985,3.995,349.0,,,,,,,,,,,,,,"rgba(239, 83, 80, 0.75)",0.22036278441868656,4.252108594421199,-1.1667514326407127,38.07007896724447,-9.158342428202921,False,True,False,True,True,0.0,0.0,0.0,0.0,0.0,0,,,False,False,False,False,,,False,False,False,False,8789.0,6256.944485495412,False,False,False,False,1241.505259819478,False,False,False,False
2024-03-20 17:00:00+00:00,3.965,4.05,3.94,4.05,1901.0,,,,,,,,,,,,,,"rgba(239, 83, 80, 0.75)",0.22501797725979553,4.247076088348815,-0.8758237486122289,40.029461173600254,-9.158342428202921,False,True,False,True,True,0.0,0.0,0.0,0.0,0.0,0,,,False,False,False,False,,,False,False,False,False,10690.0,6325.6740283559475,False,False,False,False,1251.7299844734393,False,False,False,False
2024-03-21 17:00:00+00:00,4.04,4.115,4.04,4.115,280.0,,,,,,,,,,,,,,"rgba(239, 83, 80, 0.75)",0.22773071659150204,4.247080207729771,-0.5799841571951526,42.981835476473655,-11.585969785522195,False,True,False,True,True,0.0,0.0,0.0,0.0,0.0,0,,,False,False,False,False,,,False,False,False,False,10970.0,6397.679082179887,False,False,False,False,1236.6644033188122,False,False,False,False
2024-03-22 17:00:00+00:00,4.025,4.05,4.025,4.05,474.0,,,,,,,,,,,,,,"rgba(239, 83, 80, 0.5)",0.23133572187670443,4.246174155522822,-0.8480063257475543,43.480581941434934,-10.998029378700835,False,False,False,True,True,0.0,0.0,0.0,0.0,0.0,0,,,False,False,False,False,,,False,False,False,False,10496.0,6461.218941370897,False,False,False,False,1224.8401490037918,False,False,False,False
2024-03-25 17:00:00+00:00,4.055,4.065,4.05,4.065,724.0,,,,,,,,,,,,,,"rgba(239, 83, 80, 0.5)",0.23506088917899834,4.245155577871261,-0.7664208984339891,44.236454750299664,-10.081515275126698,False,False,False,True,True,0.0,0.0,0.0,0.0,0.0,0,,,False,False,False,False,,,False,False,False,False,11220.0,6534.9984926674715,False,False,False,False,1217.0751854533453,False,False,False,False
2024-03-26 17:00:00+00:00,3.995,4.03,3.985,4.01,1323.0,,,,,,,,,,,,,,"rgba(239, 83, 80, 0.5)",0.2392636413876747,4.240907402765899,-0.9650751841219528,43.42545684436625,-10.081515275126698,False,False,False,True,True,0.0,0.0,0.0,0.0,0.0,0,,,False,False,False,False,,,False,False,False,False,9897.0,6587.12254704472,False,False,False,False,1218.7174306401153,False,False,False,False
2024-03-27 17:00:00+00:00,4.035,4.035,3.985,4.01,372.0,,,,,,,,,,,,,,"rgba(239, 83, 80, 0.5)",0.243866656076524,4.23974694496504,-0.9421006900301561,42.88479157374397,-10.081515275126698,False,False,False,True,True,0.0,0.0,0.0,0.0,0.0,0,,,False,False,False,False,,,False,False,False,False,9897.0,6638.438476547903,False,False,False,False,1205.590028614687,False,False,False,False
2024-03-28 17:00:00+00:00,4.09,4.095,3.97,4.02,683.0,,,,,,,,,,,,,,"rgba(239, 83, 80, 0.5)",0.24776345519412143,4.237997823969623,-0.8798627053324851,42.90177216789815,-10.081515275126698,False,False,False,True,True,0.0,0.0,0.0,0.0,0.0,0,,,False,False,False,False,,,False,False,False,False,10580.0,6699.547957531656,False,False,False,False,1197.487857628413,False,False,False,False
2024-03-29 17:00:00+00:00,4.02,4.02,4.02,4.02,0.0,,,,,,,,,,,,,,"rgba(239, 83, 80, 0.5)",0.2486493786710781,4.237997823969623,-0.8767278049707039,42.91309256400094,-10.081515275126698,False,False,False,True,True,0.0,0.0,0.0,0.0,0.0,0,,,False,False,False,False,,,False,False,False,False,10580.0,6759.7100047017075,False,False,False,False,1178.9221544093677,False,False,False,False
2024-04-01 17:00:00+00:00,4.05,4.05,3.96,4.0,511.0,,,,,,,,,,,,,,"rgba(239, 83, 80, 0.5)",0.24854345062150904,4.236328280209596,-0.9508529780955103,42.248888609716005,-10.081515275126698,False,False,False,True,True,0.0,0.0,0.0,0.0,0.0,0,,,False,False,False,False,,,False,False,False,False,10069.0,6811.016826334239,False,False,False,False,1168.5667721704629,False,False,False,False
2024-04-02 17:00:00+00:00,4.015,4.085,4.015,4.085,527.0,,,,,,,,,,,,,,"rgba(239, 83, 80, 0.5)",0.2490344778763993,4.235472108293093,-0.6042219919756476,45.4155198647661,-7.571356286942567,True,False,False,True,True,0.0,0.0,0.0,0.0,0.0,0,,,False,False,False,False,,,False,False,False,False,10596.0,6869.6987360034755,False,False,False,False,1158.6200005089052,False,False,False,False
2024-04-03 17:00:00+00:00,4.09,4.1,4.07,4.08,1359.0,,,,,,,,,,,,,,#000000,0.2483680972099906,4.233933973195365,-0.61978158597888,47.31989332434186,-5.750293621467627,True,False,False,False,True,0.0,0.0,0.0,0.0,0.0,0,,,False,False,False,False,,,False,False,False,False,9237.0,6906.401081181716,False,False,False,False,1161.7266671676819,False,False,False,False
2024-04-04 17:00:00+00:00,4.09,4.14,4.07,4.07,513.0,,,,,,,,,,,,,,#000000,0.24687004642082322,4.21008559585116,-0.5674467108592218,48.14200795360089,-4.9409018855266496,True,False,False,False,True,0.0,0.0,0.0,0.0,0.0,0,,,False,False,False,False,,,False,False,False,False,8724.0,6934.580909380449,False,False,False,False,1151.6688893821363,False,False,False,False
2024-04-05 17:00:00+00:00,4.055,4.055,4.0,4.005,257.0,,,,,,,,,,,,,,"rgba(239, 83, 80, 0.5)",0.24647286640495228,4.205400065415489,-0.8130715090002402,46.017083878759195,-4.9409018855266496,True,False,False,True,False,0.0,0.0,0.0,0.0,0.0,1,,,False,False,False,False,,,False,False,False,False,8467.0,6958.3393448939305,False,False,False,False,1137.7980538878396,False,False,False,False
2024-04-08 17:00:00+00:00,4.0,4.0,3.91,3.91,81.0,,,,,,,,,,,,,,"rgba(239, 83, 80, 1.0)",0.24769272230867873,4.20303188955828,-1.1830460210013696,41.68535946269148,-4.766164785111123,False,True,False,True,False,0.0,0.0,0.0,0.0,0.0,1,,,False,False,False,False,,,False,False,False,False,8386.0,6980.473618616505,False,False,False,False,1121.4135879360902,False,False,False,False
2024-04-09 17:00:00+00:00,3.975,4.005,3.965,4.005,2553.0,,,,,,,,,,,,,,"rgba(239, 83, 80, 0.5)",0.24025658206431044,4.187764658751322,-0.7607061466578309,43.05393975797662,-4.766164785111123,False,False,False,True,False,0.0,0.0,0.0,0.0,0.0,0,,,False,False,False,False,,,False,False,False,False,10939.0,7041.846120653458,False,False,False,False,1143.6087261076236,False,False,False,False
2024-04-10 17:00:00+00:00,3.88,3.915,3.85,3.91,1673.0,,,,,,,,,,,,,,"rgba(239, 83, 80, 1.0)",0.23751741519838498,4.174055260483175,-1.111730103085805,41.270740465012544,-4.775447303111058,False,True,False,True,False,0.0,0.0,0.0,0.0,0.0,0,,,False,False,False,False,,,False,False,False,False,9266.0,7076.329126534799,False,False,False,False,1151.8163427571178,False,False,False,False
2024-04-11 17:00:00+00:00,3.915,3.915,3.82,3.83,232.0,,,,,,,,,,,,,,"rgba(239, 83, 80, 1.0)",0.2382079680364103,4.17209856501701,-1.4361340127997733,38.28059312241229,-7.512899285919978,False,True,False,True,False,0.0,0.0,0.0,0.0,0.0,0,,,False,False,False,False,,,False,False,False,False,9034.0,7106.6806129451115,False,False,False,False,1137.5556242647594,False,False,False,False
2024-04-12 17:00:00+00:00,3.85,3.85,3.675,3.68,1275.0,,,,,,,,,,,,,,"rgba(239, 83, 80, 1.0)",0.2443473565042807,4.156151376709691,-1.9486659627576106,33.787705579027104,-11.5630333483669,False,True,False,True,False,0.0,0.0,0.0,0.0,0.0,0,,,False,False,False,False,,,False,False,False,False,7759.0,7116.794091814179,False,False,False,False,1139.6865448187941,False,False,False,False
2024-04-15 17:00:00+00:00,3.75,3.77,3.72,3.765,1668.0,,,,,,,,,,,,,,"rgba(239, 83, 80, 1.0)",0.2470182179516308,4.140506376496904,-1.5201566087341492,34.02381728594553,-11.5630333483669,False,True,False,True,False,0.0,0.0,0.0,0.0,0.0,0,,,False,False,False,False,,,False,False,False,False,9427.0,7152.611237677525,False,False,False,False,1147.8774511006732,False,False,False,False
2024-04-16 17:00:00+00:00,3.76,3.77,3.68,3.68,903.0,,,,,,,,,,,,,,"rgba(239, 83, 80, 1.0)",0.2516356403522657,4.131922337186745,-1.7959393055534447,32.72480912962195,-12.488394696102986,False,True,False,True,False,0.0,0.0,0.0,0.0,0.0,0,,,False,False,False,False,,,False,False,False,False,8524.0,7173.873078953842,False,False,False,False,1144.0809014712054,False,False,False,False
2024-04-17 17:00:00+00:00,3.64,3.645,3.51,3.645,935.0,,,,,,,,,,,,,,"rgba(239, 83, 80, 1.0)",0.25934866440706617,4.120536546729798,-1.8335800873198616,31.302247729655768,-13.949591229551736,False,True,False,True,False,0.0,0.0,0.0,0.0,0.0,0,,,False,False,False,False,,,False,False,False,False,7589.0,7180.309155249131,False,False,False,False,1140.8393371073105,False,False,False,False
2024-04-18 17:00:00+00:00,3.685,3.69,3.64,3.65,839.0,,,,,,,,,,,,,,"rgba(239, 83, 80, 1.0)",0.2659749700341818,4.11268841587735,-1.7395938265088908,30.564409126417463,-14.82829889952675,False,True,False,True,False,0.0,0.0,0.0,0.0,0.0,0,,,False,False,False,False,,,False,False,False,False,8428.0,7199.6531993537965,False,False,False,False,1136.1596574622358,False,False,False,False
2024-04-19 17:00:00+00:00,3.69,3.69,3.58,3.61,719.0,,,,,,,,,,,,,,"rgba(239, 83, 80, 1.0)",0.2723797693271986,4.1056834900450765,-1.819824913096363,29.358806518887153,-16.18778912797775,False,True,False,True,False,0.0,0.0,0.0,0.0,0.0,0,,,False,False,False,False,,,False,False,False,False,7709.0,7207.550048976218,False,False,False,False,1129.692065873674,False,False,False,False
2024-04-22 17:00:00+00:00,3.595,3.605,3.57,3.585,1072.0,,,,,,,,,,,,,,"rgba(239, 83, 80, 1.0)",0.27911539800843044,4.094757164260273,-1.8263312160401721,28.113058231756767,-17.585586837909744,False,True,False,True,False,0.0,0.0,0.0,0.0,0.0,0,,,False,False,False,False,,,False,False,False,False,6637.0,7198.704311782788,False,False,False,False,1128.7976152399738,False,False,False,False
2024-04-23 17:00:00+00:00,3.6,3.615,3.56,3.57,1243.0,,,,,,,,,,,,,,"rgba(239, 83, 80, 1.0)",0.2871268357709165,4.082940098435114,-1.7864582286706294,27.008001679979476,-18.84950356231568,False,True,False,True,False,0.0,0.0,0.0,0.0,0.0,0,,,False,False,False,False,,,False,False,False,False,5394.0,7170.724399972202,False,False,False,False,1130.5681948486563,False,False,False,False
2024-04-24 17:00:00+00:00,3.495,3.515,3.495,3.505,1947.0,,,,,,,,,,,,,,"rgba(239, 83, 80, 1.0)",0.2962927393430126,4.0626469308437185,-1.8820809854477776,25.151371711991377,-20.78784083429549,False,True,False,True,False,0.0,0.0,0.0,0.0,0.0,0,,,False,False,False,False,,,False,False,False,False,3447.0,7112.992238732323,False,False,False,False,1143.2260522928632,False,False,False,False
2024-04-25 17:00:00+00:00,3.505,3.51,3.49,3.495,2117.0,,,,,,,,,,,,,,"rgba(239, 83, 80, 1.0)",0.3049213899582202,4.0427518326411,-1.7963706406957936,23.74988634348114,-22.263901838657926,False,True,False,True,False,0.0,0.0,0.0,0.0,0.0,0,,,False,False,False,False,,,False,False,False,False,1330.0,7023.333444333372,False,False,False,False,1158.3233227999506,False,False,False,False
2024-04-26 17:00:00+00:00,3.475,3.485,3.45,3.45,4305.0,,,,,,,,,,,,,,"rgba(239, 83, 80, 1.0)",0.3136622530828469,4.0051077670283695,-1.7697627354661318,22.089840147159293,-23.96512029500743,False,True,False,True,False,0.0,0.0,0.0,0.0,0.0,0,,,False,False,False,False,,,False,False,False,False,-2975.0,6868.3205227158005,False,False,False,False,1207.1090077177807,False,False,False,False
2024-04-29 17:00:00+00:00,3.48,3.48,3.425,3.45,4125.0,,,,,,,,,,,,,,"rgba(239, 83, 80, 1.0)",0.3215370321799059,3.974176208331983,-1.6302203350520965,20.983142682944727,-25.145299841531575,False,True,False,True,False,0.0,0.0,0.0,0.0,0.0,0,,,False,False,False,False,,,False,False,False,False,-2975.0,6715.710902208579,False,False,False,False,1252.347627753164,False,False,False,False
2024-04-30 17:00:00+00:00,3.355,3.415,3.355,3.375,3175.0,,,,,,,,,,,,,,"rgba(239, 83, 80, 1.0)",0.33226553746572357,3.9497056008992004,-1.729657566302635,19.120292479445347,-27.023755856380095,False,True,False,True,False,0.0,0.0,0.0,0.0,0.0,0,,,False,False,False,False,,,False,False,False,False,-6150.0,6516.242516127825,False,False,False,False,1282.1561916639675,False,False,False,False
2024-05-01 17:00:00+00:00,3.345,3.35,3.325,3.335,1131.0,,,,,,,,,,,,,,"rgba(239, 83, 80, 1.0)",0.34390167251753667,3.940804527074189,-1.7615631893831434,17.378661237421703,-28.755449760031805,False,True,False,True,False,0.0,0.0,0.0,0.0,0.0,0,,,False,False,False,False,,,False,False,False,False,-7281.0,6302.3317794436725,False,False,False,False,1279.8126848164643,False,False,False,False
2024-05-02 17:00:00+00:00,3.35,3.4,3.35,3.365,1247.0,,,,,,,,,,,,,,"rgba(239, 83, 80, 1.0)",0.3527573241333599,3.9320363474094706,-1.6074403240316628,18.396856669662423,-28.755449760031805,False,True,False,True,False,0.0,0.0,0.0,0.0,0.0,0,,,False,False,False,False,,,False,False,False,False,-6034.0,6111.07082162284,False,False,False,False,1279.30396102086,False,False,False,False
2024-05-03 17:00:00+00:00,3.35,3.37,3.335,3.345,540.0,,,,,,,,,,,,,,"rgba(239, 83, 80, 1.0)",0.3618591632860119,3.928166119283731,-1.6115831197641906,18.708681763940994,-28.755449760031805,False,True,False,True,False,0.0,0.0,0.0,0.0,0.0,0,,,False,False,False,False,,,False,False,False,False,-6574.0,5914.403056946518,False,False,False,False,1267.8418841058078,False,False,False,False
2024-05-06 17:00:00+00:00,3.34,3.37,3.34,3.365,1780.0,,,,,,,,,,,,,,"rgba(239, 83, 80, 0.75)",0.36734008594045015,3.916069664774311,-1.5001620728744676,20.453269274988607,-28.755449760031805,False,True,False,True,True,0.0,0.0,0.0,0.0,0.0,0,,,False,False,False,False,,,False,False,False,False,-4794.0,5748.381304125641,False,False,False,False,1275.7823200111443,False,False,False,False
2024-05-07 17:00:00+00:00,3.41,3.41,3.375,3.38,1703.0,,,,,,,,,,,,,,"rgba(239, 83, 80, 0.75)",0.37276901526110945,3.9058006845000026,-1.410526795344567,22.7825853180619,-30.861144842585773,False,True,False,True,True,0.0,0.0,0.0,0.0,0.0,0,,,False,False,False,False,,,False,False,False,False,-3091.0,5611.336632743848,False,False,False,False,1282.405849933452,False,False,False,False
2024-05-08 17:00:00+00:00,3.36,3.36,3.325,3.335,1593.0,,,,,,,,,,,,,,"rgba(239, 83, 80, 0.75)",0.37806346290269904,3.8955554355515267,-1.4827019549778475,23.106181476584894,-30.452791796971155,False,True,False,True,True,0.0,0.0,0.0,0.0,0.0,0,,,False,False,False,False,,,False,False,False,False,-4684.0,5451.719010530765,False,False,False,False,1287.2212631127784,False,False,False,False
2024-05-09 17:00:00+00:00,3.32,3.33,3.3,3.305,4741.0,,,,,,,,,,,,,,"rgba(239, 83, 80, 0.75)",0.37771181635767587,3.8658000560553583,-1.4847299760521815,22.596927663775602,-30.452791796971155,False,True,False,True,True,0.0,0.0,0.0,0.0,0.0,0,,,False,False,False,False,,,False,False,False,False,-9425.0,5221.072204165947,False,False,False,False,1340.7682202738206,False,False,False,False
2024-05-10 17:00:00+00:00,3.06,3.06,2.955,2.99,2437.0,,,,,,,,,,,,,,"rgba(239, 83, 80, 1.0)",0.38866069409593446,3.72239304998951,-1.8844021562127167,18.520041109019175,-27.888740624731295,False,True,False,True,False,0.0,0.0,0.0,0.0,0.0,0,,,False,False,False,False,,,False,False,False,False,-11862.0,4956.218371543219,False,False,False,False,1357.764061819963,False,False,False,False
2024-05-13 17:00:00+00:00,2.98,2.985,2.955,2.955,1655.0,,,,,,,,,,,,,,"rgba(239, 83, 80, 1.0)",0.39851441471888704,3.614076061597265,-1.6538324267697533,15.591374642443693,-30.554318487239414,False,True,False,True,False,0.0,0.0,0.0,0.0,0.0,0,,,False,False,False,False,,,False,False,False,False,-13517.0,4669.811885162704,True,False,False,False,1362.3723709390333,True,False,False,False
2024-05-14 17:00:00+00:00,3.055,3.14,2.955,3.135,1548.0,,,,,,,,,,,,,,"rgba(239, 83, 80, 0.75)",0.4024880167205005,3.555048420557238,-1.043629631460388,21.486872058633274,-32.97118898509301,False,True,False,True,True,0.0,0.0,0.0,0.0,0.0,0,,,False,False,False,False,,,False,False,False,False,-11969.0,4411.845809423748,False,False,False,False,1365.2503186764127,False,False,False,False
2024-05-15 17:00:00+00:00,3.12,3.13,3.07,3.115,1538.0,,,,,,,,,,,,,,"rgba(239, 83, 80, 0.75)",0.41006456314334716,3.554572842315911,-1.0719600809842436,25.06696530958295,-29.957185288471265,False,True,False,True,True,0.0,0.0,0.0,0.0,0.0,0,,,False,False,False,False,,,False,False,False,False,-13507.0,4134.034246486945,False,False,False,False,1367.9286083093366,False,False,False,False
2024-05-16 17:00:00+00:00,3.125,3.155,3.12,3.145,1387.0,,,,,,,,,,,,,,"rgba(239, 83, 80, 0.75)",0.41379977314185473,3.5545039591178105,-0.9896186167734519,28.596476307785153,-26.94195668093699,False,True,False,True,True,0.0,0.0,0.0,0.0,0.0,0,,,False,False,False,False,,,False,False,False,False,-12120.0,3882.0337155336592,False,False,False,False,1368.2242888006645,False,False,False,False
2024-05-17 17:00:00+00:00,3.155,3.155,3.11,3.135,2132.0,,,,,,,,,,,,,,"rgba(239, 83, 80, 0.5)",0.41838296608048525,3.5501662835923944,-0.9923116313309184,30.728222967300795,-25.1309880978515,False,False,False,True,True,0.0,0.0,0.0,0.0,0.0,0,,,False,False,False,False,,,False,False,False,False,-14252.0,3600.8859059905017,False,False,False,False,1380.0657726952277,False,False,False,False
2024-05-20 17:00:00+00:00,3.155,3.165,3.14,3.15,965.0,,,,,,,,,,,,,,"rgba(239, 83, 80, 0.5)",0.4225201844957285,3.5484195807682353,-0.9429598759731281,32.809406628296415,-23.228852329264644,False,False,False,True,True,0.0,0.0,0.0,0.0,0.0,0,,,False,False,False,False,,,False,False,False,False,-13287.0,3339.0582175255327,False,False,False,False,1373.630644436387,False,False,False,False
2024-05-21 17:00:00+00:00,3.205,3.205,3.145,3.165,2488.0,,,,,,,,,,,,,,"rgba(239, 83, 80, 0.5)",0.4252916328508839,3.5444850542597823,-0.8922937225826817,34.89291698846603,-21.226753297951163,True,False,False,True,True,0.0,0.0,0.0,0.0,0.0,0,,,False,False,False,False,,,False,False,False,False,-10799.0,3119.863516478625,False,False,False,False,1390.9076887086912,False,False,False,False
2024-05-22 17:00:00+00:00,3.185,3.195,3.165,3.165,278.0,,,,,,,,,,,,,,"rgba(239, 83, 80, 0.5)",0.4282561749132747,3.5439739024483417,-0.8849233814902654,36.28192389524577,-19.78396352086063,True,False,False,True,True,0.0,0.0,0.0,0.0,0.0,0,,,False,False,False,False,,,False,False,False,False,-10799.0,2904.067182889809,False,False,False,False,1373.6533059380138,False,False,False,False
2024-05-23 17:00:00+00:00,3.16,3.16,3.14,3.15,1279.0,,,,,,,,,,,,,,"rgba(239, 83, 80, 0.5)",0.4311379035667009,3.5404191505003753,-0.9055551536307316,36.68395915928694,-19.14507524958041,True,False,False,True,True,0.0,0.0,0.0,0.0,0.0,0,,,False,False,False,False,,,False,False,False,False,-12078.0,2671.787071527176,False,False,False,False,1372.1858128226957,False,False,False,False
2024-05-24 17:00:00+00:00,3.19,3.19,3.15,3.155,833.0,,,,,,,,,,,,,,"rgba(239, 83, 80, 0.5)",0.4336895140473107,3.53844079955338,-0.8841366625976367,37.261770015990585,-18.240298177559453,True,False,False,True,True,0.0,0.0,0.0,0.0,0.0,0,,,False,False,False,False,,,False,False,False,False,-11245.0,2456.022930883344,False,False,False,False,1363.8263428564524,False,False,False,False
2024-05-27 17:00:00+00:00,3.155,3.155,3.155,3.155,0.0,,,,,,,,,,,,,,"rgba(239, 83, 80, 0.5)",0.433806512272566,3.53844079955338,-0.8838982096987507,37.64697725379301,-17.46427055799218,True,False,False,True,True,0.0,0.0,0.0,0.0,0.0,0,,,False,False,False,False,,,False,False,False,False,-11245.0,2243.60397071461,False,False,False,False,1342.6817483935615,False,False,False,False
2024-05-28 17:00:00+00:00,3.24,3.24,3.135,3.155,1333.0,,,,,,,,,,,,,,"rgba(239, 83, 80, 0.5)",0.43827778225049496,3.4997139115378033,-0.7865192476053564,37.90378207899463,-16.77857125850982,True,False,False,True,True,0.0,0.0,0.0,0.0,0.0,0,,,False,False,False,False,,,False,False,False,False,-11245.0,2034.4783277577944,False,False,False,False,1342.5316437673048,False,False,False,False
2024-05-29 17:00:00+00:00,3.16,3.18,3.15,3.155,1544.0,,,,,,,,,,,,,,"rgba(239, 83, 80, 0.5)",0.4404003808984425,3.495257020566278,-0.7726083703018922,38.07498529579571,-16.162701766348988,True,False,False,True,True,0.0,0.0,0.0,0.0,0.0,0,,,False,False,False,False,,,False,False,False,False,-11245.0,1828.594942831317,False,False,False,False,1345.6551841740131,False,False,False,False
2024-05-30 17:00:00+00:00,3.175,3.225,3.175,3.22,6512.0,,,,,,,,,,,,,,"rgba(239, 83, 80, 0.5)",0.43847161864863965,3.487837666120665,-0.6108437917741062,43.04177597684709,-11.238496254686723,True,False,False,True,True,0.0,0.0,0.0,0.0,0.0,0,,,False,False,False,False,,,False,False,False,False,-4733.0,1726.8647886788935,False,False,False,False,1425.7535534116253,False,False,False,False
2024-05-31 17:00:00+00:00,3.2,3.23,3.17,3.195,1604.0,,,,,,,,,,,,,,"rgba(239, 83, 80, 0.5)",0.4359292446100674,3.484946542153751,-0.6651229430893181,44.714344620738544,-9.589228094332093,True,False,False,True,True,0.0,0.0,0.0,0.0,0.0,0,,,False,False,False,False,-0.2567414034306839,-0.2567414034306839,False,False,False,False,-6337.0,1601.843629164492,False,False,False,False,1428.517064211445,False,False,False,False
2024-06-03 17:00:00+00:00,3.155,3.175,3.155,3.155,1241.0,,,,,,,,,,,,,,"rgba(239, 83, 80, 0.5)",0.43341509970079056,3.481562784809306,-0.7534642540943997,43.5365460324698,-9.589228094332093,True,False,False,True,True,0.0,0.0,0.0,0.0,0.0,0,0.7922665569724394,0.9399424105306459,False,False,False,False,-0.2695752660253365,-0.2631583347280102,False,False,False,False,-7578.0,1459.5204721231821,False,False,False,False,1425.609822905841,False,False,False,False
2024-06-04 17:00:00+00:00,3.19,3.195,3.175,3.185,1262.0,,,,,,,,,,,,,,"rgba(239, 83, 80, 0.5)",0.43201577590480206,3.4789369061895656,-0.6803846585786182,44.86393039132997,-9.337116666524047,True,False,False,True,True,0.0,0.0,0.0,0.0,0.0,0,0.7895392278953922,0.9414694894146949,False,False,False,False,-0.26223126880981645,-0.26269480176891336,False,False,False,False,-6316.0,1338.9697671290241,False,False,False,False,1423.0732365042,False,False,False,False
2024-06-05 17:00:00+00:00,3.175,3.175,3.15,3.16,1363.0,,,,,,,,,,,,,,"rgba(239, 83, 80, 0.5)",0.4308655336739126,3.4754321954301703,-0.7320896446288865,44.29561041382312,-9.337116666524047,True,False,False,True,True,0.0,0.0,0.0,0.0,0.0,1,0.7737104825291181,0.9446755407653911,False,False,False,False,-0.27049525018007314,-0.26659502597449325,False,False,False,False,-7679.0,1199.156282367334,False,False,False,False,1422.1418684963828,False,False,False,False
2024-06-06 17:00:00+00:00,3.165,3.165,3.13,3.13,1798.0,,,,,,,,,,,,,,"rgba(239, 83, 80, 0.5)",0.4304291070736429,3.4702266994755235,-0.7904360878115839,42.33122929824948,-9.337116666524047,True,False,False,True,False,0.0,0.0,0.0,0.0,0.0,1,0.7813816343723672,0.9422914911541703,False,False,False,False,-0.27602461349208096,-0.2713098197332871,False,False,False,False,-9477.0,1033.6344795399334,False,False,False,False,1427.969126349152,False,False,False,False
2024-06-07 17:00:00+00:00,3.135,3.16,3.135,3.155,701.0,,,,,,,,,,,,,,"rgba(239, 83, 80, 0.5)",0.42894031378828223,3.4683874657266736,-0.730608561734201,42.94441590828184,-9.337116666524047,True,False,False,True,False,0.0,0.0,0.0,0.0,0.0,1,0.7853803654908629,0.9294517637059074,False,False,False,False,-0.27602461349208096,-0.273667216612684,False,False,False,False,-8776.0,881.5471232679964,False,False,False,False,1416.698287180948,False,False,False,False
2024-06-10 17:00:00+00:00,3.15,3.16,3.13,3.16,353.0,,,,,,,,,,,,,,"rgba(239, 83, 80, 0.5)",0.42769574307987424,3.467473021292623,-0.7189059659057692,43.73722652968849,-9.337116666524047,True,False,False,True,False,0.0,0.0,0.0,0.0,0.0,1,0.7786956521739131,0.9517391304347826,False,False,False,False,-0.2769477681675205,-0.2753074923901022,False,False,False,False,-8423.0,737.2905787212057,False,False,False,False,1400.206840868065,False,False,False,False
2024-06-11 17:00:00+00:00,3.15,3.185,3.14,3.165,780.0,,,,,,,,,,,,,,"rgba(239, 83, 80, 0.5)",0.42395067068135206,3.4656833996471725,-0.7092414765235053,44.6792744751633,-8.848733676548832,True,False,False,True,True,0.0,0.0,0.0,0.0,0.0,1,0.7692986325540363,0.9625055138950154,False,False,False,False,-0.270495250180073,-0.2729013712850876,False,False,False,False,-7643.0,607.3635930045979,False,False,False,False,1390.5912309321259,False,False,False,False
2024-06-12 17:00:00+00:00,3.275,3.275,3.23,3.23,795.0,,,,,,,,,,,,,,#000000,0.421468870747302,3.445118416655227,-0.5104016727826255,49.74511847786168,-4.047483160309632,True,False,False,False,True,0.0,0.0,0.0,0.0,0.0,1,0.769162210338681,0.9754901960784315,False,False,False,False,-0.23764326985186926,-0.25527232056847843,False,False,False,False,-6848.0,491.77656055491417,False,False,False,False,1381.3572583595346,False,False,False,False
2024-06-13 17:00:00+00:00,3.17,3.17,3.155,3.16,311.0,,,,,,,,,,,,,,#000000,0.4165610280500169,3.4423354412385048,-0.6777768975656655,48.494645655558564,-4.047483160309632,True,False,False,False,True,0.0,0.0,0.0,0.0,0.0,1,0.7560106856634013,0.9839715048975956,False,False,False,False,-0.27049525018007314,-0.2628837853742758,False,False,False,False,-7159.0,373.15986969359767,False,False,False,False,1364.762572183418,False,False,False,False
2024-06-14 17:00:00+00:00,3.11,3.115,3.065,3.095,2451.0,,,,,,,,,,,,,,"rgba(239, 83, 80, 0.5)",0.4124626873651303,3.4264202139271873,-0.8035156247571049,44.67164414386697,-1.0768652554596727,True,False,False,True,False,0.0,0.0,0.0,0.0,0.0,1,0.7557251908396947,0.9892231701841042,False,False,False,False,-0.2973771416611631,-0.2801304635177194,False,False,False,False,-9610.0,218.3821972952473,False,False,False,False,1381.6034625371633,False,False,False,False
2024-06-17 17:00:00+00:00,3.09,3.13,3.085,3.125,588.0,,,,,,,,,,,,,,"rgba(239, 83, 80, 0.5)",0.408830148215719,3.4246006051651268,-0.732824148298972,44.05281189766609,-1.6015021158099856,True,False,False,True,False,0.0,0.0,0.0,0.0,0.0,0,0.7543221110100091,0.9931756141947223,False,False,False,False,-0.29085144084383446,-0.2854909521807769,False,False,False,False,-9022.0,75.12045780229772,False,False,False,False,1369.2995328854242,False,False,False,False
2024-06-18 17:00:00+00:00,3.11,3.11,3.06,3.065,3340.0,,,,,,,,,,,,,,"rgba(239, 83, 80, 0.5)",0.40724417714660627,3.4122866312378473,-0.8527724906250176,41.19411109353444,-4.287875232045067,True,False,False,True,False,0.0,0.0,0.0,0.0,0.0,0,0.7512482977757602,0.9872900590104402,False,False,False,False,-0.2992461337110617,-0.2923685429459193,False,False,False,False,-12362.0,-117.70311518688519,False,False,False,False,1399.8530284996036,False,False,False,False
2024-06-19 17:00:00+00:00,3.065,3.065,3.065,3.065,0.0,,,,,,,,,,,,,,"rgba(239, 83, 80, 0.5)",0.4042730657757306,3.4122866312378473,-0.8590397447612887,39.28831055744667,-6.07352654124707,True,False,False,True,False,0.0,0.0,0.0,0.0,0.0,0,0.7499999999999999,0.996343692870201,False,False,False,False,-0.30674259252889474,-0.299555567737407,False,False,False,False,-12362.0,-307.5371754165459,False,False,False,False,1378.1498807709277,False,False,False,False
2024-06-20 17:00:00+00:00,3.02,3.055,3.01,3.03,1966.0,,,,,,,,,,,,,,"rgba(239, 83, 80, 0.5)",0.39692310962571997,3.403978813936133,-0.9421946086454325,36.68945458197774,-8.521127930014472,True,False,False,True,False,0.0,0.0,0.0,0.0,0.0,0,0.747157798999545,0.9895407003183266,False,False,False,False,-0.31899644857839826,-0.3092760081579026,False,False,False,False,-14328.0,-524.9086920767545,False,False,False,False,1387.2638361078123,False,False,False,False
2024-06-21 17:00:00+00:00,3.03,3.035,3.01,3.02,3315.0,,,,,,,,,,,,,,"rgba(239, 83, 80, 0.5)",0.3924664672655795,3.3911096589522214,-0.9455831004820442,34.59108908648891,-10.504430639985756,False,False,False,True,False,0.0,0.0,0.0,0.0,0.0,0,0.7425925925925925,1.0013888888888889,False,False,False,False,-0.32278543103695756,-0.3160307195974301,False,False,False,False,-17643.0,-790.3054565406808,False,False,False,False,1417.1512184937376,False,False,False,False
2024-06-24 17:00:00+00:00,3.05,3.05,3.01,3.025,796.0,,,,,,,,,,,,,,"rgba(239, 83, 80, 0.5)",0.38706038125689757,3.388385834189197,-0.9388350029759632,33.63822252909052,-11.484549569854082,False,False,False,True,False,0.0,0.0,0.0,0.0,0.0,0,0.7407925407925406,1.0004662004662006,False,False,False,False,-0.3187979529529749,-0.31741433627520255,False,False,False,False,-16847.0,-1039.2464572144686,False,False,False,False,1407.520967044222,False,False,False,False
2024-06-25 17:00:00+00:00,3.025,3.05,3.02,3.04,3650.0,,,,,,,,,,,,,,"rgba(239, 83, 80, 0.5)",0.38349579792616123,3.377294598831182,-0.8795261920865299,34.38947588208517,-11.484549569854082,False,False,False,True,False,0.0,0.0,0.0,0.0,0.0,0,0.7475409836065573,0.9901639344262296,False,False,False,False,-0.31601460934476144,-0.316714472809982,False,False,False,False,-13197.0,-1227.7387602033916,False,False,False,False,1442.2880838342342,False,False,False,False
2024-06-26 17:00:00+00:00,3.07,3.11,3.07,3.1,2870.0,,,,,,,,,,,,,,"rgba(239, 83, 80, 0.5)",0.38149773593367303,3.371905910207346,-0.7127326969369464,39.488624196746,-15.483580941135642,True,False,False,True,True,0.0,0.0,0.0,0.0,0.0,0,0.7548144668858617,0.9812118365429779,False,False,False,False,-0.2934611678824051,-0.30508782034619353,False,False,False,False,-10327.0,-1368.8125778746569,False,False,False,False,1464.4231523019203,False,False,False,False
2024-06-27 17:00:00+00:00,3.12,3.12,3.06,3.06,1298.0,,,,,,,,,,,,,,"rgba(239, 83, 80, 0.5)",0.3808709554228054,3.3692573911179475,-0.8119742046873603,40.58654819787432,-14.445285957612732,True,False,False,True,True,0.0,0.0,0.0,0.0,0.0,0,0.7552545539467537,0.9710415693601122,False,False,False,False,-0.2934611678824051,-0.2992744941142993,False,False,False,False,-11625.0,-1527.8232355820264,False,False,False,False,1461.8429483902626,False,False,False,False
2024-06-28 17:00:00+00:00,3.09,3.1,2.92,2.92,25844.0,,,,,,,,,,2.98,,,2.98,"rgba(239, 83, 80, 0.5)",0.37950534423944826,3.273331765036621,-0.9310323830741285,36.275118346825934,-14.445285957612732,False,False,False,True,False,0.0,0.0,0.0,0.0,0.0,0,0.7457076566125288,0.9814385150812066,False,False,False,False,-0.32620399376407183,-0.31273924393918556,False,False,False,False,-37469.0,-2085.050782317189,False,False,False,False,1839.8608871749097,True,False,False,False
2024-07-01 17:00:00+00:00,3.02,3.07,2.99,3.06,737.0,,,,,,,,,,2.981663594296678,,,2.981663594296678,"rgba(239, 83, 80, 0.5)",0.377267892966071,3.2724717902194436,-0.5631854556956741,40.26472208287831,-14.445285957612732,True,False,False,True,True,0.0,0.0,0.0,0.0,0.0,0,0.7592764378478664,0.9689239332096474,False,False,False,False,-0.31795723444445323,-0.3153482391918194,False,False,False,False,-36732.0,-2622.212785692116,False,False,False,False,1822.762268769097,False,False,False,False
2024-07-02 17:00:00+00:00,3.04,3.06,3.035,3.05,1136.0,,,,,,,,,,2.984396098663876,,,2.984396098663876,"rgba(239, 83, 80, 0.5)",0.3739609870291492,3.2712619018851377,-0.5916710821706412,42.56488122587802,-13.326616494600152,True,False,False,True,True,0.0,0.0,0.0,0.0,0.0,0,0.76356050069541,0.9596662030598052,False,False,False,False,-0.3107755238067648,-0.31306188149929215,False,False,False,False,-37868.0,-3168.6590990922386,False,False,False,False,1812.1147917339174,False,False,False,False
2024-07-03 17:00:00+00:00,3.05,3.05,3.05,3.05,0.0,,,,,,,,,,2.984396098663876,,,2.984396098663876,"rgba(239, 83, 80, 0.5)",0.3689502639886478,3.2712619018851377,-0.5997065823808323,44.098320654544494,-11.860061134132138,True,False,False,True,True,0.0,0.0,0.0,0.0,0.0,0,0.762482501166589,0.9659356042930473,False,False,False,False,-0.309752111925133,-0.3114069967122126,False,False,False,False,-37868.0,-3706.633376625692,False,False,False,False,1784.0199887612985,False,False,False,False
2024-07-04 17:00:00+00:00,3.05,3.05,3.05,3.05,0.0,,,,,,,,,,2.984396098663876,,,2.984396098663876,"rgba(239, 83, 80, 0.5)",0.36170164650036724,3.2712619018851377,-0.6117248954378569,45.12061360698881,-10.744468009032204,True,False,False,True,True,0.0,0.0,0.0,0.0,0.0,0,0.7606358111266948,0.9630668536699393,False,False,False,False,-0.309752111925133,-0.3105795543186728,False,False,False,False,-37868.0,-4236.266967685759,False,False,False,False,1756.3607641293404,False,False,False,False
2024-07-05 17:00:00+00:00,2.975,3.005,2.975,3.0,2193.0,,,,,,,,,,2.985051376351276,,,2.985051376351276,"rgba(239, 83, 80, 0.5)",0.35614334344625415,3.267543821401907,-0.751225107320536,43.643175493160754,-10.744468009032204,True,False,False,True,True,0.0,0.0,0.0,0.0,0.0,0,0.7677146879399341,0.961520412951666,False,False,False,False,-0.33449383807015826,-0.3225366961944155,False,False,False,False,-40061.0,-4791.689185241018,False,False,False,False,1763.1303646854747,False,False,False,False
2024-07-08 17:00:00+00:00,3.02,3.02,2.99,2.995,412.0,,,,,,,,,,2.9852771365125426,,,2.9852771365125426,"rgba(239, 83, 80, 0.5)",0.3495980059522095,3.2668968981522,-0.7777415589417541,42.45187445572702,-10.744468009032204,True,False,False,True,True,0.0,0.0,0.0,0.0,0.0,0,0.7699905926622763,0.9529633113828786,False,False,False,False,-0.32827235821394046,-0.325404527204178,False,False,False,False,-40473.0,-5344.887802524103,False,False,False,False,1742.1826070934517,False,False,False,False
2024-07-09 17:00:00+00:00,2.975,2.99,2.97,2.99,2290.0,,,,,,,,,,2.9851406435259,,,2.9851406435259,"rgba(239, 83, 80, 0.5)",0.34388693668882,3.2628999182270078,-0.7935745418383022,41.43291720417651,-10.744468009032204,True,False,False,True,False,0.0,0.0,0.0,0.0,0.0,0,0.768252472915685,0.9528968440885541,False,False,False,False,-0.3386553802263881,-0.33202995371528304,False,False,False,False,-42763.0,-5925.013573027605,False,False,False,False,1750.6759000067314,False,False,False,False
2024-07-10 17:00:00+00:00,3.035,3.045,3.025,3.03,772.0,,,,,,,,,,2.9862550922597646,,,2.9862550922597646,"rgba(239, 83, 80, 0.5)",0.33700165743971094,3.2620012242678875,-0.6884275467084086,43.4107092276418,-10.744468009032204,True,False,False,True,False,0.0,0.0,0.0,0.0,0.0,0,0.7660377358490563,0.9556603773584906,False,False,False,False,-0.31590210610713976,-0.3239660299112114,False,False,False,False,-41991.0,-6484.176153290743,False,False,False,False,1735.502630239185,False,False,False,False
2024-07-11 17:00:00+00:00,3.09,3.14,3.085,3.13,6748.0,,,,,,,,,,3.0084634040998037,,,3.0084634040998037,#000000,0.32816109260955634,3.260013013330203,-0.39618655671923797,49.466842822099494,-5.918864317149193,True,False,False,False,True,0.0,0.0,0.0,0.0,0.0,0,0.7679738562091502,0.9458450046685343,False,False,False,False,-0.2843641323174868,-0.3041650811143491,False,False,False,False,-35243.0,-6930.04939122422,False,False,False,False,1813.2157677548566,False,False,False,False
2024-07-12 17:00:00+00:00,3.165,3.2,3.135,3.135,1881.0,,,,,,,,,,3.0150987392791118,,,3.0150987392791118,"rgba(38, 166, 154, 1.0)",0.318589840526156,3.2600507446938174,-0.39251328443899647,53.695883899475696,-2.0839670172673976,True,False,True,False,True,0.0,0.0,0.0,0.0,0.0,0,0.775070290534208,0.9395501405810686,False,False,False,False,-0.26231527206141614,-0.2832401765878826,False,False,False,False,-33362.0,-7339.8470750812085,False,False,False,False,1814.2666860842387,False,False,False,False
2024-07-15 17:00:00+00:00,3.25,3.29,3.23,3.29,321.0,,,,,,,,,,3.0170315428103494,,,3.0170315428103494,"rgba(38, 166, 154, 1.0)",0.30827586510948923,3.2603991532711487,0.09602064280425618,60.840849155438235,4.325443732172197,True,False,True,False,True,0.0,0.0,0.0,0.0,0.0,0,0.781191806331471,0.9245810055865922,False,False,False,False,-0.22577661688665795,-0.25450839673727027,False,False,False,False,-33041.0,-7738.314562289252,False,False,False,False,1791.1152645945606,False,False,False,False
2024-07-16 17:00:00+00:00,3.45,3.51,3.41,3.505,2782.0,,,,,,,,,,3.045271374530839,,,3.045271374530839,"rgba(38, 166, 154, 1.0)",0.2954085123844337,3.268513351081977,0.8005410778761449,68.49364783168858,11.00282387355346,True,False,True,False,True,1.6325104642716113,0.0,0.0,0.0,0.0,0,0.7868324125230204,0.9231123388581954,False,False,False,False,-0.1486307359143998,-0.20156956632583503,False,False,False,False,-30259.0,-8087.472476052209,False,False,False,False,1806.4778186318542,False,False,False,False
2024-07-17 17:00:00+00:00,3.47,3.5,3.47,3.495,2157.0,,,,,,,,,,3.065487663853221,,,3.065487663853221,"rgba(38, 166, 154, 1.0)",0.28182829735352,3.274621911814139,0.7819586970339709,73.09517575550632,14.819564100998619,True,False,True,False,True,1.3194499804531894,0.0,0.0,0.0,0.0,0,0.7913968547641071,0.9227567067530066,False,False,False,False,-0.1391277447002348,-0.1703486555130349,False,False,False,False,-32416.0,-8464.658949291708,False,False,False,False,1811.9122710561664,False,False,False,False
2024-07-18 17:00:00+00:00,3.46,3.46,3.365,3.37,176.0,,,,,,,,,,3.06672227022698,,,3.06672227022698,"rgba(38, 166, 154, 1.0)",0.2667623364422702,3.2749614446237167,0.3562667678045719,70.64321906406852,14.819564100998619,True,False,True,False,True,0.0,0.0,0.0,0.0,0.0,0,0.77519739897817,0.9280074314909428,False,False,False,False,-0.1667615749052189,-0.16855511520912692,False,False,False,False,-32592.0,-8838.726252403465,False,False,False,False,1786.5492901095593,False,False,False,False
2024-07-19 17:00:00+00:00,3.285,3.365,3.27,3.365,2706.0,,,,,,,,,,3.0811066693250915,,,3.0811066693250915,"rgba(38, 166, 154, 0.75)",0.25309368702993995,3.2784302669027348,0.34204619685762694,68.81195411236651,14.819564100998619,True,False,True,False,False,0.0,0.0,0.0,0.0,0.0,0,0.7739090064995356,0.9350046425255337,False,False,False,False,-0.20336439992320904,-0.18595975756616798,False,False,False,False,-35298.0,-9248.947550815814,False,False,False,False,1800.8043398753025,False,False,False,False
2024-07-22 17:00:00+00:00,3.36,3.42,3.36,3.39,2193.0,,,,,,,,,,3.094047050508137,,,3.094047050508137,"rgba(38, 166, 154, 0.75)",0.2422110984579587,3.2820924068194484,0.4455105231244455,68.1492799640341,14.819564100998619,True,False,True,False,False,0.0,0.0,0.0,0.0,0.0,0,0.7794800371402041,0.9340761374187557,False,False,False,False,-0.175387216039165,-0.18067348680266648,False,False,False,False,-33105.0,-9618.80882909774,False,False,False,False,1806.8848927454528,False,False,False,False
2024-07-23 17:00:00+00:00,3.48,3.495,3.45,3.485,5276.0,,,,,,,,,,3.1290793477254844,,,3.1290793477254844,"rgba(38, 166, 154, 0.75)",0.22769154890209728,3.293748214150586,0.8399599667691144,69.59194251739136,14.819564100998619,True,False,True,False,False,1.1032031800775464,0.0,0.0,0.0,0.0,0,0.7782485875706214,0.9354990583804143,False,False,False,False,-0.1363221091655203,-0.15849779798409339,False,False,False,False,-27829.0,-9901.137374383046,False,False,False,False,1860.6696230904845,False,False,False,False
2024-07-24 17:00:00+00:00,3.51,3.515,3.46,3.475,909.0,,,,,,,,,,3.134580806268828,,,3.134580806268828,"rgba(38, 166, 154, 0.75)",0.21605162879807455,3.295658615677342,0.8300857777391419,70.07584422452928,14.819564100998619,True,False,True,False,False,0.7938122047486083,0.0,0.0,0.0,0.0,0,0.7877783041212693,0.9332070108953101,False,False,False,False,-0.12860375030751753,-0.14355077414580547,False,False,False,False,-28738.0,-10193.181756175556,False,False,False,False,1845.915055290632,False,False,False,False
2024-07-25 17:00:00+00:00,3.6,3.605,3.545,3.545,322.0,,,,,,,,,,3.136935661087984,,,3.136935661087984,"rgba(38, 166, 154, 0.75)",0.20807641094748694,3.2965355759315464,1.194101834691677,71.69931601292774,14.819564100998619,True,False,True,False,False,2.887852799177953,0.0,0.0,0.0,0.0,0,0.7939651107967939,0.9250353606789249,False,False,False,False,-0.09400374380099469,-0.11877725897340008,False,False,False,False,-28416.0,-10475.706070033299,False,False,False,False,1822.288465286126,False,False,False,False
2024-07-26 17:00:00+00:00,3.55,3.56,3.505,3.515,967.0,,,,,,,,,,3.1432355153622407,,,3.1432355153622407,"rgba(38, 166, 154, 0.75)",0.2042681288612179,3.29883864042467,1.058223623922225,71.25731790057104,14.819564100998619,True,False,True,False,False,1.9383743317998317,0.0,0.0,0.0,0.0,0,0.7900943396226413,0.9292452830188678,False,False,False,False,-0.09380926107743602,-0.10629326002541806,False,False,False,False,-29383.0,-10768.842410032781,False,False,False,False,1809.0281790026202,False,False,False,False
2024-07-29 17:00:00+00:00,3.53,3.55,3.51,3.535,1411.0,,,,,,,,,,3.152186185009172,,,3.152186185009172,"rgba(38, 166, 154, 0.75)",0.19797426805220283,3.3021663529781367,1.176080352828827,71.3948033563902,15.273828272645233,True,False,True,False,False,2.5392723131213337,0.0,0.0,0.0,0.0,0,0.8005752636625121,0.9261744966442953,False,False,False,False,-0.09486959772929884,-0.10058142887735845,False,False,False,False,-27972.0,-11035.55803158266,False,False,False,False,1802.8571994831996,False,False,False,False
2024-07-30 17:00:00+00:00,3.53,3.56,3.515,3.55,1006.0,,,,,,,,,,3.1584815522957195,,,3.1584815522957195,"rgba(38, 166, 154, 0.75)",0.19462120751451795,3.3045546572149043,1.261143869774759,71.82271635256703,16.290317016398106,True,False,True,False,False,2.992508195206014,0.0,0.0,0.0,0.0,0,0.7984496124031008,0.9307170542635655,False,False,False,False,-0.08459467657487695,-0.0925880527261177,False,False,False,False,-26966.0,-11282.54162799223,False,True,False,False,1790.5028242974136,False,False,False,False
2024-07-31 17:00:00+00:00,3.54,3.615,3.45,3.46,683.0,,,,,,,,,,3.162279091573694,,,3.162279091573694,"rgba(38, 166, 154, 0.75)",0.19054154686334343,3.321538357193328,0.7266742875031693,67.41353227281787,16.290317016398106,True,False,True,False,False,0.11591320290251517,0.0,0.0,0.0,0.0,0,0.7989392478302797,0.9218900675024105,False,False,False,False,-0.08677453790733197,-0.08968129531672484,False,False,False,False,-27649.0,-11536.285168643513,False,False,False,False,1773.332237874198,False,False,False,False
2024-08-01 17:00:00+00:00,3.3,3.325,3.28,3.3,1251.0,,,,,,,,,,3.164996338023779,,,3.164996338023779,"rgba(38, 166, 154, 0.75)",0.18447942339906712,3.311790332466237,-0.06391136880741571,59.018737739135844,14.91801488495338,True,False,True,False,False,0.0,0.0,0.0,0.0,0.0,0,0.8004796163069544,0.9347721822541964,False,False,False,False,-0.18829250396946295,-0.1389868996430939,False,False,False,False,-28900.0,-11805.490049749815,False,False,False,False,1765.2340636435902,False,False,False,False
2024-08-02 17:00:00+00:00,3.225,3.27,3.21,3.25,2290.0,,,,,,,,,,3.167695459629167,,,3.167695459629167,#000000,0.1791258302508537,3.3063230063685243,-0.3144326325781585,52.16358453835691,8.84772998470389,False,False,False,False,False,0.0,0.0,0.0,0.0,0.0,0,0.7871524448705656,0.9405560882070947,False,False,False,False,-0.21525067827824962,-0.17711878896067176,False,False,False,False,-31190.0,-12106.02508773819,False,False,False,False,1773.369969633612,False,False,False,False
2024-08-05 17:00:00+00:00,3.195,3.235,3.16,3.175,2022.0,,,,,,,,,,3.1683539947920463,,,3.1683539947920463,"rgba(239, 83, 80, 1.0)",0.17425923011213454,3.3027550144960793,-0.7331319805204585,45.913021514090744,3.4571731573493025,False,True,False,True,False,0.0,0.0,0.0,0.0,0.0,0,0.7857142857142856,0.9395973154362414,False,False,False,False,-0.23478391034764354,-0.20595134965415765,False,False,False,False,-33212.0,-12433.249504982557,False,False,False,False,1777.2246987865792,False,False,False,False
2024-08-06 17:00:00+00:00,3.16,3.24,3.15,3.155,449.0,,,,,,,,,,3.1684407065695686,,,3.1684407065695686,"rgba(239, 83, 80, 1.0)",0.16958808070472312,3.302126843051496,-0.8675541490894336,41.32451263863989,-0.4238469302633945,False,True,False,True,False,0.0,0.0,0.0,0.0,0.0,0,0.7874165872259296,0.9323164918970447,False,False,False,False,-0.2359382823882668,-0.22094481602121224,False,False,False,False,-33661.0,-12762.361915758021,False,False,False,False,1756.63206779764,False,False,False,False
2024-08-07 17:00:00+00:00,3.135,3.165,3.135,3.165,160.0,,,,,,,,,3.1550000000000002,3.1684095821151854,,,3.161704791057593,"rgba(239, 83, 80, 1.0)",0.1662849231760662,3.291351883449115,-0.7598517113624947,38.73692139969817,-2.6299518383383997,False,True,False,True,False,0.0,0.0,0.0,0.0,0.0,0,0.7879656160458454,0.938872970391595,False,False,False,False,-0.2568261210973492,-0.23888546855928072,False,False,False,False,-33501.0,-13083.89118838193,False,False,False,False,1731.8780822503898,False,False,False,False
2024-08-08 17:00:00+00:00,3.155,3.25,3.155,3.235,3544.0,,,,,,,,,3.210813534917206,3.1706014069770636,,,3.190707470947135,"rgba(239, 83, 80, 1.0)",0.16298269957377348,3.2935457453227497,-0.3592144778302025,40.13435435958851,-2.6299518383383997,False,True,False,True,False,0.0,0.0,0.0,0.0,0.0,0,0.7891710589362722,0.9391471011020602,False,False,False,False,-0.2297482820987464,-0.23431687532901357,False,False,False,False,-29957.0,-13345.489774608566,False,False,False,False,1759.9729957038721,False,False,False,False
2024-08-09 17:00:00+00:00,3.235,3.235,3.16,3.2,3128.0,,,,,,,,,3.2050995316159248,3.1717463198092366,,,3.1884229257125805,"rgba(239, 83, 80, 1.0)",0.16051530195640756,3.2915001971342663,-0.57004033895233,40.014468011036605,-2.6299518383383997,False,True,False,True,False,0.0,0.0,0.0,0.0,0.0,0,0.8034398034398037,0.9356265356265355,False,False,False,False,-0.23211102291224772,-0.23321394912063065,False,False,False,False,-33085.0,-13651.52869283169,False,False,False,False,1781.1827167007114,False,False,False,False
2024-08-12 17:00:00+00:00,3.155,3.16,3.15,3.155,226.0,,,,,,,,,3.2034953244545195,3.171696516299961,,,3.18759592037724,"rgba(239, 83, 80, 1.0)",0.15803073027644413,3.2911721046591613,-0.8616811706239339,38.66075925404879,-3.375353079415703,False,True,False,True,False,0.0,0.0,0.0,0.0,0.0,0,0.7939273270283724,0.9462419113987057,False,False,False,False,-0.25230034758375125,-0.24275714835219095,False,False,False,False,-33311.0,-13956.326697593988,False,False,False,False,1757.0713567518633,False,False,False,False
2024-08-13 17:00:00+00:00,3.23,3.29,3.23,3.27,262.0,,,,,,,,,3.2056370673952634,3.1720113698953494,,,3.1888242186453066,"rgba(239, 83, 80, 0.75)",0.15693210214828324,3.2913929134818227,-0.13631954959482287,42.378897452863484,-3.375353079415703,False,True,False,True,True,0.0,0.0,0.0,0.0,0.0,0,0.786072144288577,0.9534068136272542,False,False,False,False,-0.2027502486542682,-0.22275369850322957,False,False,False,False,-33049.0,-14252.337136390981,False,False,False,False,1733.8919558719895,False,False,False,False
2024-08-14 17:00:00+00:00,3.215,3.215,3.18,3.195,175.0,,,,,,,,,3.2054276184122745,3.1720678232956945,,,3.1887477208539847,"rgba(239, 83, 80, 0.75)",0.15613360529590425,3.291295029460572,-0.6167476199507081,42.58217407288014,-3.375353079415703,False,True,False,True,True,0.0,0.0,0.0,0.0,0.0,0,0.777111444277861,0.9540229885057471,False,False,False,False,-0.2319281012008276,-0.2273408998520286,False,False,False,False,-33224.0,-14546.47144435391,False,False,False,False,1709.7230883390905,False,False,False,False
2024-08-15 17:00:00+00:00,3.195,3.36,3.195,3.32,49.0,,,,,,,,,3.205987760692824,3.1721444511275565,,,3.1890661059101904,"rgba(239, 83, 80, 0.75)",0.1555686169977387,3.291362604853987,0.1840820835119291,46.60240285003338,-3.375353079415703,False,True,False,True,True,0.0,0.0,0.0,0.0,0.0,0,0.779252704031465,0.9370698131760077,False,False,False,False,-0.18719196106247513,-0.20726643045725185,False,False,False,False,-33175.0,-14835.285840565479,False,False,False,False,1683.9754435586394,False,False,False,False
2024-08-16 17:00:00+00:00,3.33,3.35,3.29,3.3,747.0,,,,,,,,,3.2156593494954366,3.173510175892953,,,3.194584762694195,#000000,0.15507766145088592,3.2926308477604396,0.04751910862348223,48.6361411283365,-8.361427826137351,False,False,False,False,True,0.0,0.0,0.0,0.0,0.0,0,0.7954545454545454,0.9377470355731224,False,False,False,False,-0.16217624919419293,-0.1847213398257224,False,False,False,False,-33922.0,-15131.203889548959,False,False,False,False,1669.4486924957148,False,False,False,False
2024-08-19 17:00:00+00:00,3.33,3.355,3.33,3.345,395.0,,,,,,,,,3.2214653849105837,3.174374388044318,,,3.1979198864774507,"rgba(38, 166, 154, 0.5)",0.15480147123167143,3.293461183390892,0.33293492754973036,51.291479782091,-5.572494918419011,False,False,True,False,True,0.0,0.0,0.0,0.0,0.0,0,0.8006906758756782,0.9264923532313761,False,False,False,False,-0.1510280317800505,-0.16787468580288645,False,False,False,False,-33527.0,-15416.41003079626,False,False,False,False,1649.6897980384167,False,False,False,False
2024-08-20 17:00:00+00:00,3.31,3.32,3.265,3.265,734.0,,,,,,,,,3.226286093418259,3.175395087253575,,,3.200840590335917,#000000,0.15352392189684674,3.294097494818485,-0.18953068980374088,50.391506761798055,-5.572494918419011,False,False,False,False,True,0.0,0.0,0.0,0.0,0.0,0,0.8012852199703411,0.9253583786455755,False,False,False,False,-0.17585661862893032,-0.17186565221590838,False,False,False,False,-34261.0,-15708.574216365309,False,False,False,False,1635.4930569835574,False,False,False,False
2024-08-21 17:00:00+00:00,3.34,3.34,3.28,3.285,12109.0,,,,,,,,,3.268683945685664,3.192297274392108,,,3.2304906100388857,#000000,0.15301548529065037,3.302129353899962,-0.11194523134325281,50.44749805581917,-5.572494918419011,False,False,False,False,True,0.0,0.0,0.0,0.0,0.0,0,0.7974308300395256,0.9268774703557309,False,False,False,False,-0.1671437075293596,-0.16950467987263398,False,False,False,False,-22152.0,-15808.472290530188,False,False,False,False,1797.8730095884634,False,False,False,False
2024-08-22 17:00:00+00:00,3.3,3.315,3.28,3.29,1046.0,,,,,,,,,3.269903285345145,3.1934712250525443,,,3.2316872551988447,#000000,0.15287862464670585,3.3024785886408003,-0.08162415556548636,50.660365773598,-5.001481880506546,False,False,False,False,True,0.0,0.0,0.0,0.0,0.0,0,0.8018821198613174,0.9247152055473004,False,False,False,False,-0.1733645737308392,-0.1714346268017366,False,False,False,False,-21106.0,-15890.604503080107,False,False,False,False,1786.216063703371,False,False,False,False
2024-08-23 17:00:00+00:00,3.445,3.46,3.42,3.42,847.0,,,,,,,,,3.2758133378874557,3.1956710085610744,,,3.2357421732242653,"rgba(38, 166, 154, 1.0)",0.1531823973139256,3.3039942455776665,0.7573047325052372,54.67542270568058,-0.8407732320168861,True,False,True,False,True,0.6093906122265302,0.0,0.0,0.0,0.0,0,0.8027545499262173,0.925233644859813,False,False,False,False,-0.10311114473912225,-0.13727288577042943,False,False,False,False,-20259.0,-15958.331565047858,False,False,False,False,1771.6545743436288,False,False,False,False
2024-08-26 17:00:00+00:00,3.47,3.47,3.415,3.415,545.0,,,,,,,,,3.2793952796205894,3.1970652450816814,,,3.238230262351135,"rgba(38, 166, 154, 1.0)",0.1524529169674573,3.304938401434464,0.7219382925223401,57.13947241493055,1.6907364423165205,True,False,True,False,True,0.4639996094768364,0.0,0.0,0.0,0.0,0,0.8106098165592464,0.923153197818542,False,False,False,False,-0.10188960897767531,-0.11958124737405237,False,False,False,False,-20804.0,-16033.458207450216,False,False,False,False,1752.636673966208,False,False,False,False
2024-08-27 17:00:00+00:00,3.405,3.415,3.395,3.395,1638.0,,,,,,,,,3.287217210180303,3.2006102067224456,,,3.243913708451374,"rgba(38, 166, 154, 1.0)",0.1537670520830157,3.3071173536566403,0.5715310604765558,57.87642864278766,2.615120863945876,True,False,True,False,True,0.0,0.0,0.0,0.0,0.0,0,0.8053454362077659,0.94452849218356,False,False,False,False,-0.11626737190479475,-0.11792430963942356,False,False,False,False,-22442.0,-16132.81544454401,False,False,False,False,1750.859361191538,False,False,False,False
2024-08-28 17:00:00+00:00,3.41,3.465,3.41,3.415,446.0,,,,,,,,,3.2896616892505723,3.201687301503746,,,3.245674495377159,"rgba(38, 166, 154, 1.0)",0.15517203472389904,3.3078119647463913,0.6907690257740755,59.003752513435344,3.960118702696704,True,False,True,False,True,0.4685823239499527,0.0,0.0,0.0,0.0,0,0.8104145601617796,0.9327603640040443,False,False,False,False,-0.10007153968846513,-0.10899792466394434,False,False,False,False,-21996.0,-16223.71753067511,False,False,False,False,1730.628983498646,False,False,False,False
2024-08-29 17:00:00+00:00,3.49,3.53,3.45,3.485,1746.0,,,,,,,,,3.3021407585950517,3.2068612785284274,,,3.2545010185617396,"rgba(38, 166, 154, 1.0)",0.15808396674089098,3.3231993566788742,1.0235107750447996,61.76976059156865,6.7905826650322325,True,False,True,False,True,2.509657320111703,0.0,0.0,0.0,0.0,0,0.812720848056537,0.9217566885411408,False,False,False,False,-0.07401548005966707,-0.0915067023618057,False,False,False,False,-20250.0,-16286.140514695651,False,False,False,False,1730.8672938320003,False,False,False,False
2024-08-30 17:00:00+00:00,3.45,3.505,3.41,3.505,2225.0,,,,,,,,,3.3148282370705924,3.2128528335826023,,,3.2638405353265973,"rgba(38, 166, 154, 1.0)",0.16120134575700187,3.3263165350609336,1.108448965484552,64.13417182777746,9.158971660571048,True,False,True,False,True,3.083842442744146,0.0,0.0,0.0,0.0,0,0.8144590495449948,0.9191102123356923,False,False,False,False,-0.09013135264736401,-0.09081902750458486,False,False,False,False,-18025.0,-16313.099576483315,False,False,False,False,1738.5282660206512,False,False,False,False
2024-09-02 17:00:00+00:00,3.505,3.505,3.505,3.505,0.0,,,,,,,,,3.3148282370705924,3.2128528335826023,,,3.2638405353265973,"rgba(38, 166, 154, 1.0)",0.16421462005995707,3.3263165350609336,1.0881093588002484,65.71044598525,10.77917217495579,True,False,True,False,True,3.083842442744146,0.0,0.0,0.0,0.0,0,0.8241869918699186,0.9115853658536585,False,False,False,False,-0.06659081138559036,-0.07870491944508762,False,False,False,False,-18025.0,-16339.640668320782,False,False,False,False,1711.5743394156798,False,False,False,False
2024-09-03 17:00:00+00:00,3.29,3.31,3.24,3.25,346.0,,,,,,,,,3.314279504741833,3.2130403382274944,,,3.2636599214846638,"rgba(38, 166, 154, 0.5)",0.16406953041563027,3.3251057055929825,-0.4577675416192173,56.7720861279759,12.37183210316195,False,False,True,False,False,0.0,0.0,0.0,0.0,0.0,0,0.8137896326119777,0.924509310518369,False,False,False,False,-0.17059592082805652,-0.12465042013657207,False,False,False,False,-18371.0,-16371.134611447591,False,False,False,False,1690.4026442309405,False,False,False,False
2024-09-04 17:00:00+00:00,3.23,3.235,3.21,3.215,589.0,,,,,,,,,3.3124857059792614,3.2130813753658156,,,3.2627835406725385,"rgba(239, 83, 80, 1.0)",0.16390829121164846,3.3228080377567393,-0.6577338886263603,49.996824553516,6.477929032671369,False,True,False,True,False,0.0,0.0,0.0,0.0,0.0,0,0.8257537046499744,0.9294839039345937,False,False,False,False,-0.19927660841725195,-0.16196351427691202,False,False,False,False,-18960.0,-16411.272059332125,False,False,False,False,1673.3266342428637,False,False,False,False
2024-09-05 17:00:00+00:00,3.17,3.24,3.17,3.205,446.0,,,,,,,,,3.3109591440308246,3.213045453488411,,,3.262002298759618,"rgba(239, 83, 80, 1.0)",0.16367081332702468,3.321217792714186,-0.7100703561726399,45.23898338700934,2.5006972461895245,False,True,False,True,False,0.0,0.0,0.0,0.0,0.0,0,0.8201732042791643,0.9291900152827302,False,False,False,False,-0.2015216180502277,-0.18174256616356987,False,False,False,False,-19406.0,-16457.701949885115,False,False,False,False,1654.2983143321217,False,False,False,False
2024-09-06 17:00:00+00:00,3.145,3.195,3.145,3.15,273.0,,,,,,,,,3.3096868291450936,3.2129105622370213,,,3.2612986956910577,"rgba(239, 83, 80, 1.0)",0.1637028730066313,3.310316488573021,-0.9793138362729097,40.765272556317086,-1.3165210525848252,False,True,False,True,False,0.0,0.0,0.0,0.0,0.0,0,0.8253073770491803,0.9323770491803278,False,False,False,False,-0.21704568490372328,-0.19939412553364658,False,False,False,False,-19679.0,-16507.64455531325,False,False,False,False,1632.8828365905383,False,False,False,False
2024-09-09 17:00:00+00:00,3.29,3.31,3.255,3.26,526.0,,,,,,,,,3.3091202409788205,3.2132334842851873,,,3.261176862632004,"rgba(239, 83, 80, 1.0)",0.16350050279558484,3.3141757224642325,-0.33134896552560145,42.269632158786905,-1.3165210525848252,False,True,False,True,False,0.0,0.0,0.0,0.0,0.0,0,0.8400820092260377,0.9164531009738595,False,False,False,False,-0.14938330590340132,-0.17438871571852393,False,False,False,False,-19153.0,-16548.657818021573,False,False,False,False,1615.7218623798321,False,False,False,False
2024-09-10 17:00:00+00:00,3.24,3.26,3.23,3.23,1092.0,,,,,,,,,3.3068531867603768,3.213519404338016,,,3.2601862955491967,"rgba(239, 83, 80, 1.0)",0.163255258044799,3.312457999081104,-0.5050863296450548,42.410551346334856,-1.3165210525848252,False,True,False,True,False,0.0,0.0,0.0,0.0,0.0,0,0.8416709644146465,0.9107787519339862,False,False,False,False,-0.17175740716821383,-0.17307306144336887,False,False,False,False,-20245.0,-16605.96544874992,False,False,False,False,1607.6021435832456,False,False,False,False
2024-09-11 17:00:00+00:00,3.2,3.2,3.19,3.2,2114.0,,,,,,,,,3.3002746083747545,3.2131779628529267,,,3.2567262856138406,"rgba(239, 83, 80, 1.0)",0.16304901711441444,3.30721831192661,-0.6575833073030601,41.64534767470064,-1.3165210525848252,False,True,False,True,False,0.0,0.0,0.0,0.0,0.0,0,0.8388106416275427,0.9254042775169532,False,False,False,False,-0.20186083825635048,-0.18746694984985968,False,False,False,False,-22359.0,-16695.15978287783,False,False,False,False,1615.4532731400946,False,False,False,False
2024-09-12 17:00:00+00:00,3.165,3.165,3.145,3.155,13474.0,,,,,,,,,3.260230623406025,3.20652445338494,,,3.233377538395483,"rgba(239, 83, 80, 1.0)",0.16329233719737746,3.2607560269665905,-0.6476484370406157,39.89888144810628,-2.7704769117135513,False,True,False,True,False,0.0,0.0,0.0,0.0,0.0,0,0.8452256033578172,0.9239244491080795,False,False,False,False,-0.22620369222594072,-0.2068353210379002,False,False,False,False,-35833.0,-16991.870483918483,False,False,False,False,1799.3067107658294,False,False,False,False
2024-09-13 17:00:00+00:00,3.295,3.295,3.19,3.195,1266.0,,,,,,,,,3.2593832921219854,3.2067385918946623,,,3.233060942008324,"rgba(239, 83, 80, 1.0)",0.16329233719737746,3.2611637574645007,-0.4051859297263062,40.52864200686342,-2.7704769117135513,False,True,False,True,False,0.0,0.0,0.0,0.0,0.0,0,0.8459135866736075,0.9187922956793334,False,False,False,False,-0.1732548436741666,-0.1900450823560334,False,False,False,False,-34567.0,-17264.353112074787,False,False,False,False,1791.0383896686849,False,False,False,False
2024-09-16 17:00:00+00:00,3.3,3.38,3.3,3.365,798.0,,,,,,,,,3.2607765738886925,3.207681139472807,,,3.2342288566807498,"rgba(239, 83, 80, 0.75)",0.16374934151574924,3.262898155196729,0.623525223724036,46.538407862826844,-2.7704769117135513,False,True,False,True,True,0.0,0.0,0.0,0.0,0.0,0,0.852272727272727,0.9039256198347106,False,False,False,False,-0.1153547900117551,-0.15269993618389424,False,False,False,False,-33769.0,-17520.239110337196,False,False,False,False,1775.6424456428138,False,False,False,False
2024-09-17 17:00:00+00:00,3.4,3.41,3.365,3.37,340.0,,,,,,,,,3.2615780134929606,3.208173196362226,,,3.234875604927593,"rgba(38, 166, 154, 0.5)",0.16437714818928292,3.2553503729117965,0.6974791103942423,50.675352044523976,-6.39531792261193,False,False,True,False,True,0.0,0.0,0.0,0.0,0.0,0,0.8481865284974092,0.9072538860103626,False,False,False,False,-0.08744691237683237,-0.1200734242803633,False,False,False,False,-33429.0,-17766.886565990884,False,False,False,False,1753.3844232297467,False,False,False,False
2024-09-18 17:00:00+00:00,3.365,3.39,3.31,3.31,210.0,,,,,,,,,3.261884224017399,3.208397257051123,,,3.235140740534261,"rgba(38, 166, 154, 0.5)",0.1643335708932206,3.254669390635788,0.3366969333378898,51.211766807520874,-5.731891056402247,False,False,True,False,True,0.0,0.0,0.0,0.0,0.0,0,0.8506224066390039,0.9092323651452279,False,False,False,False,-0.10946600753290454,-0.11476971590663393,False,False,False,False,-33639.0,-18012.96584403754,False,False,False,False,1729.455982559518,False,False,False,False
2024-09-19 17:00:00+00:00,3.275,3.275,3.23,3.23,381.0,,,,,,,,,3.261760221292673,3.20851269062144,,,3.2351364559570563,#000000,0.16383778507967708,3.25178651141435,-0.13297611050927546,49.042346935142376,-5.731891056402247,False,True,False,False,True,0.0,0.0,0.0,0.0,0.0,0,0.8444100978876866,0.9196290571870169,False,False,False,False,-0.16726964291160157,-0.14101967940911775,False,False,False,False,-34020.0,-18261.136916223,False,False,False,False,1708.5496882562695,False,False,False,False
2024-09-20 17:00:00+00:00,3.21,3.21,3.16,3.175,1047.0,,,,,,,,,3.2601757236792377,3.2082820304507442,,,3.234228877064991,"rgba(239, 83, 80, 1.0)",0.16371236586994087,3.2468399405236994,-0.4388180461625719,46.093472919775415,-5.731891056402247,False,True,False,True,False,0.0,0.0,0.0,0.0,0.0,0,0.8452810727178959,0.9241877256317689,False,False,False,False,-0.20792338454191692,-0.17447153197551735,False,False,False,False,-35067.0,-18521.692933025744,False,False,False,False,1698.2931039422187,False,False,False,False
2024-09-23 17:00:00+00:00,3.23,3.24,3.215,3.215,820.0,,,,,,,,,3.25961360027786,3.208382635843429,,,3.2339981180606445,"rgba(239, 83, 80, 1.0)",0.16346702563044055,3.2465368287318688,-0.1929247113308715,45.64688973371814,-5.731891056402247,False,True,False,True,False,0.0,0.0,0.0,0.0,0.0,0,0.8470648815653964,0.9186405767250256,False,False,False,False,-0.1822558834934614,-0.17836370773448937,False,False,False,False,-34247.0,-18765.49614336643,False,False,False,False,1684.6761565942775,False,False,False,False
2024-09-24 17:00:00+00:00,3.17,3.2,3.155,3.155,838.0,,,,,,,,,3.258237758479596,3.208122227079894,,,3.233179992779745,"rgba(239, 83, 80, 1.0)",0.163534634180565,3.2450157011268908,-0.550438147722892,43.64916926570261,-0.11618161092291501,False,True,False,True,False,0.0,0.0,0.0,0.0,0.0,0,0.842923794712286,0.9269051321928456,False,False,False,False,-0.2124801795844604,-0.19542194365947488,False,False,False,False,-35085.0,-19018.511707035163,False,False,False,False,1671.5493944765367,False,False,False,False
2024-09-25 17:00:00+00:00,3.15,3.16,3.13,3.14,1344.0,,,,,,,,3.1433333333333335,3.2554764033425116,3.2074248358161155,,,3.2020781908306533,"rgba(239, 83, 80, 1.0)",0.16395156942558298,3.220292073267691,-0.4897304341092955,41.906872798274115,-2.0811734063896807,False,True,False,True,False,0.0,0.0,0.0,0.0,0.0,0,0.8356589147286821,0.9235142118863047,False,False,False,False,-0.2323297329591114,-0.21387583830929313,False,False,False,False,-36429.0,-19288.44175808888,False,False,False,False,1666.471109290854,False,False,False,False
2024-09-26 17:00:00+00:00,3.28,3.28,3.22,3.22,1682.0,,,,,,,,3.197065432914739,3.255024533629588,3.20785782586019,,,3.2199825974681726,"rgba(239, 83, 80, 1.0)",0.16369948846137902,3.2248788742211403,-0.029803845247147107,43.96923168043995,-2.0811734063896807,False,True,False,True,False,0.0,0.0,0.0,0.0,0.0,0,0.8437017994858609,0.918766066838046,False,False,False,False,-0.16876481405870422,-0.1913203261839987,False,False,False,False,-34747.0,-19528.109327730912,False,False,False,False,1666.7118672863446,False,False,False,False
2024-09-27 17:00:00+00:00,3.305,3.35,3.305,3.33,207.0,,,,,,,,3.2054701515620168,3.2552870074086884,3.208054580312272,,,3.222937246427659,#000000,0.16310867984701516,3.2259199376214305,0.6381025367637676,48.72613273995984,-7.238205371848736,False,False,False,False,True,0.0,0.0,0.0,0.0,0.0,0,0.8403275332650971,0.9135107471852609,False,False,False,False,-0.12272703444420523,-0.15702368031410197,False,False,False,False,-34540.0,-19760.851818773845,False,False,False,False,1644.080675545471,False,False,False,False
2024-09-30 17:00:00+00:00,3.28,3.295,3.27,3.295,238.0,,,,,,,,3.2110376452511287,3.255415654660396,3.2082019156816592,,,3.2248850718643944,#000000,0.16260650009722405,3.226632591103481,0.4204469615645202,50.627900241919,-5.370698113221927,True,False,False,False,True,0.0,0.0,0.0,0.0,0.0,0,0.8301020408163264,0.9173469387755102,False,False,False,False,-0.14938330590340132,-0.15320349310875164,False,False,False,False,-34778.0,-19993.67582158355,False,False,False,False,1622.2809751494171,False,False,False,False
2024-10-01 17:00:00+00:00,3.26,3.265,3.25,3.265,212.0,,,,,,,,3.2138560050683322,3.2554323350210237,3.2082882465008913,,,3.2258588621967497,#000000,0.16121992700922402,3.2270059687252513,0.23566585086330605,50.81950203531477,-4.980239120692808,True,False,False,False,True,0.0,0.0,0.0,0.0,0.0,0,0.8255754475703325,0.9212276214833759,False,False,False,False,-0.1517209395926561,-0.15246221635070387,False,False,False,False,-34990.0,-20226.176971636516,False,False,False,False,1600.416153829271,False,False,False,False
2024-10-02 17:00:00+00:00,3.255,3.255,3.23,3.23,715.0,,,,,,,,3.217835379718054,3.2552250480388825,3.2084561893146972,,,3.2271722056905445,#000000,0.1597890501271448,3.2275731452176486,0.015187866630537736,49.714435778290195,-4.980239120692808,False,False,False,False,True,0.0,0.0,0.0,0.0,0.0,0,0.8275154004106773,0.9137577002053386,False,False,False,False,-0.15401421327875997,-0.15323821481473193,False,False,False,False,-35705.0,-20466.158724014243,False,False,False,False,1586.6887715993598,False,False,False,False
2024-10-03 17:00:00+00:00,3.24,3.25,3.235,3.245,721.0,,,,,,,,3.2214267109461483,3.255081433588493,3.2086516759306063,,,3.2283866068217493,#000000,0.15767434223167973,3.228157690414824,0.10681705943271885,49.566612424526255,-4.980239120692808,False,False,False,False,True,0.0,0.0,0.0,0.0,0.0,0,0.8360062079668904,0.9079151577858249,False,False,False,False,-0.15401421327875997,-0.15362621404674595,False,False,False,False,-34984.0,-20691.241534494642,False,False,False,False,1573.267240256734,False,False,False,False
2024-10-04 17:00:00+00:00,3.25,3.26,3.24,3.24,242.0,,,,,,,,3.2225660635453584,3.2550474617553333,3.208723058937335,,,3.228778861412676,#000000,0.15528169694268565,3.228357894415745,0.07497410070520005,49.26337926569342,-4.980239120692808,False,False,False,False,True,0.0,0.0,0.0,0.0,0.0,0,0.8352450469238787,0.9124087591240873,False,False,False,False,-0.1281768437688248,-0.14090152890778537,False,False,False,False,-35226.0,-20916.5866269831,False,False,False,False,1552.627438082211,False,False,False,False
2024-10-07 17:00:00+00:00,3.2,3.2,3.165,3.17,1116.0,,,,,,,,3.214944676033143,3.2536453266512706,3.2084621607830184,,,3.2256840544891436,"rgba(239, 83, 80, 1.0)",0.15323831760358322,3.227100330052364,-0.3726243601817582,46.399993316320334,-4.980239120692808,False,True,False,True,False,0.0,0.0,0.0,0.0,0.0,0,0.8412197686645635,0.9137749737118822,False,False,False,False,-0.17551288628067369,-0.15820720759422952,False,False,False,False,-36342.0,-21155.740322688784,False,False,False,False,1545.8580204375255,False,False,False,False
2024-10-08 17:00:00+00:00,3.17,3.17,3.13,3.13,234.0,,,,,,,,3.2124477226444146,3.2532241854697914,3.2083451332417003,,,3.2246723471186356,"rgba(239, 83, 80, 1.0)",0.15184356577893954,3.20943723654481,-0.5231518117827799,43.19744030350765,-2.169077828572938,False,True,False,True,False,0.0,0.0,0.0,0.0,0.0,0,0.8397673188789,0.916446324695928,False,False,False,False,-0.18208051601551692,-0.17014386180487323,False,False,False,False,-36576.0,-21394.814116135465,False,False,False,False,1525.5191363997344,False,False,False,False
2024-10-09 17:00:00+00:00,3.19,3.19,3.15,3.15,277.0,,,,,,,,3.2105008586147683,3.252819771533755,3.208249593882182,,,3.223856741343569,"rgba(239, 83, 80, 1.0)",0.1512377759187814,3.209762975307653,-0.39515904637309146,42.135623510256124,-3.291787089053301,False,True,False,True,False,0.0,0.0,0.0,0.0,0.0,0,0.8533190578158456,0.9041755888650962,False,False,False,False,-0.16105568053595265,-0.16559977117041294,False,False,False,False,-36299.0,-21625.886765497708,False,False,False,False,1506.1622505640796,False,False,False,False
2024-10-10 17:00:00+00:00,3.16,3.16,3.15,3.15,552.0,,,,,,,,3.2063156498673737,3.25193576081474,3.208018289891346,,,3.2220899001911536,"rgba(239, 83, 80, 1.0)",0.1499715288294886,3.2089423931032295,-0.3930238863554203,41.42774564808844,-4.150751920058305,False,True,False,True,False,0.0,0.0,0.0,0.0,0.0,0,0.8515118790496758,0.9022678185745139,False,False,False,False,-0.16989412118349134,-0.16774694617695213,False,False,False,False,-36299.0,-21853.376893164408,False,False,False,False,1491.3690373770396,False,False,False,False
2024-10-11 17:00:00+00:00,3.17,3.17,3.155,3.165,677.0,,,,,,,,3.2027743296417994,3.250980588862879,3.2077886457202593,,,3.220514521408313,"rgba(239, 83, 80, 1.0)",0.14499844671424666,3.2084446807271196,-0.29962169741540406,41.878063865700554,-4.150751920058305,False,True,False,True,False,0.0,0.0,0.0,0.0,0.0,0,0.8547334058759519,0.8998911860718171,False,False,False,False,-0.14827135224281637,-0.15800914920988424,False,False,False,False,-35622.0,-22066.84391807659,False,False,False,False,1478.7431608285583,False,False,False,False
2024-10-14 17:00:00+00:00,3.16,3.165,3.15,3.165,65.0,,,,,,,,3.202438621910972,3.2508865169254255,3.2077650773658704,,,3.220363405400756,"rgba(239, 83, 80, 1.0)",0.14348484554438345,3.208378515803897,-0.3023212356630304,42.17827601077529,-4.150751920058305,False,True,False,True,False,0.0,0.0,0.0,0.0,0.0,0,0.8666297731045929,0.8887659103486439,False,False,False,False,-0.153128214352677,-0.15556868178128064,False,False,False,False,-35622.0,-22277.00137671106,False,False,False,False,1456.8246622110612,False,False,False,False
2024-10-15 17:00:00+00:00,3.2,3.205,3.15,3.155,1033.0,,,,,,,,3.198841295401682,3.249578853467298,3.2074713859465556,,,3.2186305116051783,"rgba(239, 83, 80, 1.0)",0.14184111146242326,3.2078193373972224,-0.3723838374688394,41.84429663759338,-4.551371259228048,False,True,False,True,False,0.0,0.0,0.0,0.0,0.0,0,0.8523230088495574,0.8893805309734512,False,False,False,False,-0.12470259136496896,-0.1401356365731248,False,False,False,False,-36655.0,-22499.916084048877,False,False,False,False,1450.253737215541,False,False,False,False
2024-10-16 17:00:00+00:00,3.23,3.24,3.2,3.215,1133.0,,,,,,,,3.2009550472179686,3.2490344712696695,3.2075632508236063,,,3.2191842564370816,"rgba(239, 83, 80, 0.75)",0.1396698165590989,3.2091269970254017,0.04204919229712799,45.57871536558575,-8.059881710906225,False,True,False,True,True,0.0,0.0,0.0,0.0,0.0,0,0.8591236827509703,0.8801996672212975,False,False,False,False,-0.0628762936911731,-0.10150596513214896,False,False,False,False,-35522.0,-22701.80885793959,False,False,False,False,1445.335074623052,False,False,False,False
2024-10-17 17:00:00+00:00,3.18,3.2,3.16,3.185,388.0,,,,,,,,3.200264396456257,3.248634906804446,3.2074884631416003,,,3.218795922134101,"rgba(239, 83, 80, 0.75)",0.1376427350880431,3.208953755096868,-0.1740284736535191,46.26567374710993,-7.318004867395366,False,True,False,True,True,0.0,0.0,0.0,0.0,0.0,0,0.8549280177187151,0.8743078626799554,False,False,False,False,-0.10594116841368957,-0.10372356677291927,False,False,False,False,-35910.0,-22906.587015180838,False,False,False,False,1428.942282768431,False,False,False,False
2024-10-18 17:00:00+00:00,3.16,3.16,3.14,3.14,151.0,,,,,,,,3.1995277752495377,3.2484000823559906,3.2074201814581604,,,3.218449346354563,"rgba(239, 83, 80, 1.0)",0.13481802884219746,3.2087082721812914,-0.5096371217659124,44.392771119031366,-7.318004867395366,False,True,False,True,False,0.0,0.0,0.0,0.0,0.0,0,0.8508869179600885,0.8769401330376938,False,False,False,False,-0.13444055405988595,-0.11908206041640261,False,False,False,False,-36061.0,-23110.531402542372,False,False,False,False,1409.1292241208582,False,False,False,False
2024-10-21 17:00:00+00:00,3.13,3.13,3.075,3.085,225.0,,,,,,,,3.197463580687359,3.2478811897741426,3.207235219602955,,,3.217526663354819,"rgba(239, 83, 80, 1.0)",0.1326817298705294,3.2079840997198277,-0.9269105839955161,40.868859499226716,-5.324345384777864,False,True,False,True,False,0.0,0.0,0.0,0.0,0.0,0,0.8479467258601552,0.8740288568257489,False,False,False,False,-0.18762568949862915,-0.15335387495751587,False,False,False,False,-36286.0,-23314.802233510705,False,False,False,False,1390.7706314988293,False,False,False,False
2024-10-22 17:00:00+00:00,3.11,3.11,3.07,3.075,1441.0,,,,,,,,3.1846555494085727,3.2443902729233276,3.20594167297011,,,3.2116624984340034,"rgba(239, 83, 80, 1.0)",0.13055581113000872,3.203505798733856,-0.9842978081296492,38.145197233371796,-7.79074766136938,False,True,False,True,False,0.0,0.0,0.0,0.0,0.0,0,0.8482834994462901,0.8759689922480619,False,False,False,False,-0.20178578592149293,-0.17756983043950442,False,False,False,False,-37727.0,-23538.247160122944,False,False,False,False,1391.5493813980722,False,False,False,False
2024-10-23 17:00:00+00:00,3.075,3.075,3.04,3.065,846.0,,,,,,,3.0599999999999996,3.1768432229547874,3.242098970344148,3.2050405551703607,,,3.1709956871173244,"rgba(239, 83, 80, 1.0)",0.12972208686193154,3.1866848440581954,-0.9380426032438837,35.93688837169029,-9.776141447964505,False,True,False,True,False,0.0,0.0,0.0,0.0,0.0,0,0.8492239467849222,0.8780487804878047,False,False,False,False,-0.23899416363424325,-0.20828199703687383,False,False,False,False,-38573.0,-23771.344103376854,False,False,False,False,1383.091251453916,False,False,False,False
2024-10-24 17:00:00+00:00,3.07,3.085,3.07,3.08,905.0,,,,,,,3.069475537787931,3.170653869295567,3.239950593840295,3.2042091308971403,,,3.171072282955233,"rgba(239, 83, 80, 1.0)",0.13061386596367427,3.185082438720083,-0.8045274362318307,35.77247984623281,-9.952922280034763,False,True,False,True,False,0.0,0.0,0.0,0.0,0.0,0,0.8542014468558707,0.8753478018920422,False,False,False,False,-0.21602617925924053,-0.2121540881480572,False,False,False,False,-37668.0,-23986.796132781863,False,False,False,False,1375.678983989514,False,False,False,False
2024-10-25 17:00:00+00:00,3.05,3.08,3.04,3.065,6239.0,,,,,,3.061666666666667,3.063377972465582,3.137714318009334,3.225164107676968,3.198040092305489,,,3.1371926314248073,"rgba(239, 83, 80, 1.0)",0.13188235270478627,3.1607593940726044,-0.7260971017627985,34.947484751474256,-10.874320056498938,False,True,False,True,False,0.0,0.0,0.0,0.0,0.0,0,0.8594624860022394,0.871780515117581,False,False,False,False,-0.23611007012834762,-0.2241320791382024,False,False,False,False,-43907.0,-24295.63650281625,False,False,False,False,1451.079309819134,False,False,False,False
2024-10-28 17:00:00+00:00,3.17,3.175,3.165,3.165,2233.0,,,,,,3.0897812401636764,3.086303270403339,3.1407031386606055,3.223525760196923,3.1975869583037344,,,3.1475800735456554,"rgba(239, 83, 80, 0.75)",0.13248552530148,3.164509659528993,0.0037010871179416842,41.34136694263822,-13.247390944532313,False,True,False,True,True,0.0,0.0,0.0,0.0,0.0,0,0.868186874304783,0.8654060066740823,False,False,False,False,-0.1122877783419167,-0.16820992874005955,False,False,False,False,-41674.0,-24565.06849502065,False,False,False,False,1463.2021112172872,False,False,False,False
2024-10-29 17:00:00+00:00,3.145,3.145,3.095,3.095,714.0,,,,,,3.0914823281805646,3.087959068605041,3.13982428995337,3.2225040722168203,3.1971699318858526,,,3.14778793816833,"rgba(239, 83, 80, 0.75)",0.131272771512356,3.1642046875290193,-0.5271823450646445,42.04236474858001,-12.695702728589865,False,True,False,True,True,0.0,0.0,0.0,0.0,0.0,0,0.8615897720956086,0.8738187882156753,False,False,False,False,-0.1679244739968073,-0.16806720136843342,False,False,False,False,-42388.0,-24841.393014477693,False,False,False,False,1451.5865746092672,False,False,False,False
2024-10-30 17:00:00+00:00,3.145,3.15,3.135,3.145,1408.0,,,,,,3.098373607702473,3.0942747401107056,3.1400219350881406,3.2211033132277787,3.1966595292924143,,,3.1500866250843025,"rgba(239, 83, 80, 0.5)",0.1293149657246022,3.1647473900948055,-0.1527076930667166,45.090602655642996,-9.858324050745964,False,False,False,True,True,0.0,0.0,0.0,0.0,0.0,0,0.8635607321131448,0.8657792567942317,False,False,False,False,-0.14278062218417395,-0.15542391177630369,False,False,False,False,-40980.0,-25091.60397549354,False,False,False,False,1450.910813762612,False,False,False,False
2024-10-31 17:00:00+00:00,3.12,3.13,3.065,3.075,2126.0,,,,,,3.096974056603773,3.093646718724806,3.1361011773091483,3.2176919891644022,3.195154230837318,,,3.1479136345278897,"rgba(239, 83, 80, 0.5)",0.1305198545525818,3.1625323871391897,-0.6706442283378875,44.09628177559626,-9.858324050745964,False,False,False,True,True,0.0,0.0,0.0,0.0,0.0,0,0.8554881412024268,0.8670711527854383,False,False,False,False,-0.19328050059433693,-0.17435220618532032,False,False,False,False,-43106.0,-25370.896937113797,False,False,False,False,1461.3773127740442,False,False,False,False
2024-11-01 17:00:00+00:00,3.09,3.115,3.06,3.07,617.0,,,,,,3.0962659018769836,3.093156813361612,3.1348904749888855,3.2166724973579672,3.1946912980335913,,,3.147135397123808,"rgba(239, 83, 80, 0.75)",0.13174600187103852,3.1618123614267977,-0.6968891664482516,43.23615153848755,-9.858324050745964,False,True,False,True,True,0.0,0.0,0.0,0.0,0.0,0,0.8523415977961432,0.8732782369146005,False,False,False,False,-0.20462723547493397,-0.18948972083012716,False,False,False,False,-43723.0,-25655.42566677095,False,False,False,False,1448.2861916457646,False,False,False,False
2024-11-04 17:00:00+00:00,3.11,3.11,3.05,3.085,1257.0,,,,,,3.0950084509615823,3.092273172223922,3.132583339080856,3.214642079444843,3.193759764130945,,,3.1456533611684296,"rgba(239, 83, 80, 0.5)",0.1322559966453065,3.1604143340150075,-0.5702148554916495,43.545490293584834,-9.858324050745964,False,False,False,True,True,0.0,0.0,0.0,0.0,0.0,0,0.8557268722466959,0.8705947136563875,False,False,False,False,-0.213171367314632,-0.20133054407237957,False,False,False,False,-42466.0,-25916.054726200855,False,False,False,False,1445.3205142559077,False,False,False,False
2024-11-05 17:00:00+00:00,3.1,3.16,3.08,3.12,432.0,,,,,,3.095726962154487,3.092987125230971,3.1323986295163664,3.21415541827358,3.1935514277370247,,,3.1457639125824857,"rgba(239, 83, 80, 0.5)",0.13025933937914075,3.1603111230421974,-0.3094681980910812,45.72899880633821,-8.832750258519624,True,False,False,True,True,0.0,0.0,0.0,0.0,0.0,0,0.8630136986301369,0.8630136986301369,False,False,False,False,-0.1679244739968073,-0.18462750903459343,False,False,False,False,-42034.0,-26165.94535060084,False,False,False,False,1429.6101186860487,False,False,False,False
2024-11-06 17:00:00+00:00,3.395,3.395,3.33,3.34,1624.0,,,,,,3.121015815815815,3.1161113526438777,3.14403979090187,3.2168263931057033,3.195247697914647,,,3.158648210076383,"rgba(38, 166, 154, 1.0)",0.12797796826155286,3.167665032870454,1.346598711251137,54.32059370778673,-0.8468177893918849,True,False,True,False,True,2.3861670569864373,0.0,0.0,0.0,0.0,0,0.878453038674033,0.8475138121546961,False,False,False,False,0.09849906414222452,-0.04306422244618446,False,False,False,False,-40410.0,-26386.783407180672,False,False,False,False,1432.6239152955673,False,False,False,False
2024-11-07 17:00:00+00:00,3.345,3.35,3.3,3.32,1896.0,,,,,,3.141699198389589,3.135468542149086,3.1543566514921597,3.2191334026413196,3.1967997946305715,,,3.169491517860545,"rgba(38, 166, 154, 1.0)",0.12340926564420321,3.174037682462691,1.182750069659498,59.04658100323815,3.2256432797162446,True,False,True,False,True,1.7476320829961978,0.0,0.0,0.0,0.0,0,0.8758963044677327,0.8450082735797018,False,False,False,False,0.05273784990329827,0.004836813728556908,False,False,False,False,-42306.0,-26633.592966759268,False,False,False,False,1439.808040639822,False,False,False,False
2024-11-08 17:00:00+00:00,3.435,3.5,3.315,3.335,1334.0,,,,,,3.1579134808853113,3.150754549797359,3.1632661980321237,3.221598267803959,3.198376700464725,,,3.178381839396695,"rgba(38, 166, 154, 1.0)",0.11972630198658128,3.19245129521768,1.190621462594717,62.5568537552674,6.199469480623733,True,False,True,False,True,2.207300185399685,0.0,0.0,0.0,0.0,0,0.8775510204081631,0.8455598455598454,False,False,False,False,0.14521377389777115,0.07502529381316403,False,False,False,False,-40972.0,-26855.89385099556,False,False,False,False,1438.16760590122,False,False,False,False
2024-11-11 17:00:00+00:00,3.285,3.33,3.285,3.33,1483.0,,,,,,3.1688182839488834,3.161292578812264,3.1695575064538075,3.223131375739263,3.199462518494338,,,3.184452452689711,"rgba(38, 166, 154, 1.0)",0.11514679232952367,3.1939407537499926,1.1816156012460783,64.60295645488154,7.951931488544275,True,False,True,False,True,2.042860072495518,0.0,0.0,0.0,0.0,0,0.8613259668508286,0.8629834254143643,False,False,False,False,0.03328954150611597,0.054157417659639995,False,False,False,False,-42455.0,-27097.740457956865,False,False,False,False,1438.8626817787203,False,False,False,False
2024-11-12 17:00:00+00:00,3.375,3.4,3.345,3.37,5672.0,,,,,,3.211376302324148,3.202744737024943,3.1972213776072462,3.2319054165234684,3.205383781435343,,,3.2097263229830295,"rgba(38, 166, 154, 1.0)",0.11030902538358206,3.2114850657945855,1.4370078391519117,67.03587852403967,10.219672306756195,True,False,True,False,True,3.2896552727099078,0.0,0.0,0.0,0.0,0,0.8617841409691631,0.8606828193832599,False,False,False,False,0.10577075606983542,0.07996408686473772,False,False,False,False,-36783.0,-27247.8995206242,False,False,False,False,1504.4927177201355,False,False,False,False
2024-11-13 17:00:00+00:00,3.44,3.44,3.355,3.355,2736.0,,,,,,3.2271794139710908,3.2184191992893854,3.2087483116393134,3.236100630841358,3.2082871571322675,,,3.219746942574683,"rgba(38, 166, 154, 1.0)",0.10805291496497033,3.218724698011992,1.2611904272289827,67.6650375481153,10.952847676510011,True,False,True,False,True,2.781020380271986,0.0,0.0,0.0,0.0,0,0.8645833333333333,0.856907894736842,False,False,False,False,0.13390377543895132,0.10693393115184452,False,False,False,False,-39519.0,-27438.14914045948,False,False,False,False,1523.585853879513,False,False,False,False
2024-11-14 17:00:00+00:00,3.34,3.355,3.33,3.345,1433.0,,,,,,3.232513620048712,3.223850907803571,3.2129769631058878,3.237634361380044,3.209431413243146,,,3.2232814531162726,"rgba(38, 166, 154, 1.0)",0.10855264011377315,3.221090872653681,1.1414658106560185,67.3922341189528,10.987821960529523,True,False,True,False,True,2.4387708309617118,0.0,0.0,0.0,0.0,0,0.859023587493143,0.8678003291278111,False,False,False,False,0.07222610304584143,0.08958001709884297,False,False,False,False,-40952.0,-27647.666208049257,False,False,False,False,1522.1814220364197,False,False,False,False
2024-11-15 17:00:00+00:00,3.335,3.345,3.33,3.345,1668.0,,,,,,3.2379677232903386,3.229446514359434,3.2174586118396933,3.2393106743374758,3.2107065807141657,,,3.2269780209082213,"rgba(38, 166, 154, 1.0)",0.1092959450464576,3.2236155858671403,1.1106030885341995,67.21036516617781,11.24092033525045,True,False,True,False,True,2.4387708309617118,0.0,0.0,0.0,0.0,0,0.8577728776185225,0.872657111356119,False,False,False,False,0.06665308519384287,0.07811655114634292,False,False,False,False,-40952.0,-27853.934949009734,False,False,False,False,1524.442175183142,False,False,False,False
2024-11-18 17:00:00+00:00,3.345,3.345,3.295,3.295,812.0,,,,,,3.2397443395479555,3.23133060533371,3.2190493816891257,3.239882925879029,3.211184306115633,,,3.228238311713091,"rgba(38, 166, 154, 0.75)",0.10928308557497571,3.224405028109727,0.6459826012310017,63.5208779906347,11.24092033525045,True,False,True,False,False,0.7045317091914143,0.0,0.0,0.0,0.0,0,0.852035203520352,0.8718371837183717,False,False,False,False,0.047177764458986166,0.06264715780266454,False,False,False,False,-41764.0,-28069.5948722809,False,False,False,False,1513.3965600640236,False,False,False,False
2024-11-19 17:00:00+00:00,3.3,3.315,3.255,3.255,1577.0,,,,,,3.241321100743976,3.2331912622933108,3.2208259673143393,3.240414160599345,3.2117654169144836,,,3.2295035815730904,"rgba(38, 166, 154, 0.75)",0.10888253030399356,3.2249623032621457,0.2758725082342475,58.70383235274235,14.679070889773584,True,False,True,False,False,0.0,0.0,0.0,0.0,0.0,0,0.8504109589041096,0.8723287671232877,False,False,False,False,0.008319462805002691,0.035483310303833615,False,False,False,False,-43341.0,-28306.36084325329,False,False,False,False,1514.382659907992,False,False,False,False
2024-11-20 17:00:00+00:00,3.26,3.275,3.23,3.24,651.0,,,,,,3.2414482160095046,3.233452990999124,3.2211818639531495,3.24046330721272,3.211902363584767,,,3.229689748351853,"rgba(38, 166, 154, 0.75)",0.10854691350944577,3.228567517768171,0.10532296001981103,54.66708864502705,10.905553209034345,True,False,True,False,False,0.0,0.0,0.0,0.0,0.0,0,0.8466593647316537,0.8800657174151147,False,False,False,False,-0.027738255087333977,0.003872527608249819,False,False,False,False,-43992.0,-28549.54904723386,False,False,False,False,1500.996882235,False,False,False,False
2024-11-21 17:00:00+00:00,3.315,3.365,3.315,3.335,1490.0,,,,,,3.2453078712368324,3.2374442997130917,3.2245512746271348,3.2418340101013885,3.2129768559184466,,,3.232422862319379,"rgba(38, 166, 154, 0.75)",0.10910982978150786,3.2344526412218952,0.9215242932689982,56.68381902849833,10.905553209034345,True,False,True,False,False,2.0546086143690623,0.0,0.0,0.0,0.0,0,0.8492706645056727,0.8687196110210698,False,False,False,False,0.06943905581467057,0.03665579171146019,False,False,False,False,-42502.0,-28765.866116268993,False,False,False,False,1500.8263879367828,False,False,False,False
2024-11-22 17:00:00+00:00,3.52,3.53,3.51,3.525,3497.0,,,,,,3.2689374638336717,3.260748534583822,3.243338908678854,3.2507394548846507,3.219013620849391,,,3.248555596566078,"rgba(38, 166, 154, 1.0)",0.11383764319856444,3.255844020462887,2.3643846795706236,62.91313273879677,6.1083168054374894,True,False,True,False,True,7.8427808048670045,0.0,0.0,0.0,0.0,0,0.8550026752273944,0.873729266987694,False,False,False,False,0.27577633661093054,0.15621606416119538,False,False,False,False,-39005.0,-28924.612378032263,False,False,False,False,1531.774816030786,False,False,False,False
2024-11-25 17:00:00+00:00,3.635,3.655,3.56,3.575,1003.0,,,,,,3.2767822538303664,3.2684668102230474,3.2496328692028085,3.2538684227929666,3.2211200705883254,,,3.253974085327502,"rgba(38, 166, 154, 1.0)",0.11955405125367277,3.2617980847666477,2.6197515847354502,67.8825038360433,10.567661986261442,True,False,True,False,True,9.243883812582329,0.0,0.0,0.0,0.0,0,0.8565378507146638,0.8581259925886713,False,False,False,False,0.3428281363823314,0.2495221002717634,False,False,False,False,-38002.0,-29065.347069845717,False,False,False,False,1523.576756867518,False,False,False,False
2024-11-26 17:00:00+00:00,3.585,3.655,3.58,3.605,1378.0,,,,,,3.2874977664818243,3.2790201194732522,3.258321227145598,3.25828064596583,3.22410279617366,,,3.2614445110480323,"rgba(38, 166, 154, 1.0)",0.12636522928070762,3.269590978008404,2.654282541968239,71.66051335175902,13.934047637886422,True,False,True,False,True,10.07321205099544,0.0,0.0,0.0,0.0,0,0.8577472236911686,0.8646218931782125,False,False,False,False,0.34282813823383007,0.2961751192527967,False,False,False,False,-36624.0,-29182.535487367488,False,False,False,False,1521.3197528850758,False,False,False,False
2024-11-27 17:00:00+00:00,3.64,3.665,3.64,3.655,266.0,,,,,,3.2897324668167,3.2812182190137684,3.2601343974690824,3.259214460479388,3.224731979177002,,,3.263006304591188,"rgba(38, 166, 154, 1.0)",0.1343386536848888,3.271218879738939,2.856818270348876,74.9101549826305,16.90434446120757,True,False,True,False,True,11.436601971852294,0.0,0.0,0.0,0.0,0,0.8609201480698042,0.8603913273400318,False,False,False,False,0.34282814428045305,0.3195016317666249,False,False,False,False,-36358.0,-29293.782999191244,False,False,False,False,1501.8574311349196,False,False,False,False
2024-11-28 17:00:00+00:00,3.655,3.655,3.655,3.655,0.0,,,,,,3.2897324668167,3.2812182190137684,3.2601343974690824,3.259214460479388,3.224731979177002,,,3.263006304591188,"rgba(38, 166, 154, 1.0)",0.14169898942334838,3.271218879738939,2.7084252458177605,77.07658273654482,18.995581183755178,True,False,True,False,True,11.436601971852294,0.0,0.0,0.0,0.0,0,0.8656399362719065,0.8571428571428569,False,False,False,False,0.34282814468836026,0.33116488822749257,False,False,False,False,-36358.0,-29403.30574338983,False,False,False,False,1478.5728197994945,False,False,False,False
2024-11-29 17:00:00+00:00,3.71,3.71,3.695,3.7,1160.0,,,,,,3.300421047137595,3.2917165335686764,3.268799216150679,3.2637288023783544,3.2277613629311666,,,3.2704853924332946,"rgba(38, 166, 154, 1.0)",0.15028876109578618,3.2790525823053223,2.8009241318210623,79.18572930295325,21.16893089555964,True,False,True,False,True,12.663279666894262,0.0,0.0,0.0,0.0,0,0.8658536585365854,0.8600212089077413,False,False,False,False,0.3428281519022469,0.33699652006486974,False,False,False,False,-35198.0,-29493.145964422543,False,False,False,False,1473.633706314231,False,False,False,False
2024-12-02 17:00:00+00:00,3.705,3.815,3.705,3.81,2135.0,,,,,,3.3221281925378756,3.313023920261222,3.286503469670993,3.2731836129169642,3.234104221128921,,,3.2857886833031955,"rgba(38, 166, 154, 1.0)",0.16249277184199754,3.3302645027960556,2.9523497677202712,81.85216869693411,23.93048829949163,True,False,True,False,True,15.52616152916693,0.0,0.0,0.0,0.0,0,0.8711882229232386,0.8485804416403785,False,False,False,False,0.3428281594593046,0.3399123397620872,False,False,False,False,-33063.0,-29548.492538617542,False,True,False,False,1483.8874473016072,False,True,False,False
2024-12-03 17:00:00+00:00,3.7,3.7,3.625,3.685,3357.0,,,,,,3.3453921802993474,3.336092096735901,3.306431612024395,3.2843605545487082,3.2418828607576122,,,3.302831860873193,"rgba(38, 166, 154, 0.75)",0.16917800743061362,3.341457977784157,2.0306541460877705,77.07461548296834,23.93048829949163,True,False,True,False,False,10.949046840594736,0.0,0.0,0.0,0.0,0,0.8566252587991718,0.8504140786749482,False,False,False,False,0.25274783663160816,0.2963300881968477,False,False,False,False,-36420.0,-29655.02753801882,False,False,False,False,1512.9279519946053,False,False,False,False
2024-12-04 17:00:00+00:00,3.745,3.745,3.68,3.695,1825.0,,,,,,3.358065919561219,3.348668780451519,3.317427577139817,3.2907295738333504,3.24634857123804,,,3.3122480844447892,"rgba(38, 166, 154, 0.75)",0.1757572291645443,3.3498479573518063,1.963799977325891,74.10499681247288,23.93048829949163,True,False,True,False,False,11.212327137065689,0.0,0.0,0.0,0.0,0,0.8628158844765343,0.8463125322331096,False,False,False,False,0.298356223875209,0.29734315603602834,False,False,False,False,-34595.0,-29731.616258359612,False,False,False,False,1517.7662783202702,False,False,False,False
2024-12-05 17:00:00+00:00,3.68,3.68,3.62,3.645,1244.0,,,,,,3.3648448382675946,3.3554444303076565,3.323510637249831,3.2943684135903952,3.2489641729476046,,,3.3174264984726163,"rgba(38, 166, 154, 0.75)",0.1805291271949219,3.3536881191954095,1.6136558423065637,69.83821526943021,28.029882199052125,True,False,True,False,False,9.44143425926417,0.0,0.0,0.0,0.0,0,0.8562628336755647,0.8521560574948666,False,False,False,False,0.2415115942221029,0.2694273751290656,False,False,False,False,-35839.0,-29826.304378385044,False,False,False,False,1513.5218398967,False,False,False,False
2024-12-06 17:00:00+00:00,3.695,3.71,3.66,3.66,1529.0,,,,,,3.3735457575978773,3.3641301041611396,3.331313752408477,3.2990906997786427,3.252357545126855,,,3.324087571814599,"rgba(38, 166, 154, 0.75)",0.18489108067104326,3.359232314519236,1.6267290146672224,67.41746508071577,25.60665827485262,True,False,True,False,False,9.851095821915273,0.0,0.0,0.0,0.0,0,0.858094262295082,0.8504098360655739,False,False,False,False,0.2731337560598801,0.2712805655944729,False,False,False,False,-34310.0,-29895.819039185277,False,False,False,False,1513.7618113711696,False,False,False,False
2024-12-09 17:00:00+00:00,3.75,3.755,3.685,3.7,1759.0,,,,,,3.384113989331918,3.3746650144639196,3.340783621527924,3.304894801963767,3.256527008612934,,,3.3321968871800927,"rgba(38, 166, 154, 0.75)",0.1902244998951367,3.3665429244166996,1.752965973190217,66.92286108398541,24.832363759319378,True,False,True,False,False,10.94033460431853,0.0,0.0,0.0,0.0,0,0.8553104155977425,0.8496664956387892,False,False,False,False,0.3052983007616672,0.28828943317807004,False,False,False,False,-32551.0,-29936.98463547698,False,False,False,False,1517.5639538305313,False,False,False,False
2024-12-10 17:00:00+00:00,3.745,3.77,3.72,3.74,1828.0,,,,,,3.3953613209324622,3.3858720801321485,3.3508934058737587,3.3111872721515176,3.2610602147360646,,,3.340874858765191,"rgba(38, 166, 154, 0.75)",0.1966247168574535,3.374641780020875,1.8581500119539802,67.63420695160808,24.832363759319378,True,False,True,False,False,12.014887538295056,0.0,0.0,0.0,0.0,0,0.8583162217659135,0.8413757700205338,False,False,False,False,0.32865043211419676,0.3084699326461334,False,False,False,False,-30723.0,-29949.170920198263,False,False,False,False,1522.376915786647,False,False,False,False
2024-12-11 17:00:00+00:00,3.775,3.8,3.76,3.77,1728.0,,,,,,3.4063226364558887,3.3967882006185803,3.3607670715068543,3.3174178460124297,3.2655593484521797,,,3.349371020609186,"rgba(38, 166, 154, 0.75)",0.20347986154420422,3.382774622469576,1.9030157313445137,68.84902725453638,24.832363759319378,True,False,True,False,False,12.813206600700571,0.0,0.0,0.0,0.0,0,0.8655332302936631,0.8346213292117465,False,False,False,False,0.3428281618332065,0.32564904723967,False,False,False,False,-28995.0,-29934.37757259829,False,False,False,False,1525.5648705806525,False,False,False,False
2024-12-12 17:00:00+00:00,3.715,3.77,3.665,3.665,1889.0,,,,,,3.415270322580644,3.4057726414749037,3.369154210948815,3.3229352119055977,3.2696642823796203,,,3.3565593338579163,"rgba(38, 166, 154, 0.75)",0.20662107895920184,3.3888635601619956,1.3364388630093673,64.42215181688864,21.331569897834115,True,False,True,False,False,9.010321484635757,0.0,0.0,0.0,0.0,0,0.8545826932923709,0.8402457757296466,False,False,False,False,0.2859873718409061,0.30581820954028804,False,False,False,False,-30884.0,-29949.100400930096,False,False,False,False,1531.1995237499445,False,False,False,False
2024-12-13 17:00:00+00:00,3.66,3.66,3.62,3.63,986.0,,,,,,3.418736121254457,3.409289355391815,3.3725624973080057,3.325279188009578,3.2714654448680824,,,3.3594665213663872,"rgba(38, 166, 154, 0.5)",0.2086975267166626,3.3909841579366193,1.145273956158951,60.05682512249612,17.045509169475295,False,False,True,False,False,7.790803701366698,0.0,0.0,0.0,0.0,0,0.8542842483324784,0.8501795792714213,False,False,False,False,0.2178835740281797,0.2618508917842339,False,False,False,False,-31870.0,-29978.881790062962,False,False,False,False,1522.7468179553716,False,False,False,False
2024-12-16 17:00:00+00:00,3.62,3.625,3.54,3.545,933.0,,,,,,3.4209440594085208,3.4115726359068055,3.3749144142418777,3.3269971408148677,3.272845419699201,,,3.3614547340142544,"rgba(38, 166, 154, 0.5)",0.20924503933541874,3.392047001636117,0.7309755053198667,54.193954593724705,11.54010854996342,False,True,True,False,False,4.915962687094975,0.0,0.0,0.0,0.0,0,0.8464667005592271,0.8500254194204371,False,False,False,False,0.16864322490296488,0.21524705834359936,False,False,False,False,-32803.0,-30022.666568511595,False,False,False,False,1513.6034564366835,False,False,False,False
2024-12-17 17:00:00+00:00,3.56,3.56,3.5,3.51,1893.0,,,,,,3.4238891590186173,3.414703979989046,3.37841692014893,3.3297543361177464,3.275172857806663,,,3.3643874506162006,"rgba(239, 83, 80, 1.0)",0.21032807920222002,3.392998019130472,0.5562832186426062,49.23743255219136,7.014173296259969,False,True,False,True,False,3.766757065291255,0.0,0.0,0.0,0.0,0,0.8470528455284554,0.8567073170731707,False,False,False,False,0.12438751611766984,0.1698172872306346,False,False,False,False,-34696.0,-30095.121350395137,False,False,False,False,1519.4855733911534,False,False,False,False
2024-12-18 17:00:00+00:00,3.595,3.6,3.38,3.395,2007.0,,,,,,3.424908481890521,3.4159626275693538,3.3803676181441515,3.331640656408757,3.2769596025384935,,,3.3659677973102555,"rgba(239, 83, 80, 1.0)",0.21017459494514268,3.3923821149122153,0.012455763687652164,43.116833577100685,1.4701401331267476,False,True,False,True,False,0.14381677007581217,0.0,0.0,0.0,0.0,0,0.8380667663178876,0.8535127055306428,False,False,False,False,0.09100031103783145,0.13040879913423303,False,False,False,False,-36703.0,-30197.569081396763,False,False,False,False,1527.0439365943912,False,False,False,False
2024-12-19 17:00:00+00:00,3.475,3.5,3.43,3.44,1840.0,,,,,,3.425747354972077,3.417011436306772,3.382037678090637,3.333299914650125,3.27855254304787,,,3.367329785413496,"rgba(239, 83, 80, 1.0)",0.21019675467444804,3.3919875146825613,0.228416872524032,41.02738419747835,-0.37549445112162516,False,True,False,True,False,1.493807349659459,0.0,0.0,0.0,0.0,0,0.8405940594059408,0.8623762376237624,False,False,False,False,0.07024023701278538,0.1003245180735092,False,False,False,False,-34863.0,-30269.901343700687,False,False,False,False,1531.895968585176,False,False,False,False
2024-12-20 17:00:00+00:00,3.465,3.475,3.325,3.355,1085.0,,,,,,3.4251224132081863,3.4165323355633714,3.382075425533579,3.3337013645363673,3.279106042888729,,,3.3673075163460466,"rgba(239, 83, 80, 1.0)",0.20925274600756405,3.3990482431402107,-0.2105025811160369,37.728969881932535,-3.531910720129524,False,True,False,True,False,0.0,0.0,0.0,0.0,0.0,0,0.8312133072407045,0.8664383561643836,False,False,False,False,0.0165014542953545,0.05841298618443185,False,False,False,False,-35948.0,-30357.93388100765,False,False,False,False,1524.9673489171887,False,False,False,False
2024-12-23 17:00:00+00:00,3.35,3.35,3.35,3.35,0.0,,,,,,3.4251224132081863,3.4165323355633714,3.382075425533579,3.3337013645363673,3.279106042888729,,,3.3673075163460466,"rgba(239, 83, 80, 1.0)",0.20913104215488237,3.3990482431402107,-0.2345335376078961,35.424575126861,-5.864552025827152,False,True,False,True,False,0.0,0.0,0.0,0.0,0.0,0,0.8301329394387001,0.8823239783357951,False,False,False,False,-0.02475509367847326,0.016828946252979295,False,False,False,False,-35948.0,-30444.601572774973,False,False,False,False,1501.3244442828136,False,False,False,False
2024-12-24 17:00:00+00:00,3.35,3.36,3.34,3.345,107.0,,,,,,3.425006445451251,3.416431824651294,3.3820330772388703,3.3337125605764806,3.2791415234874592,,,3.3672650862810714,"rgba(239, 83, 80, 1.0)",0.2088350786867103,3.3986817159496456,-0.25705315547191926,33.77221136371732,-7.718192118949645,False,True,False,True,False,0.0,0.0,0.0,0.0,0.0,0,0.8294611962432031,0.8818586258032626,False,False,False,False,-0.024755093678473554,-0.00396307371274713,False,False,False,False,-36055.0,-30531.5844941273,False,False,False,False,1479.707011038119,False,False,False,False
2024-12-25 17:00:00+00:00,3.345,3.345,3.345,3.345,0.0,,,,,,3.425006445451251,3.416431824651294,3.3820330772388703,3.3337125605764806,3.2791415234874592,,,3.3672650862810714,"rgba(239, 83, 80, 1.0)",0.20830396189351494,3.3986817159496456,-0.25770856906258727,32.670635521621534,-9.178811088715605,False,True,False,True,False,0.0,0.0,0.0,0.0,0.0,0,0.8409662808253651,0.8792148968293911,False,False,False,False,-0.028883066683141497,-0.01642307019794431,False,False,False,False,-36055.0,-30617.218843055558,False,False,False,False,1456.7658170685356,False,False,False,False
2024-12-26 17:00:00+00:00,3.395,3.415,3.38,3.385,1800.0,,,,,,3.4242217129381096,3.4158730052059525,3.382266727930617,3.3344702537707893,3.280117656277457,,,3.367389871224585,"rgba(239, 83, 80, 1.0)",0.20738378923153664,3.397539873884842,-0.0604669918092865,34.316309501829124,-9.178811088715605,False,True,False,True,False,0.0,0.0,0.0,0.0,0.0,0,0.8396752917300864,0.8787417554540842,False,False,False,False,0.0144384601860835,-0.000992305005930406,False,False,False,False,-34255.0,-30673.61855091516,False,False,False,False,1462.0872772690234,False,False,False,False
2024-12-27 17:00:00+00:00,3.34,3.355,3.33,3.345,1670.0,,,,,,3.422404143288347,3.4142805500052575,3.381533915656991,3.3345735379290606,3.280615063379211,,,3.366681442051773,"rgba(239, 83, 80, 1.0)",0.2067566354589392,3.3942506544712665,-0.23820591954373932,34.11520236091198,-9.178811088715605,False,True,False,True,False,0.0,0.0,0.0,0.0,0.0,0,0.8325746079919072,0.8811330298431969,False,False,False,False,-0.030947413482688497,-0.01596985924430945,False,False,False,False,-35925.0,-30755.035317567636,False,False,False,False,1465.3107303346198,False,False,False,False
2024-12-30 17:00:00+00:00,3.355,3.385,3.34,3.35,1180.0,,,,,,3.421402784952075,3.4134259738690687,3.3812294088204196,3.3347675800129646,3.2810447659789825,,,3.3663741027267022,"rgba(239, 83, 80, 1.0)",0.2067345427623684,3.3927875532214333,-0.20696857259415766,34.29829569640427,-9.178811088715605,False,True,False,True,False,0.0,0.0,0.0,0.0,0.0,0,0.8328298086606245,0.8776435045317222,False,False,False,False,-0.014438542703273381,-0.015204200973791417,False,False,False,False,-34745.0,-30816.895235124728,False,False,False,False,1460.8873081588893,False,False,False,False
2024-12-31 17:00:00+00:00,3.355,3.37,3.325,3.335,3333.0,,,,,,3.418102109073073,3.4105269384294012,3.3798747291876685,3.334960717990348,3.2820025697334323,,,3.3650934128827847,"rgba(239, 83, 80, 1.0)",0.2066936628691471,3.388423808129312,-0.2584685344859038,33.886446495528965,-10.128792053671361,False,True,False,True,False,0.0,0.0,0.0,0.0,0.0,0,0.8320802005012534,0.8796992481203008,False,False,False,False,-0.026818965958154008,-0.021011583465972712,False,False,False,False,-38078.0,-30929.470502797212,False,False,False,False,1489.91231113317,False,False,False,False
2025-01-01 17:00:00+00:00,3.335,3.335,3.335,3.335,0.0,,,,,,3.418102109073073,3.4105269384294012,3.3798747291876685,3.334960717990348,3.2820025697334323,,,3.3650934128827847,"rgba(239, 83, 80, 1.0)",0.2066739391338721,3.388423808129312,-0.2584932011902424,33.611880361612094,-11.010450797685714,False,True,False,True,False,0.0,0.0,0.0,0.0,0.0,0,0.8348484848484851,0.8823232323232324,False,False,False,False,-0.0371421068155574,-0.029076845140765056,False,False,False,False,-38078.0,-31040.300417482526,False,False,False,False,1466.8128954566869,False,False,False,False
2025-01-02 17:00:00+00:00,3.325,3.33,3.24,3.24,1080.0,,,,,,3.4161005789557097,3.408668503438845,3.3786165949235545,3.334489545556301,3.281943062148243,,,3.3639636570045313,"rgba(239, 83, 80, 1.0)",0.2066086739324816,3.3858844496490947,-0.7060906343978987,30.450175761613888,-14.459630961774572,False,True,False,True,False,0.0,0.0,0.0,0.0,0.0,0,0.8253888610135476,0.884596086302057,False,False,False,False,-0.07853610219098463,-0.05380647366587484,False,False,False,False,-39158.0,-31166.156224963415,False,False,False,False,1460.8157963023195,False,False,False,False
2025-01-03 17:00:00+00:00,3.255,3.31,3.25,3.295,1558.0,,,,,,3.4135935249738147,3.4063533318113177,3.3770953106095356,3.333977078874724,3.2819647708211805,,,3.362596803418115,"rgba(239, 83, 80, 1.0)",0.2058170489965591,3.3829187369182154,-0.42716935913159143,32.12804158416306,-14.459630961774572,False,True,False,True,False,0.0,0.0,0.0,0.0,0.0,0,0.8286713286713289,0.8836163836163837,False,False,False,False,-0.1134371267384688,-0.08362180020217182,False,False,False,False,-37600.0,-31265.905740855454,False,False,False,False,1462.3225281425937,False,False,False,False
2025-01-06 17:00:00+00:00,3.295,3.305,3.24,3.24,3311.0,,,,,,3.4076603800290153,3.4008172702829715,3.373242141947364,3.3324200694981863,3.2816629921165577,,,3.3591605707748187,"rgba(239, 83, 80, 1.0)",0.20563783435669922,3.3763380672822367,-0.6630008904185629,31.541923119933646,-14.459630961774572,False,True,False,True,False,0.0,0.0,0.0,0.0,0.0,0,0.8258483033932138,0.8862275449101796,False,False,False,False,-0.13440211478624495,-0.10901195749420839,False,False,False,False,-40911.0,-31415.44208595847,False,False,False,False,1490.984194372941,False,False,False,False
2025-01-07 17:00:00+00:00,3.185,3.2,3.15,3.17,3605.0,,,,,,3.3981030984598206,3.391719326077872,3.366231175577864,3.3287758354832007,3.279937342029448,,,3.352953355525641,"rgba(239, 83, 80, 1.0)",0.20546585170341705,3.3661682045587114,-0.9547484554361546,29.41949525334296,-16.135696408746256,False,True,False,True,False,0.0,0.0,0.0,0.0,0.0,0,0.8200000000000001,0.8995000000000001,False,False,False,False,-0.22645773144147138,-0.16773484446783987,False,False,False,False,-44516.0,-31618.551510982372,False,False,False,False,1523.759633219872,False,False,False,False
2025-01-08 17:00:00+00:00,3.145,3.18,3.13,3.14,2799.0,,,,,,3.3904875329451194,3.3844395008858945,3.360499332329458,3.3256517536247263,3.2783498976460796,,,3.347885603486256,"rgba(239, 83, 80, 1.0)",0.20546585170341705,3.35847582654282,-1.0633194018935181,27.365178396221538,-18.257542066206444,False,True,False,True,False,0.0,0.0,0.0,0.0,0.0,0,0.8131262525050101,0.9078156312625251,False,False,False,False,-0.24576572029056637,-0.20675028237920312,False,False,False,False,-47315.0,-31861.907301509775,False,False,False,False,1543.5308016970832,False,False,False,False
2025-01-09 17:00:00+00:00,3.14,3.14,3.14,3.14,0.0,,,,,,3.3904875329451194,3.3844395008858945,3.360499332329458,3.3256517536247263,3.2783498976460796,,,3.347885603486256,"rgba(239, 83, 80, 1.0)",0.20628747543783865,3.35847582654282,-1.0590843000968027,25.995633824807257,-19.70844179419899,False,True,False,True,False,0.0,0.0,0.0,0.0,0.0,0,0.8111959287531808,0.9231552162849874,False,False,False,False,-0.26036477637486016,-0.23355752937703164,False,False,False,False,-47315.0,-32101.490134044503,False,False,False,False,1519.6000915932525,False,False,False,False
2025-01-10 17:00:00+00:00,3.035,3.055,3.01,3.04,3047.0,,,,,3.035,3.378993056292491,3.3733467034779734,3.3513699626281763,3.320225850590205,3.275155952514281,,,3.2890152542505215,"rgba(239, 83, 80, 1.0)",0.20909892481874395,3.3330157067522475,-1.401325745726556,23.19691818978768,-22.451190141166446,False,True,False,True,False,0.0,0.0,0.0,0.0,0.0,0,0.7986646122239344,0.9327170005136107,True,False,False,False,-0.34282825441539394,-0.2881928918962128,False,False,False,False,-50362.0,-32384.598814136836,False,False,False,False,1543.2807103282407,True,False,False,False
2025-01-13 17:00:00+00:00,3.12,3.15,3.09,3.105,4385.0,,,,,3.082201291711518,3.3672548562312197,3.3620599614758726,3.3421994195871623,3.3148565874128657,3.2721869543711626,,,3.2901265117983,"rgba(239, 83, 80, 0.75)",0.21069892272157073,3.3251275552918425,-1.0447493155089893,25.478941166133104,-22.451190141166446,False,True,False,True,True,0.0,0.0,0.0,0.0,0.0,0,0.7976554536187564,0.9250764525993884,False,False,False,False,-0.2583402787842865,-0.2732665853402496,False,False,False,False,-45977.0,-32595.33371624324,False,False,False,False,1587.3383737340043,False,False,False,False
2025-01-14 17:00:00+00:00,3.095,3.15,3.09,3.12,2925.0,,,,,3.0928763155353867,3.3601326190288607,3.3552055601271435,3.336594033532272,3.3115143278797476,3.2703280242541695,,,3.2877751467262635,"rgba(239, 83, 80, 0.75)",0.21196053941775264,3.3194309945969676,-0.9408873705681097,27.88002463770216,-26.681812824100483,False,True,False,True,True,0.0,0.0,0.0,0.0,0.0,0,0.808521560574949,0.9240246406570843,False,False,False,False,-0.2583402787842865,-0.2658034320622681,False,False,False,False,-43052.0,-32757.452573355746,False,False,False,False,1608.0773136761127,False,False,False,False
2025-01-15 17:00:00+00:00,3.17,3.26,3.16,3.24,2741.0,,,,,3.119479309818293,3.3564494094708412,3.351710535415645,3.3339014146214043,3.3100666489679944,3.269758469065463,,,3.2902276312266068,"rgba(239, 83, 80, 0.75)",0.21190145168266222,3.318174578956487,-0.3689195063824246,35.168477364329206,-20.01653193408369,False,True,False,True,True,0.0,0.0,0.0,0.0,0.0,0,0.8225971370143151,0.9018404907975461,False,False,False,False,-0.17504376895133328,-0.22042360050680068,False,False,False,False,-40311.0,-32874.56183578434,False,False,False,False,1625.6420064873355,False,False,False,False
2025-01-16 17:00:00+00:00,3.245,3.275,3.22,3.255,4573.0,,,,,3.153256182445815,3.3519775916025156,3.3475054320474222,3.330788685888594,3.308522122384412,3.2693923283274864,,,3.2935737237827074,"rgba(239, 83, 80, 0.75)",0.2118518307643165,3.3170262516927886,-0.2927812871336121,40.60399564882168,-15.31599508153451,False,True,False,True,True,0.0,0.0,0.0,0.0,0.0,0,0.8194373401534529,0.9058823529411767,False,False,False,False,-0.14109617324725418,-0.18075988687702743,False,False,False,False,-35738.0,-32918.95622592722,False,False,False,False,1671.3374792549737,False,False,False,False
2025-01-17 17:00:00+00:00,3.245,3.25,3.175,3.205,2411.0,,,,,3.160068718255154,3.3489011914070104,3.3445720963841206,3.3284713900360448,3.307204340147754,3.268817684568743,,,3.293005903466471,"rgba(239, 83, 80, 0.75)",0.21208641787875776,3.315004395325698,-0.5186772280183616,42.266260611093344,-14.053545102719468,False,True,False,True,True,0.0,0.0,0.0,0.0,0.0,0,0.810769230769231,0.9153846153846155,False,False,False,False,-0.17276897671995278,-0.1767644317984901,False,False,False,False,-38149.0,-33000.042175912844,False,False,False,False,1682.8051152355165,False,False,False,False
2025-01-20 17:00:00+00:00,3.205,3.205,3.205,3.205,0.0,,,,,3.160068718255154,3.3489011914070104,3.3445720963841206,3.3284713900360448,3.307204340147754,3.268817684568743,,,3.293005903466471,"rgba(239, 83, 80, 0.75)",0.2117736765749806,3.315004395325698,-0.5194431957021334,43.374437252607784,-13.059275486216201,False,True,False,True,True,0.0,0.0,0.0,0.0,0.0,0,0.8117586384734401,0.9216090768437339,False,False,False,False,-0.17959876335625397,-0.17818159757737204,False,False,False,False,-38149.0,-33079.870979387066,False,False,False,False,1656.7151134489193,False,False,False,False
2025-01-21 17:00:00+00:00,3.265,3.27,3.24,3.25,1941.0,,,,,3.1682886073650276,3.3472626681977444,3.343031622318293,3.3273285454573935,3.3066304327939875,3.2686980050173235,,,3.2935399801916283,"rgba(239, 83, 80, 0.5)",0.21070918432843583,3.314353493227041,-0.30541380259311457,46.202680326300374,-10.329408706347067,False,False,False,True,True,0.0,0.0,0.0,0.0,0.0,0,0.8089304257528558,0.9283489096573209,False,False,False,False,-0.13434767722362037,-0.1562646374004962,False,False,False,False,-36208.0,-33128.369103737656,False,False,False,False,1661.1226310698662,False,False,False,False
2025-01-22 17:00:00+00:00,3.25,3.26,3.2,3.21,1455.0,,,,,3.171699889258029,3.3456901117748803,3.341535599344878,3.3261562032711174,3.3059705002060067,3.2684366846804065,,,3.293248164755887,"rgba(239, 83, 80, 0.5)",0.2101317047314082,3.3133534639075246,-0.4918508800927103,46.30238309613561,-10.041353480236467,False,False,False,True,True,0.0,0.0,0.0,0.0,0.0,0,0.8090295796574987,0.9247535028541776,False,False,False,False,-0.15689354407896763,-0.15657909073973192,False,False,False,False,-37663.0,-33198.67345871847,False,False,False,False,1657.9269313633567,False,False,False,False
2025-01-23 17:00:00+00:00,3.225,3.245,3.2,3.23,1708.0,,,,,3.175314460414516,3.343918749767271,3.33985056663619,3.324835062740389,3.3052243933843695,3.2681449351732077,,,3.2928813613526575,#000000,0.20940606701071313,3.312221689570604,-0.39264234673008497,47.34819849868195,-8.725824582873635,False,False,False,False,True,0.0,0.0,0.0,0.0,0.0,0,0.8086099585062242,0.925311203319502,False,False,False,False,-0.16368724404981033,-0.16013316739477113,False,False,False,False,-35955.0,-33241.407203544535,False,False,False,False,1658.703258008886,False,False,False,False
2025-01-24 17:00:00+00:00,3.26,3.285,3.24,3.24,1524.0,,,,,3.179861100711344,3.342769338207644,3.3387697941740213,3.324030619572035,3.3048148217512208,3.268066625752004,,,3.293052050028045,#000000,0.20877916260664786,3.3117023558143894,-0.34343636078989664,48.55043661157637,-7.228232721323884,False,False,False,False,True,0.0,0.0,0.0,0.0,0.0,0,0.81139896373057,0.9212435233160622,False,False,False,False,-0.12761132338012918,-0.14387224538745014,False,False,False,False,-34431.0,-33259.850502714384,False,False,False,False,1656.614835404097,False,False,False,False
2025-01-27 17:00:00+00:00,3.275,3.275,3.255,3.265,244.0,,,,,3.1806318171699934,3.342608718960112,3.3386196604722023,3.323921951035496,3.304762906119018,3.2680637035706357,,,3.2931014595545762,#000000,0.20801398948103025,3.3116436331642394,-0.22423315509023925,50.62265988809874,-4.943058599998338,False,False,False,False,True,0.0,0.0,0.0,0.0,0.0,0,0.8156512605042016,0.9254201680672268,False,False,False,False,-0.12536845912165778,-0.13462035225455396,False,False,False,False,-34187.0,-33274.22491352501,False,False,False,False,1634.7138302040335,False,False,False,False
2025-01-28 17:00:00+00:00,3.26,3.26,3.235,3.245,505.0,,,,,3.181846267768916,3.3422003551180253,3.3382339676237773,3.3236287235375155,3.3046065436599306,3.2680215876876404,,,3.2930895742326345,#000000,0.2072274721778451,3.3114250934037672,-0.32054192769750295,50.81055318289461,-4.415037354484134,False,False,False,False,True,0.0,0.0,0.0,0.0,0.0,0,0.8159018143009606,0.908751334044824,False,False,False,False,-0.14109617324725462,-0.1378582627509043,False,False,False,False,-34692.0,-33296.20592261764,False,False,False,False,1617.198887100095,False,False,False,False
2025-01-29 17:00:00+00:00,3.21,3.235,3.195,3.235,517.0,,,,,3.1825821537508343,3.3416774082559177,3.3377355530928314,3.3232340573145547,3.30437863962427,3.2679283668439134,,,3.292922696480387,#000000,0.2070839582530721,3.31106879505306,-0.3673331130753176,50.330577456432295,-4.415037354484134,True,False,False,False,True,0.0,0.0,0.0,0.0,0.0,0,0.8183279742765275,0.9072883172561629,False,False,False,False,-0.17049595358229236,-0.15417710816659833,False,False,False,False,-35209.0,-33325.861644747594,False,False,False,False,1600.1415400132717,False,False,False,False
2025-01-30 17:00:00+00:00,3.16,3.16,3.09,3.09,102.0,,,,,3.182330590972766,3.3414821196495192,3.337546412595579,3.323073886490758,3.3042751255858764,3.2678670541957495,,,3.2927625315817086,"rgba(239, 83, 80, 0.5)",0.20830164804093831,3.3108856944303007,-1.0604126107868783,43.9783879870411,-0.9757588498300294,False,False,False,True,False,0.0,0.0,0.0,0.0,0.0,0,0.8145977623867875,0.9057005860415559,False,False,False,False,-0.2536298931778889,-0.2039035006722436,False,False,False,False,-35311.0,-33356.63898358872,False,False,False,False,1576.914539392911,False,False,False,False
2025-01-31 17:00:00+00:00,3.115,3.135,3.06,3.06,858.0,,,,,3.1794445788406596,3.339650150262647,3.3357684712626696,3.321555474613521,3.303280259885393,3.26725901626215,,,3.291159658521174,"rgba(239, 83, 80, 1.0)",0.20950914319207034,3.2977264386400194,-1.1346828831335556,38.92411131843433,-5.599100817743661,False,True,False,True,False,0.0,0.0,0.0,0.0,0.0,0,0.8121664887940236,0.908751334044824,False,False,False,False,-0.27967980114667995,-0.24179165090946178,False,False,False,False,-36169.0,-33400.24147996718,False,False,False,False,1565.768577541858,False,False,False,False
2025-02-03 17:00:00+00:00,3.12,3.29,3.115,3.29,2767.0,,,,,3.184002460334984,3.337218786448585,3.333457436424076,3.3197438708173688,3.302247536603502,3.2668814079214776,,,3.290591916424999,"rgba(239, 83, 80, 0.5)",0.20756075849847633,3.303219958688583,-0.0636919944994328,45.142107079050746,-11.013207054723637,False,False,False,True,True,0.0,0.0,0.0,0.0,0.0,0,0.8176593521421109,0.8808777429467087,False,False,False,False,-0.18187901714942623,-0.211835334029444,False,False,False,False,-33402.0,-33400.26874384366,False,False,False,False,1584.3923205257051,False,False,False,False
2025-02-04 17:00:00+00:00,3.29,3.32,3.26,3.295,1746.0,,,,,3.1896224102364794,3.3365806562041995,3.3328801089774522,3.319391290276178,3.302152122864827,3.2670462301375727,,,3.291278803116118,#000000,0.20537206403179334,3.3046117450307038,-0.046801618691507396,49.42580542978965,-7.345922786477168,True,False,False,False,True,0.0,0.0,0.0,0.0,0.0,0,0.8300996329313057,0.886208704771893,False,False,False,False,-0.103004926022791,-0.1574201300261175,False,False,False,False,-31656.0,-33373.22581758252,False,False,False,False,1586.8978659439113,False,False,False,False
2025-02-05 17:00:00+00:00,3.3,3.3,3.2,3.225,1171.0,,,,,3.191382774889274,3.335697205507907,3.3320427570203353,3.3187421576528693,3.3017885139609753,3.2669335398600343,,,3.2910978248152323,#000000,0.20331369717619566,3.3030117499989373,-0.3837013987863824,49.70021598585746,-7.222589170160617,True,False,False,False,True,0.0,0.0,0.0,0.0,0.0,0,0.8237447698744771,0.8870292887029289,False,False,False,False,-0.13884528550669914,-0.1481327077664083,False,False,False,False,-32827.0,-33364.757200255655,False,False,False,False,1580.4498370145482,False,False,False,False
2025-02-06 17:00:00+00:00,3.23,3.26,3.19,3.205,689.0,,,,,3.1919086729540154,3.335057946496331,3.331431859354734,3.3182511592145714,3.3014943660626908,3.2668069002380107,,,3.2908251507200585,#000000,0.20165412811887015,3.301872612089789,-0.4803899280092342,49.1938114597297,-7.222589170160617,True,False,False,False,True,0.0,0.0,0.0,0.0,0.0,0,0.8282881002087682,0.8877870563674322,False,False,False,False,-0.16142104315326838,-0.15477687545983834,False,False,False,False,-33516.0,-33367.102049864094,False,False,False,False,1566.6289093088963,False,False,False,False
2025-02-07 17:00:00+00:00,3.215,3.255,3.21,3.23,1044.0,,,,,3.1930504589259026,3.334211619883957,3.330626274579565,3.317614329125099,3.301123422176541,3.2666687008714455,,,3.2905491342604183,#000000,0.199476635042609,3.3009478599619326,-0.3556700259495449,49.801195634007314,-6.698103713698387,True,False,False,False,True,0.0,0.0,0.0,0.0,0.0,0,0.8278041074249607,0.89362822538178,False,False,False,False,-0.1546321960301314,-0.15470453574498488,False,False,False,False,-32472.0,-33353.22449870341,False,False,False,False,1558.5261355211615,False,False,False,False
2025-02-10 17:00:00+00:00,3.28,3.3,3.275,3.3,434.0,,,,,3.1942138980255703,3.334067336594411,3.3304959337059152,3.3175352348443328,3.3011025842810735,3.2667095032857727,,,3.2906874151228465,"rgba(38, 166, 154, 1.0)",0.19844172221866904,3.3013430257477507,-0.0067678597662591995,52.60633815940213,-3.725392557414665,True,False,True,False,True,0.0,0.0,0.0,0.0,0.0,0,0.8374670184696569,0.8860158311345648,False,False,False,False,-0.10523630127352435,-0.12997041850925461,False,False,False,False,-32038.0,-33332.83342120413,False,False,False,False,1541.0916217921513,False,False,False,False
2025-02-11 17:00:00+00:00,3.3,3.3,3.22,3.23,958.0,,,,,3.1956297964410294,3.333442693306031,3.329905840851525,3.3170838565794103,3.3008552279226766,3.2666495160863223,,,3.2905944885311658,#000000,0.19673671069052573,3.3010422513784796,-0.3611031775875921,51.72264695003092,-3.725392557414665,True,False,False,False,True,0.0,0.0,0.0,0.0,0.0,0,0.8285410010649628,0.900425985090522,False,False,False,False,-0.12985546532632727,-0.12991294191779096,False,False,False,False,-32996.0,-33327.61119761957,False,False,False,False,1532.0514416093272,False,False,False,False
2025-02-12 17:00:00+00:00,3.165,3.195,3.155,3.16,940.0,,,,,3.19500702253242,3.332259712126811,3.3287638558610566,3.3161255625791286,3.300236676422373,3.2663102582103547,,,3.289783847955357,#000000,0.19653500708271615,3.2990101318029397,-0.7073046876805719,48.84111256990789,-3.725392557414665,True,False,False,False,False,0.0,0.0,0.0,0.0,0.0,0,0.813397129186603,0.9069643806485913,False,False,False,False,-0.20709118912815214,-0.16850206552297153,False,False,False,False,-33936.0,-33337.0435821526,False,False,False,False,1522.8723494913531,False,False,False,False
2025-02-13 17:00:00+00:00,3.135,3.225,3.135,3.21,507.0,,,,,3.194942250119072,3.331706512040537,3.328231400893059,3.3156838970505267,3.29995633636797,3.2661660560295314,,,3.28944774208345,#000000,0.1946071811494869,3.2982473694169134,-0.4534640957012091,48.8100252877733,-3.725392557414665,True,False,False,False,False,0.0,0.0,0.0,0.0,0.0,0,0.8109110169491525,0.9078389830508475,False,False,False,False,-0.2024887156394375,-0.1854953905812045,False,False,False,False,-33429.0,-33338.469263049454,False,False,False,False,1507.1223905845104,False,False,False,False
2025-02-14 17:00:00+00:00,3.265,3.265,3.19,3.195,289.0,,,,,3.1951012723419705,3.331452077019621,3.3279879146245364,3.315486643413843,3.29983577422274,3.266112794813372,,,3.2893294127393475,"rgba(239, 83, 80, 0.5)",0.192702146114441,3.2979997490484916,-0.534502345331031,48.26081052638484,-3.725392557414665,True,False,False,True,False,0.0,0.0,0.0,0.0,0.0,0,0.8240593534711182,0.9024907260201378,False,False,False,False,-0.15915648482515876,-0.17232593770318164,False,False,False,False,-33718.0,-33344.353460521554,False,False,False,False,1488.2367721258356,False,False,False,False
2025-02-17 17:00:00+00:00,3.195,3.195,3.195,3.195,0.0,,,,,3.1951012723419705,3.331452077019621,3.3279879146245364,3.315486643413843,3.29983577422274,3.266112794813372,,,3.2893294127393475,"rgba(239, 83, 80, 0.5)",0.19105616833657504,3.2979997490484916,-0.539107163852683,47.894667352125865,-3.725392557414665,True,False,False,True,False,0.0,0.0,0.0,0.0,0.0,0,0.8231837606837608,0.9129273504273504,False,False,False,False,-0.18873111710338822,-0.18052852740328493,False,False,False,False,-33718.0,-33350.14643012587,False,False,False,False,1465.1633337983033,False,False,False,False
2025-02-18 17:00:00+00:00,3.18,3.19,3.14,3.14,905.0,,,,,3.194240000660295,3.3302498486264898,3.326824990249316,3.314502022008031,3.2991897396776024,3.265745257452577,,,3.288458643112385,"rgba(239, 83, 80, 0.5)",0.19073997677134436,3.296150388820034,-0.8186558028536619,45.588973502731335,0.19458605128195927,True,False,False,True,False,0.0,0.0,0.0,0.0,0.0,0,0.8182302771855012,0.9104477611940298,False,False,False,False,-0.21632235696754507,-0.198425442185415,False,False,False,False,-34623.0,-33369.880593999886,False,False,False,False,1456.4786309487172,False,False,False,False
2025-02-19 17:00:00+00:00,3.155,3.17,3.135,3.165,311.0,,,,,3.193952871219009,3.3298405164134124,3.3264289919058116,3.314166472984795,3.2989690761852626,3.2656195238024663,,,3.288162908751793,"rgba(239, 83, 80, 0.5)",0.19197334649830958,3.295554731419144,-0.6800669665895186,45.288265845839554,-0.40484531068829455,True,False,False,True,False,0.0,0.0,0.0,0.0,0.0,0,0.813953488372093,0.9183342347214711,False,False,False,False,-0.22791278314248423,-0.2131691126639496,False,False,False,False,-34312.0,-33384.48709641849,False,False,False,False,1438.7192723293572,False,False,False,False
2025-02-20 17:00:00+00:00,3.135,3.135,3.1,3.105,294.0,,,,,3.1933746432143644,3.329358945260682,3.325961205813029,3.3137636612953822,3.2986977706415344,3.2654537612274086,,,3.287768331242067,"rgba(239, 83, 80, 0.5)",0.19403867915702602,3.2947575687073716,-0.9779368192555571,42.926939812141555,-2.8934974660056056,True,False,False,True,False,0.0,0.0,0.0,0.0,0.0,0,0.8076715289032955,0.9200432198811452,False,False,False,False,-0.2606996718455993,-0.23693439225477445,False,False,False,False,-34606.0,-33403.42528097014,False,False,False,False,1420.9716867118477,False,False,False,False
2025-02-21 17:00:00+00:00,3.12,3.12,3.07,3.07,242.0,,,,,3.192748364982741,3.328915420631323,3.325529597801809,3.313389352785192,3.298443004015109,3.265293716554465,,,3.2873865761284393,"rgba(239, 83, 80, 0.5)",0.19667831695526242,3.2939939846867743,-1.1388849983789795,40.24575774882457,-5.555232549701358,False,False,False,True,False,0.0,0.0,0.0,0.0,0.0,0,0.8072159396876682,0.915993537964459,False,False,False,False,-0.2820659247161947,-0.2595001584854846,False,False,False,False,-34848.0,-33425.82178824193,False,False,False,False,1402.6930559101136,False,False,False,False
2025-02-24 17:00:00+00:00,3.15,3.15,3.05,3.055,1728.0,,,,,3.188414453418993,3.32577347407341,3.3224711857089932,3.310732661514709,3.296627308410542,3.2641486074559816,,,3.2846946150971053,"rgba(239, 83, 80, 1.0)",0.19949987017086632,3.288963512326228,-1.1727501984128827,37.99058309847377,-7.740404056118457,False,True,False,True,False,0.0,0.0,0.0,0.0,0.0,0,0.8056897477187333,0.9200214707461088,False,False,False,False,-0.277296777791823,-0.26839846813865376,False,False,False,False,-36576.0,-33474.66176051724,False,False,False,False,1407.7365744231352,False,False,False,False
2025-02-25 17:00:00+00:00,3.095,3.105,3.045,3.06,1708.0,,,,,3.183886662637027,3.3225578553762793,3.3193374731421113,3.307996262034693,3.2947376595945514,3.262937377028425,,,3.2819088816355144,"rgba(239, 83, 80, 1.0)",0.20208690486301048,3.2842023033674055,-1.1094350894204967,36.81662702815926,-8.92292302110026,False,True,False,True,False,0.0,0.0,0.0,0.0,0.0,0,0.8034557235421167,0.9352051835853132,False,False,False,False,-0.30127056368307403,-0.2848345159108639,False,False,False,False,-34868.0,-33496.26390376504,False,False,False,False,1412.3918213313034,False,False,False,False
2025-02-26 17:00:00+00:00,3.125,3.145,3.095,3.095,28.0,,,,,3.183841421124461,3.3225143995368582,3.3192952252939523,3.3079596840732437,3.294712638909229,3.2629219076419655,,,3.2818742127632845,"rgba(239, 83, 80, 1.0)",0.2039938614161952,3.2841478607817747,-0.9272232971553424,38.32239968576437,-8.92292302110026,False,True,False,True,False,0.0,0.0,0.0,0.0,0.0,0,0.8091891891891893,0.9243243243243245,False,False,False,False,-0.2583402787842865,-0.2715873973475752,False,False,False,False,-34840.0,-33517.097021536116,False,False,False,False,1390.9283822408954,False,False,False,False
2025-02-27 17:00:00+00:00,3.125,3.16,3.07,3.07,1079.0,,,,,3.181865169521147,3.320761422184579,3.317589416593373,3.3064772704750687,3.2936925080157406,3.2622823892346955,,,3.2804446960041003,"rgba(239, 83, 80, 1.0)",0.20624283771346458,3.2819163045511823,-1.0275086732737848,38.256421491643934,-8.92292302110026,False,True,False,True,False,0.0,0.0,0.0,0.0,0.0,0,0.7981798715203426,0.9234475374732336,False,False,False,False,-0.2630619068078922,-0.2673246520777337,False,False,False,False,-35919.0,-33554.33582740377,False,False,False,False,1386.092283291424,False,False,False,False
2025-02-28 17:00:00+00:00,3.125,3.13,3.085,3.105,524.0,,,,,3.181014110871131,3.319945449387941,3.3167956424730782,3.3057879553978378,3.2932178622225043,3.2619863087479044,,,3.279791221516733,"rgba(239, 83, 80, 0.5)",0.20785935993721308,3.2809323854407553,-0.8464010737543799,40.45993282525167,-8.92292302110026,False,False,False,True,True,0.0,0.0,0.0,0.0,0.0,0,0.8013136288998358,0.9233716475095786,False,False,False,False,-0.2701659796204523,-0.268745315849093,False,False,False,False,-35395.0,-33582.873256436265,False,False,False,False,1372.7265114574484,False,False,False,False
2025-03-03 17:00:00+00:00,3.07,3.095,2.98,3.02,1106.0,,,,,3.1775297782277923,3.3176449267519508,3.3145486447585917,3.3038063600375582,3.2918242934015502,3.261065073492629,,,3.2777365127783455,"rgba(239, 83, 80, 1.0)",0.21082863114792097,3.2777144894961383,-1.2223884777552885,38.49786812228739,-8.92292302110026,False,True,False,True,False,0.0,0.0,0.0,0.0,0.0,0,0.7944685466377439,0.9202819956616053,False,False,False,False,-0.3378820696425212,-0.3033136927458071,False,False,False,False,-36501.0,-33628.115531530275,False,False,False,False,1368.5912167061701,False,False,False,False
2025-03-04 17:00:00+00:00,2.995,3.02,2.995,3.0,1026.0,,,,,3.173874848584959,3.315347433610992,3.3123020796491462,3.3018159084465717,3.2904135806907813,3.2601184578263505,,,3.2756453848014666,"rgba(239, 83, 80, 1.0)",0.21397172920948065,3.2745040325846495,-1.282898603468812,36.53002968609222,-9.43338244490893,False,True,False,True,False,0.0,0.0,0.0,0.0,0.0,0,0.7994550408719346,0.9286103542234335,False,False,False,False,-0.34282825441539394,-0.32307097358060055,False,False,False,False,-37527.0,-33688.56335274686,False,False,False,False,1363.2797249742914,False,False,False,False
2025-03-05 17:00:00+00:00,2.97,3.02,2.965,3.01,1883.0,,,,2.9983333333333335,3.1673053430057316,3.3111288533024252,3.308175093482625,3.2981505094950356,3.2878006663879513,3.2583543111613764,2.9983333333333335,,3.2327497300240684,"rgba(239, 83, 80, 1.0)",0.21675707746374753,3.2507553070991015,-1.110714860691771,35.91913453063901,-10.121068527965313,False,True,False,True,False,0.0,1.0,3.02,2.965,0.0,0,0.7998909487459106,0.924754634678299,True,False,False,False,-0.34282825441539394,-0.3329496139979973,False,False,False,False,-35644.0,-33718.880199991094,False,False,False,False,1371.3374036568605,False,False,False,False
2025-03-06 17:00:00+00:00,3.01,3.095,2.99,3.09,440.0,,,,3.0096979480556754,3.166360654122747,3.3103452231662684,3.3074100570893026,3.2974755989919773,3.2873219929707473,3.2580398374913377,3.0096979480556754,,3.2338073302697223,"rgba(239, 83, 80, 0.5)",0.21831455114865264,3.2505924654467013,-0.7356012899815936,40.28403034308748,-13.90471810823118,False,False,False,True,True,0.0,0.0,0.0,0.0,0.0,0,0.8008776741634668,0.9270433351618212,False,False,False,False,-0.29648785853076765,-0.31471873626438246,False,False,False,False,-35204.0,-33741.905313169525,False,False,False,False,1356.8980640652812,False,False,False,False
2025-03-07 17:00:00+00:00,3.215,3.32,3.195,3.29,3661.0,,,,3.167930592691622,3.173221172694306,3.3092888882783997,3.3064391985739547,3.296808816697601,3.286998036556706,3.2581727525926785,3.167930592691622,,3.25697992258361,#000000,0.21691556043851443,3.2628210234350368,0.1252974959934571,49.676253835389076,-5.430695993457711,True,False,False,False,True,1.3754295087580388,0.0,0.0,0.0,0.0,0,0.8185721953837896,0.909286097691895,False,False,False,False,-0.10832653483862752,-0.211522635551505,False,False,False,False,-31543.0,-33707.81375792659,False,False,False,False,1392.620574699928,False,False,False,False
2025-03-10 17:00:00+00:00,3.34,3.34,3.21,3.265,1628.0,,,,3.190116920651603,3.176080876930032,3.308872882296073,3.3060592219194254,3.2965555830523487,3.286882599425579,3.2582497927998406,3.190116920651603,,3.2604025538678427,"rgba(38, 166, 154, 1.0)",0.21474166335850256,3.2650807225133436,-0.00037590522528780724,54.77604874040557,-1.2242514674069938,True,False,True,False,True,0.5720069155402534,0.0,0.0,0.0,0.0,0,0.8229665071770337,0.9048378522062733,False,False,False,False,-0.09350972721855991,-0.15251618138503245,False,False,False,False,-33171.0,-33699.49106400525,False,False,False,False,1396.269868115433,False,False,False,False
2025-03-11 17:00:00+00:00,3.34,3.38,3.34,3.38,302.0,,,,3.1968540982225595,3.177102367514997,3.3089911861527015,3.306181830158176,3.296686334809214,3.2869938819841846,3.258364494330067,3.1968540982225595,,3.261596313310271,"rgba(38, 166, 154, 1.0)",0.21206209782355687,3.265976005528203,0.5376915330087363,60.61021344841359,3.6947645355746275,True,False,True,False,True,4.074094628270043,0.0,0.0,0.0,0.0,0,0.8330692023243529,0.8932910723718964,False,False,False,False,-0.022003589494461153,-0.0872598854397468,False,False,False,False,-32869.0,-33686.61523355555,False,False,False,False,1379.3044438035658,False,False,False,False
2025-03-12 17:00:00+00:00,3.295,3.355,3.295,3.295,1169.0,,,,3.2120597086131606,3.1799051551769106,3.3090384236033574,3.306250346176767,3.29681759101443,3.287144276824325,3.258595484645284,3.2120597086131606,,3.264258712293462,"rgba(38, 166, 154, 1.0)",0.20802120040951189,3.2680226741722755,0.1296854636672447,60.939669313969176,3.6947645355746275,True,False,True,False,True,1.3640606618107576,0.0,0.0,0.0,0.0,0,0.8235919234856537,0.9048884165781086,False,False,False,False,-0.0513785299163246,-0.0693192076780357,False,False,False,False,-34038.0,-33692.0630593919,False,False,False,False,1376.0439097911074,False,False,False,False
2025-03-13 17:00:00+00:00,3.29,3.3,3.275,3.275,899.0,,,,3.2184787617711885,3.1814969299597133,3.3088839535386336,3.3061142237961825,3.296743676513925,3.2871286032563707,3.2586728331727675,3.2184787617711885,,3.2653598545726825,"rgba(38, 166, 154, 1.0)",0.2037965555058047,3.2689074910308245,0.02989505369241595,60.38642939527155,3.6947645355746275,True,False,True,False,True,0.7408203943688427,0.0,0.0,0.0,0.0,0,0.8178378378378381,0.928648648648649,False,False,False,False,-0.08295167689595728,-0.0761354422869965,False,False,False,False,-34937.0,-33711.3644073083,False,False,False,False,1368.6478801819428,False,False,False,False
2025-03-14 17:00:00+00:00,3.33,3.375,3.32,3.355,8727.0,,,,3.279828157571223,3.203398991177771,3.311150259798224,3.308506737298458,3.299434364603352,3.2895423511090396,3.2613631878246174,3.279828157571223,,3.2790320070546697,"rgba(38, 166, 154, 1.0)",0.19830697833826266,3.281667038240248,0.3697951649218522,61.983692236573276,4.8825215611306945,True,False,True,False,True,3.134792527067379,0.0,0.0,0.0,0.0,0,0.8119290703922623,0.923696937130575,False,False,False,False,-0.03248765310555909,-0.05431154769627779,False,False,False,False,-26210.0,-33595.064183939176,False,False,False,False,1482.730858783773,False,False,False,False
2025-03-17 17:00:00+00:00,3.555,3.555,3.48,3.495,9088.0,,,,3.3550809439867617,3.2399518774569613,3.321944607046717,3.319331370775623,3.3099591720749437,3.2980174025600473,3.2687635970428226,3.3550809439867617,,3.301864138706269,"rgba(38, 166, 154, 1.0)",0.19028551331241983,3.304978212082089,0.9986140542707752,65.62411562241792,8.532690718459335,True,False,True,False,True,7.046724655576078,0.0,0.0,0.0,0.0,0,0.8238726790450931,0.9124668435013263,False,False,False,False,0.11044685923274496,0.028067655768233585,False,False,False,False,-17122.0,-33339.667840002134,False,False,False,False,1600.6420082599936,False,False,False,False
2025-03-18 17:00:00+00:00,3.56,3.65,3.56,3.65,417.0,,,,3.3589964202169136,3.242019566143918,3.3226851592555295,3.3200707024247564,3.3106686165085373,3.2985843618966397,3.269242629399114,3.3589964202169136,,3.3031810651207723,"rgba(38, 166, 154, 1.0)",0.18932997078601257,3.306346537549578,1.8151033406054395,70.00671534399251,12.766924757784572,True,False,True,False,True,10.983512880476098,0.0,0.0,0.0,0.0,0,0.8315789473684212,0.8889473684210528,False,False,False,False,0.18542972201302094,0.10674868889062726,False,False,False,False,-16705.0,-33081.76601302536,False,False,False,False,1582.2909693722418,False,False,False,False
2025-03-19 17:00:00+00:00,3.71,3.73,3.71,3.71,1892.0,,,,3.3814740693992342,3.253453933127913,3.3270770462021897,3.324446589221426,3.314840410798949,3.3018980412856282,3.271994262867918,3.3814740693992342,,3.3107406218433226,"rgba(38, 166, 154, 1.0)",0.18977760811153424,3.3141757249674635,2.085726967324335,73.53819524680634,16.139894257125746,True,False,True,False,True,12.415670244836683,0.0,0.0,0.0,0.0,0,0.8464773922187172,0.8822292323869612,False,False,False,False,0.2873719955138219,0.1970603422022246,False,False,False,False,-14813.0,-32798.52933065287,False,False,False,False,1587.0926597695711,False,False,False,False
2025-03-20 17:00:00+00:00,3.805,3.805,3.725,3.725,716.0,,,,3.3900737027664225,3.2579549086902033,3.3288606907962284,3.326223033977575,3.316532464136617,3.3032430622555813,3.2731080400353285,3.3900737027664225,,3.313713700379708,"rgba(38, 166, 154, 1.0)",0.1920453446829913,3.317269163212144,2.12309669604799,76.04552075258123,18.590972593687866,True,False,True,False,True,12.77081625435288,0.0,0.0,0.0,0.0,0,0.8453878406708597,0.879454926624738,False,False,False,False,0.32878485101522126,0.2629225966087229,False,False,False,False,-14097.0,-32508.583139479957,False,False,False,False,1573.587347215004,False,False,False,False
2025-03-21 17:00:00+00:00,3.63,3.735,3.63,3.72,4368.0,,,,3.4279230368475893,3.28078398427846,3.338009513240165,3.3353463789457782,3.3252694229959516,3.3102620507666973,3.279000758910539,3.4279230368475893,,3.328085020855025,"rgba(38, 166, 154, 1.0)",0.19374574682921156,3.3324804082949218,2.0001450253598603,77.47942343051483,20.14366874188768,True,False,True,False,True,12.601730628512836,0.0,0.0,0.0,0.0,0,0.8408972352634327,0.8847157016171102,False,False,False,False,0.2535849956982406,0.25825379615348176,False,False,False,False,-18465.0,-32290.85316832523,False,False,False,False,1616.9115743899652,False,False,False,False
2025-03-24 17:00:00+00:00,3.715,3.74,3.67,3.715,1660.0,,,,3.440554816824966,3.2891061615190393,3.341493057326405,3.3388205027494107,3.328600884706933,3.3129541871218775,3.281267670518585,3.440554816824966,,3.333256754395317,"rgba(38, 166, 154, 1.0)",0.1941862670383795,3.338005995077948,1.9414040481428165,78.17295277887708,21.13730316392916,True,False,True,False,True,12.429864504899168,0.0,0.0,0.0,0.0,0,0.8483116883116886,0.8805194805194806,False,False,False,False,0.27378448691441903,0.2660191415339504,False,False,False,False,-20125.0,-32102.235289746543,False,False,False,False,1617.5796119963222,False,False,False,False
2025-03-25 17:00:00+00:00,3.715,3.725,3.65,3.655,4434.0,,,,3.465913792268191,3.3082604180599526,3.3497082874984567,3.3470218555301274,3.3365029244556843,3.3194078570885486,3.2867666437699516,3.465913792268191,,3.344797396952987,"rgba(38, 166, 154, 1.0)",0.19173372113380147,3.3504843906459687,1.5882214539690946,75.5373048216273,21.13730316392916,True,False,True,False,True,10.378783887509037,0.0,0.0,0.0,0.0,0,0.844142259414226,0.8896443514644352,False,False,False,False,0.2580557541064931,0.26203744782022176,False,False,False,False,-24559.0,-31985.285905409386,False,False,False,False,1661.2450443684722,False,False,False,False
2025-03-26 17:00:00+00:00,3.685,3.71,3.685,3.695,3460.0,,,,3.483757636033137,3.322683505766865,3.3562197675238523,3.3535220169716764,3.3427724085654713,3.324560099572791,3.2911672918935655,3.483757636033137,,3.3535261037610513,"rgba(38, 166, 154, 0.75)",0.18935040685610133,3.359956619950396,1.7694357546547204,74.57861757247112,21.13730316392916,True,False,True,False,False,11.393873857724884,0.0,0.0,0.0,0.0,0,0.8434370057986295,0.8982604111755401,False,False,False,False,0.26702783303402644,0.2645326404271241,False,False,False,False,-21099.0,-31816.50627896893,False,False,False,False,1689.1327180991937,False,False,False,False
2025-03-27 17:00:00+00:00,3.7,3.78,3.69,3.775,12724.0,,,,3.542337387763625,3.3738257947749455,3.3815347452309554,3.3787867007312484,3.3671722989000306,3.344825555392694,3.3085310505949646,3.542337387763625,,3.385287647626924,"rgba(38, 166, 154, 0.75)",0.19273767356385035,3.394455361925106,1.9744175128731465,75.33776933367997,21.13730316392916,True,False,True,False,False,13.36960692027569,0.0,0.0,0.0,0.0,0,0.8497109826589595,0.8891224382553861,False,False,False,False,0.30106358359246044,0.28279811200979227,False,False,False,False,-8375.0,-31453.07207309344,False,False,False,False,1860.2159317720743,False,False,False,False
2025-03-28 17:00:00+00:00,3.935,4.0,3.895,3.995,1930.0,,,,3.5560166728397142,3.3843771213947886,3.387176832464898,3.384405997635745,3.3725634778208313,3.349279684680148,3.3122818063911077,3.5560166728397142,,3.3923002276038905,"rgba(38, 166, 154, 1.0)",0.20572694664669258,3.4019957439620536,2.882482172140283,78.32718893146901,22.38904401047799,True,False,True,False,True,18.310846500183118,0.0,0.0,0.0,0.0,0,0.8653945332645694,0.8798349664775659,False,False,False,False,0.3428281768596329,0.3128131444347126,False,False,False,False,-6445.0,-31065.35002544858,False,False,False,False,1861.2978553104917,False,False,False,False
2025-03-31 17:00:00+00:00,3.895,3.97,3.885,3.91,3669.0,,,,3.5772888092557653,3.4020572381815093,3.3968521095027113,3.3940481338179156,3.381843774471416,3.3570099175967107,3.3188460860936115,3.5772888092557653,,3.4039922955599486,"rgba(38, 166, 154, 1.0)",0.215900022741579,3.4146066644518003,2.2945497145276343,76.87084183297453,22.38904401047799,True,False,True,False,True,15.451754448967456,0.0,0.0,0.0,0.0,0,0.8659160696008189,0.8812691914022516,False,False,False,False,0.3273947920860342,0.3201039682603734,False,False,False,False,-10114.0,-30740.522893271085,False,False,False,False,1889.3242451506392,False,False,False,False
2025-04-01 17:00:00+00:00,3.96,3.975,3.865,3.935,2599.0,,,,3.591050898993899,3.4139691756209585,3.4035386982325377,3.4007133702995285,3.388269508259401,3.362392208193114,3.323436328142074,3.591050898993899,,3.411910026820216,"rgba(38, 166, 154, 1.0)",0.22691235359982212,3.4231533256137467,2.2557021081758086,76.23873151863339,22.38904401047799,True,False,True,False,True,15.994360382455728,0.0,0.0,0.0,0.0,0,0.8651115618661259,0.8818458417849897,False,False,False,False,0.3216462358607317,0.3208751020605526,False,False,False,False,-7515.0,-30380.43726701882,False,False,False,False,1900.3269700320245,False,False,False,False
2025-04-02 17:00:00+00:00,3.975,4.025,3.955,4.01,1885.0,,,,3.602369543011947,3.423439397727829,3.4089354555839804,3.406090388232872,3.3934453350423164,3.3667216718086888,3.3271137432747024,3.602369543011947,,3.4183022192403336,"rgba(38, 166, 154, 1.0)",0.24103521106462317,3.4689079085863,2.2448674159421014,76.78822193206737,22.38904401047799,True,False,True,False,True,17.595598573180084,0.0,0.0,0.0,0.0,0,0.8726082578046326,0.876636455186304,False,False,False,False,0.3428281801640133,0.33185164111228294,False,False,False,False,-5630.0,-29996.709557452636,False,False,False,False,1900.0893425896675,False,False,False,False
2025-04-03 17:00:00+00:00,3.805,3.815,3.725,3.735,5522.0,,,,3.6141554564157308,3.4386592184135094,3.4180066716190542,3.4151607964198716,3.4023178450229548,3.3743988052551743,3.333905280861276,3.6141554564157308,,3.4280862962867964,"rgba(38, 166, 154, 0.75)",0.24556621462603567,3.467957522780808,1.0874560966208706,68.733070301578,24.17249424429758,True,False,True,False,False,9.060657005707064,0.0,0.0,0.0,0.0,0,0.8643984220907299,0.8786982248520712,False,False,False,False,0.18657108624423718,0.25921136367826003,False,False,False,False,-11152.0,-29704.543517802205,False,False,False,False,1956.2429961929286,False,False,False,False
2025-04-04 17:00:00+00:00,3.675,3.79,3.67,3.73,2430.0,,,,3.6178838147711576,3.444371552292197,3.421530921988453,3.4186884797400623,3.4057870277586546,3.3774402926586613,3.3366316141799945,3.6178838147711576,,3.4317619576270255,"rgba(38, 166, 154, 0.75)",0.25020814758339016,3.470391040163209,1.037571966957102,63.24735432243659,19.257880834225546,True,False,True,False,False,8.917150307944208,0.0,0.0,0.0,0.0,0,0.863502935420744,0.8791585127201568,False,False,False,False,0.15930392671660143,0.20925764519743073,False,False,False,False,-13582.0,-29454.581602797516,False,False,False,False,1963.5880660193948,False,False,False,False
2025-04-07 17:00:00+00:00,3.625,3.705,3.615,3.68,2050.0,,,,3.6191733180319705,3.4479886891296596,3.4238448863880544,3.421010553177753,3.408096434863715,3.379512274104983,3.338536956619694,3.6191733180319705,,3.434023301759404,"rgba(38, 166, 154, 0.5)",0.2536574799155577,3.4713323891800227,0.8226353541375663,58.38731122522974,15.008926630472217,False,False,True,False,False,7.480325943618077,0.0,0.0,0.0,0.0,0,0.8564476885644771,0.8895377128953773,False,False,False,False,0.11212157649774306,0.1606896108475869,False,False,False,False,-15632.0,-29240.278012056468,False,False,False,False,1964.9277859260708,False,False,False,False
2025-04-08 17:00:00+00:00,3.645,3.7,3.58,3.64,2055.0,,,,3.6197109377617003,3.4510704076850995,3.4258710910000434,3.423047060491692,3.4101362404817834,3.381369588926709,3.3402715548499646,3.6197109377617003,,3.435925268742427,"rgba(38, 166, 154, 0.5)",0.256287282499865,3.47206455814116,0.6552624859913937,54.198362696538254,11.36510523025045,False,False,True,False,False,6.343381896684615,0.0,0.0,0.0,0.0,0,0.8545979778526723,0.8883004333172847,False,False,False,False,0.09874066100695766,0.1297151359272723,False,False,False,False,-17687.0,-29061.157422722255,False,False,False,False,1966.3242543613255,False,False,False,False
2025-04-09 17:00:00+00:00,3.545,3.74,3.54,3.59,3058.0,,,,3.619844938265632,3.455088623269108,3.4285876015025747,3.42578088640516,3.412890727213064,3.3839099212302868,3.3426746389787305,3.619844938265632,,3.4383967624092224,#000000,0.25808438455192123,3.47314125098383,0.4527927918578123,50.24485854411006,7.869163153937194,False,True,False,False,False,4.937899555460362,0.0,0.0,0.0,0.0,0,0.8532891623284432,0.8878371982962613,False,False,False,False,0.09874066100695766,0.11422789846711498,False,False,False,False,-20745.0,-28932.224749501755,False,False,False,False,1983.2494597200646,False,False,False,False
2025-04-10 17:00:00+00:00,3.555,3.62,3.5,3.555,2977.0,,,,3.6177067594549475,3.457381067810306,3.4303022850428975,3.4275191508856313,3.414697335736676,3.385674618009299,3.344442391601641,3.6177067594549475,,3.4396748012201996,"rgba(239, 83, 80, 1.0)",0.25932167231013326,3.4728511564957376,0.31678356372010985,46.81218989600039,4.767628914958976,False,True,False,True,False,3.9633571587479572,0.0,0.0,0.0,0.0,0,0.8514526710403,0.8997188378631679,False,False,False,False,0.04552009854361421,0.0798739985053646,False,False,False,False,-23722.0,-28851.446071214905,False,False,False,False,1998.6564448406837,False,False,False,False
2025-04-11 17:00:00+00:00,3.485,3.495,3.425,3.445,1712.0,,,3.455,3.6145180012592304,3.457351047351122,3.4304885728468157,3.4277248442452715,3.414983186813488,3.386075635220976,3.344961102859096,3.6145180012592304,,3.4413877988244996,"rgba(239, 83, 80, 1.0)",0.25964733531991646,3.475131079833555,-0.11604617392445082,42.30746438798907,0.6070844188345674,False,True,False,True,False,0.9922660795641924,0.0,0.0,0.0,0.0,0,0.8408562121917172,0.9101907864122849,False,False,False,False,-0.020679670113399724,0.029597164195982437,False,False,False,False,-25434.0,-28798.462411196066,False,False,False,False,1994.2121588741616,False,False,False,False
2025-04-14 17:00:00+00:00,3.47,3.525,3.47,3.52,3009.0,,,3.486868248252489,3.610871198707451,3.4583840432481256,3.4314634487476603,3.428728240137398,3.4160915133238112,3.3872725600313083,3.346270026791483,3.610871198707451,,3.4457436599049656,"rgba(239, 83, 80, 1.0)",0.26053707522646746,3.47609781332959,0.1685064846615349,41.82152934108142,0.05803392299148413,False,True,False,True,False,2.8802024902192187,0.0,0.0,0.0,0.0,0,0.8421787709497209,0.9124767225325888,False,False,False,False,0.004135328421099134,0.016866246308540785,False,False,False,False,-22425.0,-28699.64904047985,False,False,False,False,2009.945303697818,False,False,False,False
2025-04-15 17:00:00+00:00,3.555,3.56,3.47,3.535,1983.0,,,3.4971613961813843,3.6089556780404357,3.459275436440569,3.4322345659852442,3.4295167873967225,3.416941273964631,3.3881580949786017,3.3472103476927137,3.6089556780404357,,3.4474316975850376,"rgba(239, 83, 80, 1.0)",0.26155446610358835,3.476482024434612,0.223731509681858,41.98734807955657,-0.1294195352809311,False,True,False,True,False,3.253722223152451,0.0,0.0,0.0,0.0,0,0.8477958236658933,0.9071925754060325,False,False,False,False,0.0157155447281605,0.01629089551835064,False,False,False,False,-20442.0,-28571.623473960783,False,False,False,False,2009.5275470513402,False,False,False,False
2025-04-16 17:00:00+00:00,3.585,3.68,3.555,3.68,1914.0,,,3.5285147365978187,3.6095522008041514,3.4616772137853076,3.433921213157744,3.431212977070079,3.418647966307399,3.3897391090449247,3.3487090281513368,3.6095522008041514,,3.4527468056148454,"rgba(239, 83, 80, 0.75)",0.26451681259258086,3.479889744393636,0.7565124259779348,46.187203761109664,-0.1294195352809311,False,True,False,True,True,6.740870884225085,0.0,0.0,0.0,0.0,0,0.8593103448275864,0.893793103448276,False,False,False,False,0.0837289073429252,0.05000990143063792,False,False,False,False,-18528.0,-28415.908381341236,False,False,False,False,2008.046499810234,False,False,False,False
2025-04-17 17:00:00+00:00,3.755,3.755,3.7,3.725,2374.0,,,3.57131065016982,3.6124293130508285,3.4660137269905187,3.436862867930278,3.434160003641379,3.4215652336383955,3.392359558598699,3.3511070339824087,3.6124293130508285,,3.460726048500291,#000000,0.26788003231242546,3.48579274123967,0.8929641253788758,50.03348196427853,-7.724748252722954,False,True,False,False,True,7.775576039564076,0.0,0.0,0.0,0.0,0,0.8759761139182362,0.8870004593477262,False,False,False,False,0.15760790991296136,0.10380890567179964,False,False,False,False,-16154.0,-28225.80127465377,False,False,False,False,2013.7201974875948,False,False,False,False
2025-04-18 17:00:00+00:00,3.725,3.725,3.725,3.725,0.0,,,3.57131065016982,3.6124293130508285,3.4660137269905187,3.436862867930278,3.434160003641379,3.4215652336383955,3.392359558598699,3.3511070339824087,3.6124293130508285,,3.460726048500291,"rgba(38, 166, 154, 0.5)",0.27128569429279215,3.48579274123967,0.8817540467215323,52.59766743305777,-5.104371011747084,False,False,True,False,True,7.775576039564076,0.0,0.0,0.0,0.0,0,0.8782849239280774,0.8875057630244353,False,False,False,False,0.15591279190962823,0.12986084879071394,False,False,False,False,-16154.0,-28038.641564969214,False,False,False,False,1982.4997293094925,False,False,False,False
2025-04-21 17:00:00+00:00,3.55,3.57,3.51,3.56,3534.0,,,3.565315067235761,3.6101091821488365,3.4679317994719656,3.4384811583565478,3.435806108606339,3.4233045034199856,3.394125644214432,3.3529367747925214,3.6101091821488365,,3.4610012797807985,#000000,0.27197025539535413,3.4857428734878857,0.2730339992664611,49.63381334335124,-5.104371011747084,False,True,False,False,True,3.2471855025316856,0.0,0.0,0.0,0.0,0,0.8775510204081632,0.8861678004535148,False,False,False,False,0.03226679626993861,0.08106382253032628,False,False,False,False,-19688.0,-27909.17425388442,False,False,False,False,2006.553997072136,False,False,False,False
2025-04-22 17:00:00+00:00,3.635,3.66,3.61,3.645,1759.0,,,3.5732020264046667,3.610596254218665,3.4699252571605936,3.439936527190705,3.4372703433649265,3.4247822695229413,3.395508947519266,3.3542597160403065,3.610596254218665,,3.463185167677759,#000000,0.27303496129632265,3.4874916347934843,0.5768798415363852,49.97322313665997,-5.104371011747084,False,True,False,False,True,5.252934161209467,0.0,0.0,0.0,0.0,0,0.8806843764070239,0.8829356145880234,False,False,False,False,0.09540111658130364,0.08823246955581496,False,False,False,False,-17929.0,-27754.442870103263,False,False,False,False,2002.7159506059013,False,False,False,False
2025-04-23 17:00:00+00:00,3.67,3.78,3.65,3.675,5251.0,,,3.6045248266468546,3.6150580493069238,3.4777452322350833,3.4455052309986303,3.4428561437248453,3.4303485361265724,3.4005998773423194,3.359001459077386,3.6150580493069238,,3.471954919432327,#000000,0.27405163253900094,3.495122250140315,0.6563644529068295,50.96774216409818,-5.104371011747084,False,True,False,False,True,5.948101637849849,0.0,0.0,0.0,0.0,0,0.8875000000000002,0.8723214285714287,False,False,False,False,0.14914109940324388,0.11868678447952942,False,False,False,False,-12678.0,-27520.699569791585,False,False,False,False,2053.0769436197634,False,False,False,False
2025-04-24 17:00:00+00:00,3.695,3.72,3.67,3.68,843.0,,,3.6077446117640046,3.6156428937315246,3.4788888959907296,3.4463375208467095,3.4436915445028973,3.431183836109573,3.4013703874485337,3.359725162382434,3.6156428937315246,,3.4730731065970506,"rgba(38, 166, 154, 0.5)",0.27495016747510603,3.496136550001153,0.6687155410279725,51.76688138634833,-4.749226803086138,False,True,True,False,True,6.064950978465323,0.0,0.0,0.0,0.0,0,0.8864452423698386,0.8792639138240576,False,False,False,False,0.13563770970773675,0.12716224709363308,False,False,False,False,-11835.0,-27277.51042917466,False,False,False,False,2034.3160607729453,False,False,False,False
2025-04-25 17:00:00+00:00,3.635,3.65,3.605,3.625,627.0,,,3.608260308904923,3.6157065105676693,3.4794787614882363,3.446792941498703,3.4441504112354124,3.431650455066901,3.4018156482397917,3.3601585583532723,3.6157065105676693,,3.4735016994193635,#000000,0.2734740958136169,3.496526769980333,0.4697820816902028,50.57406605850015,-4.749226803086138,False,True,False,False,True,4.5539013265091945,0.0,0.0,0.0,0.0,0,0.8860475549573801,0.8820098698968147,False,False,False,False,0.0903957513921159,0.10877899924287449,False,False,False,False,-12462.0,-27047.812593063423,False,False,False,False,2012.4972071175507,False,False,False,False
2025-04-28 17:00:00+00:00,3.635,3.685,3.61,3.66,707.0,,,3.6095544637962296,3.615938997402978,3.4802502830802533,3.4473747096428693,3.444735567910787,3.432241054399426,3.402371202757571,3.360691251286956,3.615938997402978,,3.474144691284634,#000000,0.27323265010074343,3.497115889680512,0.5961370658280822,50.90036077875719,-4.70364927665166,False,True,False,False,True,5.396375785796078,0.0,0.0,0.0,0.0,0,0.8866995073891627,0.8831168831168831,False,False,False,False,0.10375412055353478,0.10626655989820463,False,False,False,False,-11755.0,-26810.714723403526,False,False,False,False,1992.2569403405344,False,False,False,False
2025-04-29 17:00:00+00:00,3.88,3.895,3.83,3.845,2117.0,,,3.6298075235514258,3.620510691677208,3.4852337012601255,3.4508255207918483,3.4481845783088056,3.4356253201554816,3.4053759187864623,3.3633903452849787,3.620510691677208,,3.479869199977042,"rgba(38, 166, 154, 0.5)",0.2761809205953501,3.5024459807999646,1.2403247062165197,55.61661031321759,0.07524520096586684,False,False,True,False,True,9.613947938482934,0.0,0.0,0.0,0.0,0,0.8992932862190813,0.8763250883392225,False,False,False,False,0.25076649109266835,0.1785165254954365,False,False,False,False,-9638.0,-26544.47108428099,False,False,False,False,1994.1909412654873,False,False,False,False
2025-04-30 17:00:00+00:00,3.88,3.93,3.85,3.885,2051.0,,,3.6488253649438684,3.625349353440683,3.4903385281599144,3.4543702702951826,3.4517262273729474,3.439095753892462,3.4084509156269696,3.366143502879758,3.625349353440683,,3.4855374895764735,"rgba(38, 166, 154, 0.5)",0.28098462655518097,3.5078235163685956,1.3423385053321863,59.50012030018549,3.832151557347615,False,False,True,False,True,10.476549889381818,0.0,0.0,0.0,0.0,0,0.9013215859030838,0.871806167400881,False,False,False,False,0.2702253664533777,0.2243709459744071,False,False,False,False,-7587.0,-26250.55680390454,False,False,False,False,1995.0717018660223,False,False,False,False
2025-05-01 17:00:00+00:00,3.845,3.88,3.805,3.81,2054.0,,,3.6613710817883187,3.629015931520994,3.494613194317422,3.457407009748025,3.4547634086793177,3.4420866205985874,3.4111323799623468,3.368575818395033,3.629015931520994,,3.4898706806262556,"rgba(38, 166, 154, 0.5)",0.28405168607201486,3.512011987414435,1.0490626431628258,59.44194399235565,3.9138500448731577,False,False,True,False,True,8.372181914331748,0.0,0.0,0.0,0.0,0,0.8979771328056291,0.8755496921723835,False,False,False,False,0.23673130015943528,0.2305511230669212,False,False,False,False,-9641.0,-25993.04429531687,False,False,False,False,1995.9853188913553,False,False,False,False
2025-05-02 17:00:00+00:00,3.89,3.92,3.88,3.895,852.0,,,3.6679287794631934,3.630986715909417,3.496699603304584,3.458874186841842,3.456229357382984,3.4435239209770265,3.412409458468575,3.3697214755475686,3.630986715909417,,3.4920466872368987,"rgba(38, 166, 154, 1.0)",0.2881171089478418,3.51412618002485,1.3219410029693857,61.1770056107497,5.786049128354556,True,False,True,False,True,10.216643983734429,0.0,0.0,0.0,0.0,0,0.8960526315789474,0.8706140350877195,False,False,False,False,0.27735042272168287,0.253950772894302,False,False,False,False,-8789.0,-25726.31492639723,False,False,False,False,1978.2491123969155,False,False,False,False
2025-05-05 17:00:00+00:00,3.875,3.905,3.86,3.86,1003.0,,,3.674462042571039,3.6330708432325958,3.4989872185210884,3.4604978823999297,3.457852317528519,3.445118177531533,3.413832538947403,3.371004590198799,3.6330708432325958,,3.4943532013663634,"rgba(38, 166, 154, 0.5)",0.2911203429065858,3.5163831936148937,1.1803256445578088,61.10233556381415,6.007318313677153,False,False,True,False,True,9.236839897473224,0.0,0.0,0.0,0.0,0,0.8885407341092212,0.8786929274843331,False,False,False,False,0.2648991356203805,0.25942495425734124,False,False,False,False,-9792.0,-25479.271284127502,False,False,False,False,1963.128971119444,False,False,False,False
2025-05-06 17:00:00+00:00,3.95,4.03,3.95,3.97,906.0,,,3.6830208078460154,3.6357524428407664,3.5016184768335044,3.462334184893148,3.459685468479465,3.446908526152693,3.415410692147075,3.372405955875295,3.6357524428407664,,3.4971420693834956,"rgba(38, 166, 154, 1.0)",0.2966361407515848,3.519111376440475,1.5200056959246846,63.24025426442276,8.324646942875596,True,False,True,False,True,11.57551729558395,0.0,0.0,0.0,0.0,0,0.892382639503986,0.8649247121346326,False,False,False,False,0.3428281801640133,0.30112656721067727,False,False,False,False,-8886.0,-25222.01126421855,False,False,False,False,1946.7393746679797,False,False,False,False
2025-05-07 17:00:00+00:00,3.985,3.985,3.91,3.93,1598.0,,,3.6950729476487627,3.6398283404342844,3.5057949998713167,3.4652852756245283,3.4626329821499873,3.4497944347106624,3.417970355895644,3.374694593719705,3.6398283404342844,,3.5013842412568614,"rgba(38, 166, 154, 1.0)",0.300449258206358,3.5232986859319353,1.3536439280829564,63.21760728195374,8.611181909319058,True,False,True,False,True,10.447980616734075,0.0,0.0,0.0,0.0,0,0.8864042933810375,0.8810375670840789,False,False,False,False,0.31158642182685664,0.30635649451876695,False,False,False,False,-10484.0,-24993.514965548493,False,False,False,False,1941.3325626576234,False,False,False,False
2025-05-08 17:00:00+00:00,3.975,4.015,3.945,3.99,2585.0,,,3.715278297495413,3.6470756952492898,3.513015869766138,3.4703938020632665,3.467733593035535,3.454781681100724,3.4223839594274503,3.3786273218334206,3.6470756952492898,,3.5086612774964046,"rgba(38, 166, 154, 1.0)",0.30543731755459896,3.5305374568069654,1.504277692299019,64.40475923525537,10.0617521294999,True,False,True,False,True,11.709629206654572,0.0,0.0,0.0,0.0,0,0.8916629514043695,0.8626839054837275,False,False,False,False,0.3354210561278989,0.32088877532333293,False,False,False,False,-7899.0,-24728.483725772545,False,False,False,False,1951.3119027714586,False,False,False,False
2025-05-09 17:00:00+00:00,4.545,4.655,4.515,4.64,5499.0,,,3.8305129627007726,3.688150681008065,3.5469946387990023,3.4936714678921934,3.490914259694397,3.4771749443349256,3.4416755192211337,3.395233146760036,3.688150681008065,,3.545540952551316,"rgba(38, 166, 154, 1.0)",0.33286751686485977,3.567358198279443,3.2224285860732884,71.22166219434587,16.539272767714266,True,False,True,False,True,20.0,0.0,0.0,0.0,0.0,0,0.8971210838272652,0.8602878916172737,False,False,False,False,0.34282820790628504,0.33185849161480896,False,False,False,False,-2400.0,-24382.305683512503,False,False,False,False,2006.31481900756,False,False,False,False
2025-05-12 17:00:00+00:00,4.805,4.83,4.785,4.795,16794.0,,,4.106615600847247,3.8174769073185337,3.6561759044124895,3.5709985854949364,3.5679300568979273,3.5517019589208862,3.5063795012544094,3.451223227434806,3.8174769073185337,,3.6535627178226546,"rgba(38, 166, 154, 1.0)",0.3644850124824314,3.6785122124901313,3.0631925848080916,76.40929449029726,21.178232725775047,True,False,True,False,True,20.0,0.0,0.0,0.0,0.0,0,0.9076793957196811,0.8598405371380613,False,False,False,False,0.3428282136078146,0.33734335261131176,False,False,False,False,14394.0,-23781.122649659595,False,False,False,False,2235.5812559221713,False,False,False,False
2025-05-13 17:00:00+00:00,4.795,4.89,4.795,4.825,3435.0,,,4.146670633209279,3.841091860595841,3.6767928686915954,3.5861011837560373,3.582977740947909,3.5663041687481174,3.5191845240597255,3.462400120717069,3.841091860595841,,3.6726903875906967,"rgba(38, 166, 154, 1.0)",0.3936325057074725,3.6985522783857228,2.861673528688191,79.98659851246865,24.2558985200602,True,False,True,False,True,20.0,0.0,0.0,0.0,0.0,0,0.9111389236545683,0.8485607008760953,False,False,False,False,0.34282821437984995,0.34008578349558083,False,False,False,False,17829.0,-23136.004469044718,False,False,False,False,2254.1768953652386,False,False,False,False
2025-05-14 17:00:00+00:00,4.945,4.975,4.93,4.95,7584.0,,,4.2336488771115,3.8951403951213046,3.7241264576581528,3.621153962446368,3.617903706993625,3.600212033292776,3.548994573394541,3.4884621907686912,3.8951403951213046,,3.7162052745983702,"rgba(38, 166, 154, 1.0)",0.4249456987037763,3.83026354142989,2.6350106895673346,82.85280084006061,26.744940148742117,True,False,True,False,True,20.0,0.0,0.0,0.0,0.0,0,0.9146039603960395,0.8403465346534654,False,False,False,False,0.3428282166267424,0.34145700006116164,False,False,False,False,25413.0,-22383.306725338596,False,False,False,False,2336.8098117161653,False,False,False,False
2025-05-15 17:00:00+00:00,4.93,4.935,4.765,4.78,7674.0,,,4.292093859029517,3.9388601679020803,3.764047631405116,3.6516728686876023,3.648329145865997,3.6298526443087438,3.575343708317993,3.5117462878105963,3.9388601679020803,,3.7514932891659556,"rgba(38, 166, 154, 1.0)",0.4445297951079685,3.861922202699859,2.065278429935515,80.43408575701397,26.744940148742117,True,False,True,False,True,20.0,0.0,0.0,0.0,0.0,0,0.9037127702978376,0.8441452468380253,False,False,False,False,0.3045650289202169,0.32301101449068925,False,False,False,False,17739.0,-21761.255458279084,False,False,False,False,2419.55694641824,False,False,False,False
2025-05-16 17:00:00+00:00,4.945,4.955,4.89,4.895,12278.0,,,4.376710282551058,4.006923503578214,3.826981605699216,3.700786443884319,3.6973010127508235,3.6776335596259244,3.618081016465006,3.549707321825769,4.006923503578214,,3.8067655932975413,"rgba(38, 166, 154, 0.75)",0.46587326699532194,3.9182926896418033,2.0965085991251002,79.6381666271423,26.744940148742117,True,False,True,False,False,20.0,0.0,0.0,0.0,0.0,0,0.9090541632983026,0.8326596604688764,False,False,False,False,0.33153339406555277,0.327272204278121,False,False,False,False,30017.0,-20958.491807763126,False,False,False,False,2572.4010247683445,False,False,False,False
2025-05-19 17:00:00+00:00,4.69,4.76,4.69,4.725,1437.0,,,4.382175365800394,4.012745975409512,3.832700302083565,3.705431645215387,3.701936404754656,3.6821772086807583,3.622203689208663,3.5534211228437442,4.012745975409512,,3.8115989642495847,"rgba(38, 166, 154, 0.75)",0.48223584936668484,3.9226248710878417,1.6638645384118758,75.38582483843857,31.86981391918215,True,False,True,False,False,19.95246704251213,0.0,0.0,0.0,0.0,0,0.9062250598563448,0.8363926576217081,False,False,False,False,0.2590351208797124,0.29315366257891673,False,False,False,False,28580.0,-20190.45317508463,False,False,False,False,2554.7979081052695,False,False,False,False
2025-05-20 17:00:00+00:00,4.845,4.85,4.805,4.84,3593.0,,,4.399144697901016,4.029018772306285,3.848357084903686,3.718059986164641,3.714535092565578,3.694511840018635,3.6333628215564473,3.5634411645994915,4.029018772306285,,3.825053932501972,"rgba(38, 166, 154, 0.75)",0.5009290917434807,3.9357584549669005,1.805128829483415,73.63482673205847,30.13602615260308,True,False,True,False,False,20.0,0.0,0.0,0.0,0.0,0,0.908220271348763,0.8367916999201916,False,False,False,False,0.29628382314335583,0.2947187428611363,False,False,False,False,32173.0,-19378.616691749983,False,False,False,False,2570.8940645687535,False,False,False,False
2025-05-21 17:00:00+00:00,4.825,4.83,4.735,4.76,8535.0,,,4.430076978953729,4.062643890622882,3.8816180719395423,3.7454818879127787,3.7419027770638493,3.721368755351307,3.6578476221826866,3.5855891109254854,4.062643890622882,,3.8533161368690325,"rgba(38, 166, 154, 0.75)",0.5150011632979012,3.9627332450625885,1.548087289418867,70.79937224331007,27.33508375338039,True,False,True,False,False,19.605045653727093,0.0,0.0,0.0,0.0,0,0.8995176848874599,0.8404340836012864,False,False,False,False,0.2798379265873573,0.2872783347242468,False,False,False,False,23638.0,-18711.69240195541,False,False,False,False,2663.36082325761,False,False,False,False
2025-05-22 17:00:00+00:00,4.745,4.79,4.695,4.7,2781.0,,,4.437866055022898,4.072279361758235,3.891406382501123,3.7537209282463864,3.750128405027057,3.7294586818043935,3.6652764864071283,3.59235548926802,4.072279361758235,,3.8615614737544046,"rgba(38, 166, 154, 0.75)",0.5260394429085036,3.970469249751851,1.386836595777933,67.67624602530884,24.28492943407292,True,False,True,False,False,18.181517434592728,0.0,0.0,0.0,0.0,0,0.8948004836759371,0.8512696493349456,False,False,False,False,0.26534245485161,0.2763103947879284,False,False,False,False,20857.0,-18098.224302700288,False,False,False,False,2665.1846864629183,False,False,False,False
2025-05-23 17:00:00+00:00,4.65,4.69,4.6,4.61,3940.0,,,4.444840138610933,4.0835535500564415,3.9033619831713735,3.764044925243751,3.7604407769829087,3.739630966832811,3.6747016427092882,3.601015450091601,4.0835535500564415,,3.8714486792123886,"rgba(38, 166, 154, 0.5)",0.5342263750694204,4.0354153964208095,1.07554518158061,63.8035081624417,20.581820036305942,False,False,True,False,False,16.08374750757376,0.0,0.0,0.0,0.0,0,0.8861167002012073,0.8591549295774651,False,False,False,False,0.2304486659764228,0.2533795303821756,False,False,False,False,16917.0,-17555.352608084777,False,False,False,False,2684.9492649673693,False,False,False,False
2025-05-26 17:00:00+00:00,4.61,4.61,4.61,4.61,0.0,,,4.444840138610933,4.0835535500564415,3.9033619831713735,3.764044925243751,3.7604407769829087,3.739630966832811,3.6747016427092882,3.601015450091601,4.0835535500564415,,3.8714486792123886,"rgba(38, 166, 154, 0.5)",0.5424408632192852,4.0354153964208095,1.059257593849288,61.22168292053027,18.095607061295183,False,False,True,False,False,16.08374750757376,0.0,0.0,0.0,0.0,0,0.8843509906995554,0.8685806712494947,False,False,False,False,0.2180601105097574,0.2357198204459665,False,False,False,False,16917.0,-17020.89752888966,False,False,False,False,2643.3221445802783,False,False,False,False
2025-05-27 17:00:00+00:00,4.735,4.835,4.69,4.825,4935.0,,,4.459320079632006,4.1007341120790155,3.920771684994462,3.778812407156236,3.775184684329458,3.754138673727102,3.688058422767562,3.613208089365146,4.1007341120790155,,3.8862785192563734,"rgba(38, 166, 154, 0.5)",0.5543473396463322,4.0542346474542015,1.3904014638864126,62.563337981502634,18.095607061295183,False,False,True,False,False,19.20798420103904,0.0,0.0,0.0,0.0,0,0.885226370135028,0.8586179507545673,False,False,False,False,0.27257621656270603,0.25414801850433627,False,False,False,False,21852.0,-16418.21694704641,False,False,False,False,2678.852033811592,False,False,False,False
2025-05-28 17:00:00+00:00,4.74,4.745,4.66,4.675,3174.0,,,4.465586070852104,4.109946085417676,3.930478670271655,3.7872553664921464,3.783618182747747,3.7624607579293725,3.6957881969511237,3.6203249155802815,4.109946085417676,,3.894432280780263,"rgba(38, 166, 154, 0.5)",0.5606709060267511,4.060966283407075,1.0951767070353877,60.39148573050308,17.080278756790264,False,False,True,False,False,15.780860103758961,0.0,0.0,0.0,0.0,0,0.8775590551181105,0.8618110236220474,False,False,False,False,0.25095513917422724,0.25255157883928175,False,False,False,False,18678.0,-15874.089552518559,False,False,False,False,2686.528746465676,False,False,False,False
2025-05-29 17:00:00+00:00,4.645,4.695,4.64,4.685,4588.0,,,4.473327282621055,4.122327333081061,3.943729852009389,3.798924326708536,3.7952764473537655,3.773979984858173,3.7065339000512725,3.6302593658065807,4.122327333081061,,3.9055448115612297,"rgba(38, 166, 154, 0.5)",0.5671136578331489,4.069940636212472,1.0845433808411027,59.09687952997514,15.580041291576734,False,False,True,False,False,15.92704868581809,0.0,0.0,0.0,0.0,0,0.8750000000000001,0.8738132911392407,False,False,False,False,0.2384493727112441,0.24550047577526293,False,False,False,False,23266.0,-15267.26645868106,False,False,False,False,2716.0089209390762,False,False,False,False
2025-05-30 17:00:00+00:00,4.715,4.75,4.715,4.72,2505.0,,,4.478411936544324,4.129512528754129,3.95129776234152,3.8055593110530377,3.801904399337576,3.7805243997806346,3.712629960059922,3.6358866205822404,4.129512528754129,,3.911965864806673,"rgba(38, 166, 154, 0.5)",0.5733394117632888,4.075929312029288,1.1233671970846917,58.807459311037164,14.928632614669695,False,False,True,False,False,16.44331031114307,0.0,0.0,0.0,0.0,0,0.8917731629392971,0.8686102236421726,False,False,False,False,0.2617357683328107,0.25361812205403683,False,False,False,False,25771.0,-14631.014265523214,False,False,False,False,2712.7374648004857,False,False,False,False
2025-06-02 17:00:00+00:00,4.855,4.865,4.795,4.825,5461.0,,,4.492988880582593,4.1471204850777825,3.9693599316657053,3.8212329640376335,3.817557150370236,3.795957875487514,3.726954632372533,3.649061401166155,4.1471204850777825,,3.927529165095019,"rgba(38, 166, 154, 0.5)",0.581113896203105,4.092237108751011,1.2609626030916348,60.25490709441232,14.928632614669695,False,False,True,False,False,17.969072297871822,0.0,0.0,0.0,0.0,0,0.8884920634920636,0.8650793650793651,False,False,False,False,0.29720199050491714,0.275410056279477,False,False,False,False,31232.0,-13919.95978078642,False,False,False,False,2755.346186276447,False,False,False,False
2025-06-03 17:00:00+00:00,4.82,4.87,4.805,4.845,14663.0,,,4.527898311092816,4.191026190085192,4.0149811850051815,3.86149575805601,3.8577754081180076,3.8356775318418035,3.7640466163488275,3.6833735707955992,4.191026190085192,,3.96703432141793,"rgba(38, 166, 154, 0.5)",0.5875803414492783,4.194425319244544,1.1072097462464456,61.52233695820857,14.928632614669695,False,False,True,False,False,18.256442316188927,0.0,0.0,0.0,0.0,0,0.8951548848292296,0.8606036536934074,False,False,False,False,0.299959423006761,0.287684739643119,False,False,False,False,45895.0,-12992.596063254847,False,False,False,False,2939.9609740861147,False,False,False,False
2025-06-04 17:00:00+00:00,4.7,4.71,4.645,4.675,6741.0,,,4.534474532665338,4.204773213683325,4.0305459903479415,3.8760422854490617,3.872320902358925,3.850133567250268,3.7778173032728657,3.696358008291996,4.204773213683325,,3.980308225414965,"rgba(38, 166, 154, 0.5)",0.5900085890350478,4.200853157212421,0.8036270176389131,58.297766826870614,13.67057634580324,False,False,True,False,False,14.351404421575317,0.0,0.0,0.0,0.0,0,0.8860510805500983,0.8675834970530452,False,False,False,False,0.24201482445639505,0.26484978204975707,False,False,False,False,39154.0,-12184.121705685004,False,False,False,False,2998.8918116971827,False,False,False,False
2025-06-05 17:00:00+00:00,4.695,4.73,4.68,4.715,929.0,,,4.53552726087665,4.206730009871668,4.032736127536232,3.8780840729503083,3.8743623796781606,3.852161768309797,3.7797482872543124,3.6981778153735174,4.206730009871668,,3.9821909652313305,"rgba(38, 166, 154, 0.5)",0.5914547875922203,4.202106612107357,0.8671726033034631,56.91890813029997,12.151062202528216,False,True,True,False,False,14.955085597207496,0.0,0.0,0.0,0.0,0,0.8880567599527002,0.8707134410721326,False,False,False,False,0.2518513134584995,0.25835054775412825,False,False,False,False,40083.0,-11373.778733503841,False,False,False,False,2966.8004657793967,False,False,False,False
2025-06-06 17:00:00+00:00,4.825,4.83,4.78,4.805,3476.0,,,4.541497186123735,4.215304068540141,4.041961593625133,3.8865149251322952,3.882788476064952,3.860513612243748,3.78764761752769,3.7055753152221214,4.215304068540141,,3.990225349309977,"rgba(38, 166, 154, 0.5)",0.5932148783466953,4.209307278242776,1.0041769744842441,57.65584513316084,12.151062202528216,False,False,True,False,False,16.296633954794043,0.0,0.0,0.0,0.0,0,0.8900235663786331,0.8688138256087983,False,False,False,False,0.28804191939104745,0.2731962335725878,False,False,False,False,43559.0,-10522.107745387502,False,False,False,False,2974.6950322014213,False,False,False,False
2025-06-09 17:00:00+00:00,4.785,4.795,4.69,4.705,5319.0,,,4.547677968191345,4.226349152556049,4.054313055119616,3.8980935200430817,3.8943659067961867,3.8720213485084485,3.7986283923517092,3.7159462595625192,4.226349152556049,,4.000924450391119,"rgba(38, 166, 154, 0.5)",0.5918752607807806,4.2172452701063134,0.8240836578475305,55.79530584254083,10.643248563351797,False,True,True,False,False,14.041086506407083,0.0,0.0,0.0,0.0,0,0.8811106765741104,0.8752444270629643,False,False,False,False,0.26534245485161,0.2692693442120989,False,False,False,False,38240.0,-9766.106074916379,False,False,False,False,3011.0408456556625,False,False,False,False
2025-06-10 17:00:00+00:00,4.805,4.835,4.77,4.82,2155.0,,,4.55109522940431,4.231365495017692,4.059757564081085,3.9031278643113123,3.8993982527142714,3.877015278152464,3.803372842908736,3.720408515098842,4.231365495017692,,4.005692630211089,"rgba(38, 166, 154, 0.5)",0.591942229954576,4.221526056093051,1.0110343773798238,56.691301628723465,10.643248563351797,False,True,True,False,False,15.758577409096844,0.0,0.0,0.0,0.0,0,0.8899297423887588,0.8649492583918814,False,False,False,False,0.2871285176057724,0.27819893090893566,False,False,False,False,40395.0,-8988.41450786341,False,False,False,False,2997.768894560226,False,False,False,False
2025-06-11 17:00:00+00:00,4.835,4.865,4.815,4.83,3621.0,,,4.5572504603284205,4.240006892998842,4.069070566191392,3.9117236055380102,3.90799007955093,3.8855392457477023,3.811467176065743,3.7280179619637863,4.240006892998842,,4.013883248548103,"rgba(38, 166, 154, 0.5)",0.5919765563290794,4.229162212724676,1.0149688882971895,57.46733738237675,10.643248563351797,False,True,True,False,False,15.906309357565963,0.0,0.0,0.0,0.0,0,0.8966055403823646,0.8544674209910261,False,False,False,False,0.3008795504627841,0.2895392406858599,False,False,False,False,44016.0,-8166.640639524442,False,False,False,False,3007.431392318982,False,False,False,False
2025-06-12 17:00:00+00:00,4.79,4.795,4.755,4.78,3698.0,,,4.561976316392341,4.247718834317127,4.077628302193268,3.9197813233708523,3.916047038719327,3.8935502074419803,3.8191275881261326,3.735268059014301,4.247718834317127,,4.0213872086969165,"rgba(38, 166, 154, 0.5)",0.589645450043286,4.235391690507327,0.9236199642559673,56.652465326200414,10.643248563351797,False,True,True,False,False,14.76423025058454,0.0,0.0,0.0,0.0,0,0.8988281250000002,0.8546875,False,False,False,False,0.27711145135305587,0.2833253460194579,False,False,False,False,40318.0,-7414.940784648094,False,False,False,False,3018.1378823605482,False,False,False,False
2025-06-13 17:00:00+00:00,4.8,4.805,4.725,4.735,2202.0,,,4.564420525294812,4.2520227467419796,4.082471525998661,3.9243889011368935,3.9206550031719587,3.8981369742223246,3.823529633332194,3.739448922378748,4.2520227467419796,,4.025634279034696,"rgba(38, 166, 154, 0.5)",0.5863914459880195,4.238761040953317,0.8462588641799893,54.93236925170153,8.933668989650975,False,True,True,False,False,13.740371989373166,0.0,0.0,0.0,0.0,1,0.8997659906396256,0.8490639625585025,False,False,False,False,0.27348238294993893,0.27840386448469845,False,False,False,False,38116.0,-6709.034725971379,False,False,False,False,3005.484581858834,False,False,False,False
2025-06-16 17:00:00+00:00,4.795,4.8,4.75,4.76,2853.0,,,4.56773889338365,4.257654736678964,4.088782231530813,3.9303900515160035,3.9266565121697106,3.90411040268322,3.829262748311914,3.7448943630451548,4.257654736678964,,4.031186242414929,"rgba(38, 166, 154, 0.5)",0.5807774922425006,4.243307238952541,0.8896569993654582,54.40907710729615,8.20477751991163,False,True,True,False,False,14.133934008055224,0.0,0.0,0.0,0.0,1,0.908803789972365,0.8495854717726018,False,False,False,False,0.27711145135305587,0.2777576579188772,False,False,False,False,40969.0,-5969.840389134613,False,False,False,False,3003.120479814511,False,False,False,False
2025-06-17 17:00:00+00:00,4.81,4.81,4.755,4.76,1386.0,,,4.569351512429712,4.260373085195379,4.091828571581094,3.93329198035682,3.9295586715636426,3.906999464657416,3.832037598022508,3.747531868264498,4.260373085195379,,4.033871594008884,"rgba(38, 166, 154, 0.5)",0.5736629342760037,4.2455257219593125,0.8968232864652202,54.06021567769256,7.6073906485500515,False,True,True,False,False,14.133934008055224,0.0,0.0,0.0,0.0,0,0.90764962346413,0.8430439952437576,False,False,False,False,0.27983792658735696,0.27879779225311707,False,False,False,False,40969.0,-5242.106429613146,False,False,False,False,2978.0488444685493,False,False,False,False
2025-06-18 17:00:00+00:00,4.765,4.795,4.72,4.725,2668.0,,,4.571968044409293,4.265242481903775,4.097377095255941,3.938636158414704,3.9349043277687326,3.9123274010688056,3.837174373558488,3.7524321718429734,4.265242481903775,,4.038757756777839,"rgba(38, 166, 154, 0.5)",0.5651837140528936,4.249342079863175,0.8415987727705638,52.69014386627376,6.073382736713711,False,True,True,False,False,13.30692645154367,0.0,0.0,0.0,0.0,1,0.9126794258373208,0.8413078149920257,False,False,False,False,0.27076519199239085,0.27478149212275393,False,False,False,False,38301.0,-4567.019508223795,False,False,False,False,2973.24188563958,False,False,False,False
2025-06-19 17:00:00+00:00,4.725,4.725,4.725,4.725,0.0,,,4.571968044409293,4.265242481903775,4.097377095255941,3.938636158414704,3.9349043277687326,3.9123274010688056,3.837174373558488,3.7524321718429734,4.265242481903775,,4.038757756777839,#000000,0.5576802177101295,4.249342079863175,0.8529223469498456,51.77676265866121,5.011090990777603,False,True,False,False,False,13.30692645154366,0.0,0.0,0.0,0.0,0,0.9114479457518947,0.8372556840845633,False,False,False,False,0.2590351208797124,0.2669083065012332,False,False,False,False,38301.0,-3902.399050731953,False,False,False,False,2927.145112218811,False,False,False,False
2025-06-20 17:00:00+00:00,4.575,4.575,4.51,4.55,2182.0,,4.545,4.571646464646465,4.267514884276149,4.100457626316786,3.941877054005704,3.9381512430141936,3.915593669481439,3.840410686883206,3.7555985714991933,4.267514884276149,,4.0973611333470155,"rgba(239, 83, 80, 1.0)",0.5516182417983264,4.288796946108067,0.47352142133731234,46.37108384881264,-0.07869581589785213,False,True,False,True,False,9.237888610463411,0.0,0.0,0.0,0.0,0,0.9084838963079341,0.840534171249018,False,False,False,False,0.19434929982454466,0.23062880316288892,False,False,False,False,36119.0,-3281.912243743861,False,False,False,False,2915.5924748200696,False,False,False,False
2025-06-23 17:00:00+00:00,4.58,4.68,4.56,4.67,2230.0,,4.591331973405863,4.5724293118807875,4.270554146453122,4.104202642320983,3.945651640246185,3.941929951386126,3.9193782415939196,3.844114102652342,3.7591813442937627,4.270554146453122,,4.105419261581455,"rgba(239, 83, 80, 1.0)",0.5458143927667569,4.29337047901732,0.6900322270241503,46.67307669138086,-0.07869581589785213,False,True,False,True,False,11.291926972106229,0.0,0.0,0.0,0.0,0,0.9121306376360809,0.8320373250388803,False,False,False,False,0.22159282107005565,0.22611081211647227,False,False,False,False,38349.0,-2636.471743840855,False,False,False,False,2904.9631341251848,False,False,False,False
2025-06-24 17:00:00+00:00,4.74,4.755,4.73,4.745,5705.0,,4.677045896346085,4.577536201899575,4.2803067354153175,4.115422016748975,3.956586217087716,3.9528695189579826,3.930295140421037,3.8546878538293257,3.7693141124437974,4.2803067354153175,,4.123784854794423,#000000,0.54272351230696,4.305933756696581,0.8090053836751527,48.86659489416981,-0.07869581589785213,False,True,False,False,True,12.536198476412014,0.0,0.0,0.0,0.0,0,0.9207766990291263,0.8322330097087381,False,False,False,False,0.26534245485161,0.24572663348404114,False,False,False,False,44054.0,-1912.5884609906095,False,False,False,False,2948.3745584023136,False,False,False,False
2025-06-25 17:00:00+00:00,4.71,4.72,4.66,4.675,1603.0,,4.678133816837316,4.578430975346669,4.282638879901449,4.118217604925116,3.9593810692102394,3.955666907408819,3.9330943599520873,3.857422179354699,3.771955521964591,4.282638879901449,,4.1261045905445535,#000000,0.5362594672508899,4.307552039950763,0.6852055441238964,48.44082099000859,-0.07869581589785213,False,True,False,False,True,10.937689569631328,0.0,0.0,0.0,0.0,0,0.9174738473459901,0.8310732274312282,False,False,False,False,0.24648015392131087,0.246103393702676,False,False,False,False,42451.0,-1224.7808879519955,False,False,False,False,2927.5160381170062,False,False,False,False
2025-06-26 17:00:00+00:00,4.635,4.65,4.605,4.62,4231.0,,4.664040081081646,4.5794323961224,4.28776828955926,4.124698887743617,3.966054355759023,3.962349703178082,3.939802239432961,3.864036453347779,3.7784013143168735,4.28776828955926,,4.129620413393516,"rgba(239, 83, 80, 1.0)",0.5279706004645969,4.309589536995769,0.587931340743368,46.79370340560319,-0.07869581589785213,False,True,False,True,False,9.697645021617621,0.0,0.0,0.0,0.0,0,0.9122196442382059,0.837200309358082,False,False,False,False,0.2242459254212029,0.23517465956193945,False,False,False,False,38220.0,-613.2338974411119,False,False,False,False,2947.725091789611,False,False,False,False
2025-06-27 17:00:00+00:00,4.645,4.66,4.61,4.65,1034.0,,4.662576587184771,4.579749032634269,4.289053285161702,4.1263044338577455,3.9677015837371465,3.9639991588218164,3.9414572808417176,3.8656671192080787,3.779989443879945,4.289053285161702,,4.130721991703022,"rgba(239, 83, 80, 1.0)",0.5211224631711951,4.310283749170973,0.651893316518628,46.639069927182994,-0.07869581589785213,False,True,False,True,False,10.217929568759626,0.0,0.0,0.0,0.0,0,0.913799768071125,0.8353304986470818,False,False,False,False,0.2269021384619556,0.2310383990119475,False,False,False,False,39254.0,4.862752131618436,False,False,False,False,2918.054935327756,False,False,False,False
2025-06-30 17:00:00+00:00,4.645,4.815,4.645,4.8,7876.0,,4.691328452864594,4.586396525400654,4.301605917468512,4.140840532487193,3.9820605123230743,3.978367373352408,3.9558159267659176,3.8796520987693826,3.7934659497766816,4.301605917468512,,4.145503698800935,#000000,0.5184897768024368,4.321814943188198,0.9222651597121228,50.468825285980856,-3.295899253753248,False,True,False,False,True,12.748429472151951,0.0,0.0,0.0,0.0,0,0.9168256390690577,0.8229683326974438,False,False,False,False,0.2608351394844161,0.2459367692481818,False,False,False,False,47130.0,735.4850350443065,False,False,False,False,2994.9223006715115,False,False,False,False
2025-07-01 17:00:00+00:00,4.78,4.815,4.77,4.79,15097.0,,4.729238408662429,4.600434164850978,4.32575197016575,4.168530851811353,4.009464085932788,4.005788303176751,3.9832227439601344,3.9063869401635047,3.819272982694086,4.32575197016575,,4.172010050157531,"rgba(38, 166, 154, 0.5)",0.517853548116926,4.343858395773398,0.8615208022594602,52.70771269193273,-1.2277034540806113,False,True,True,False,True,12.515876970639521,0.0,0.0,0.0,0.0,0,0.9329758713136732,0.8222903102259673,False,False,False,False,0.28347955291981647,0.26470816108399914,False,False,False,False,32033.0,1220.7178251986584,False,False,False,False,3182.551412289007,False,False,False,False
2025-07-02 17:00:00+00:00,4.93,5.0,4.89,4.985,11072.0,,4.77894522829708,4.617526897953844,4.347813294023275,4.192429463143741,4.0324481052443515,4.028773310290017,4.0061208295245585,3.928526402461471,3.8404685428098437,4.347813294023275,,4.197005785972021,"rgba(38, 166, 154, 0.5)",0.5208393693343857,4.366941866617617,1.1866578637713954,57.945771813307786,3.534723772978758,False,True,True,False,True,15.645854748350636,0.0,0.0,0.0,0.0,0,0.9352027283061768,0.8131868131868135,False,False,False,False,0.3399967084558137,0.3023524347699064,False,False,False,False,43105.0,1870.0865410870515,False,False,False,False,3304.8684446566194,False,False,False,False
2025-07-03 17:00:00+00:00,5.12,5.12,5.12,5.12,0.0,,4.77894522829708,4.617526897953844,4.347813294023275,4.192429463143741,4.0324481052443515,4.028773310290017,4.0061208295245585,3.928526402461471,3.8404685428098437,4.347813294023275,,4.197005785972021,"rgba(38, 166, 154, 0.5)",0.5261401776014434,4.366941866617617,1.4312880206476686,63.22422022009113,8.157364848334886,False,False,True,False,True,17.674438641927726,0.0,0.0,0.0,0.0,0,0.9434602336977009,0.8126649076517152,False,False,False,False,0.34282821960187715,0.32259032718589176,False,False,False,False,43105.0,2509.387524946167,False,False,False,False,3253.630174196827,False,False,False,False
2025-07-04 17:00:00+00:00,5.12,5.12,5.12,5.12,0.0,,4.77894522829708,4.617526897953844,4.347813294023275,4.192429463143741,4.0324481052443515,4.028773310290017,4.0061208295245585,3.928526402461471,3.8404685428098437,4.347813294023275,,4.197005785972021,"rgba(38, 166, 154, 1.0)",0.5306539141253632,4.366941866617617,1.4191135000362554,66.74318582461335,11.107391415161722,True,False,True,False,True,17.674438641927726,0.0,0.0,0.0,0.0,0,0.9468690702087288,0.8064516129032259,False,False,False,False,0.34282821960187715,0.33270927339388445,False,False,False,False,43105.0,3138.776865644676,False,False,False,False,3203.1862955271085,False,False,False,False
2025-07-07 17:00:00+00:00,4.995,5.11,4.975,5.0,10820.0,,4.822573026138507,4.635844930827149,4.370241915832054,4.216437447353705,4.055476813808776,4.051800822286475,4.029052414826425,3.9506904718002014,3.8616833901419794,4.370241915832054,,4.22153347033503,"rgba(38, 166, 154, 0.5)",0.5321461900338659,4.390292111430106,1.1457526145796373,65.14634081646047,11.107391415161722,False,False,True,False,True,14.83277887613081,0.0,0.0,0.0,0.0,0,0.9385832705350418,0.8063300678221554,False,False,False,False,0.3160794688600566,0.32439437112697056,False,False,False,False,32285.0,3590.656294084293,False,False,False,False,3321.2764304801767,False,False,False,False
2025-07-08 17:00:00+00:00,5.22,5.275,5.195,5.22,6716.0,5.23,4.862480262326323,4.65184670107351,4.387477523193199,4.234189938209143,4.072096245996012,4.068410991599179,4.045545230232327,3.9664954278471796,3.876685592981917,4.387477523193199,5.23,4.2405808792732,"rgba(38, 166, 154, 1.0)",0.5363686039276263,4.4819142844077104,1.3760792674805427,67.23325584513586,11.136803775495125,True,False,True,False,True,18.0968796284938,0.0,0.0,0.0,0.0,0,0.9409376153562201,0.7932816537467702,False,False,False,False,0.34282822138718555,0.3336112962570781,False,False,False,False,39001.0,4139.653870920196,False,False,False,False,3373.9078036510264,False,False,False,False
2025-07-09 17:00:00+00:00,5.04,5.05,4.995,5.04,2745.0,5.171488743261812,4.868864504307424,4.655945861792681,4.392685851070444,4.239834644867322,4.077594785521964,4.073910549812471,4.0510309216858476,3.971830251737859,3.8818234015281528,4.392685851070444,5.171488743261812,4.245946752480462,"rgba(38, 166, 154, 0.5)",0.5369533927129406,4.4830141794052345,1.037307572973162,64.19376557287224,11.136803775495125,False,False,True,False,False,14.062984577265013,0.0,0.0,0.0,0.0,0,0.9387829912023462,0.7987536656891497,False,False,False,False,0.2741241410750792,0.30386771866607865,False,False,False,False,36256.0,4637.581717882673,False,False,False,False,3364.1572950672894,False,False,False,False
2025-07-10 17:00:00+00:00,5.06,5.09,5.03,5.045,6379.0,5.12457702020202,4.884147788218132,4.665793580483804,4.404962689169397,4.253080604294457,4.090483268045463,4.086800956115887,4.063886894880281,3.9843307534631958,3.8938613530649717,4.404962689169397,5.12457702020202,4.258594209748399,"rgba(38, 166, 154, 0.5)",0.5383047547709386,4.491379877075271,1.0284511106729999,62.24818627214731,11.136803775495125,False,False,True,False,False,14.137734200884772,0.0,0.0,0.0,0.0,0,0.9389256806475352,0.8005886681383372,False,False,False,False,0.2860497403022606,0.2949587294841696,False,False,False,False,42635.0,5226.688978070539,False,False,False,False,3410.899042430587,False,False,False,False
2025-07-11 17:00:00+00:00,4.86,4.875,4.8,4.81,3592.0,5.069816453959105,4.881681245540218,4.668021265365562,4.409336071105384,4.258296445880451,4.095921605481651,4.0922468673626415,4.069359512985524,3.989780110713069,3.899229657090491,4.409336071105384,5.069816453959105,4.262652531280555,"rgba(38, 166, 154, 0.5)",0.5387328726819066,4.49097542858982,0.5921758028650065,56.39564622949912,13.069403109363293,False,True,True,False,False,9.185115156959576,0.0,0.0,0.0,0.0,0,0.9332123411978223,0.8065335753176045,False,False,False,False,0.21632231520742942,0.25564052234579954,False,False,False,False,39043.0,5750.972869883399,False,False,False,False,3413.706809214609,False,False,False,False
2025-07-14 17:00:00+00:00,4.855,4.885,4.825,4.86,2803.0,5.042946255902856,4.880847376662505,4.6700174790855,4.412913123233037,4.262500424015927,4.1002720459723205,4.096602761531283,4.073733320252472,3.9941258924483503,3.9035025819839615,4.412913123233037,5.042946255902856,4.2660572227983735,"rgba(38, 166, 154, 0.5)",0.5385342553117076,4.491917175233025,0.6834900865385544,53.47256103035358,10.404815793571672,False,True,True,False,False,9.969566566594537,0.0,0.0,0.0,0.0,0,0.9314369073668857,0.813274981765135,False,False,False,False,0.22172387944331984,0.2386822008945597,False,False,False,False,41846.0,6310.585693606136,False,False,False,False,3404.2384865911267,False,False,False,False
2025-07-15 17:00:00+00:00,4.785,4.86,4.775,4.79,4065.0,5.0066838403041825,4.877503422197013,4.67210800771882,4.417446121783662,4.268005775446536,4.106095967004913,4.102436195223059,4.079604412471154,4.000002574569294,3.9093211761200797,4.417446121783662,5.0066838403041825,4.27028040583717,#000000,0.5376137801215365,4.492672320995146,0.5530507029370385,50.299028322875245,7.436784811658953,False,True,False,False,False,8.546993093836786,0.0,0.0,0.0,0.0,0,0.9235807860262011,0.8165938864628821,False,False,False,False,0.21016426374359096,0.22442323231907532,False,False,False,False,37781.0,6798.499093705266,False,False,False,False,3414.4828511401015,False,False,False,False
2025-07-16 17:00:00+00:00,4.73,4.75,4.72,4.745,2976.0,4.9794051441453755,4.872958394603809,4.672832779880042,4.420116801651135,4.271453265649271,4.10988030421575,4.106229080734834,4.083436305410855,4.003883467537538,3.9132057572088446,4.420116801651135,4.9794051441453755,4.272666239654675,"rgba(239, 83, 80, 1.0)",0.5369026368359842,4.492405411795062,0.4704662835956647,47.409081802421454,4.681843788061187,False,True,False,True,False,7.639408942349007,0.0,0.0,0.0,0.0,0,0.9238892935178444,0.8201019664967226,False,False,False,False,0.18492222854549267,0.204672730432284,False,False,False,False,34805.0,7232.708410081928,False,False,False,False,3407.684667401495,False,False,False,False
2025-07-17 17:00:00+00:00,4.725,4.725,4.66,4.69,969.0,4.9701864771036535,4.871050889480066,4.672899654816085,4.420850697688688,4.2724537909558284,4.111011970718912,4.107363860767216,4.084586162248356,4.005058582798786,3.914391659330063,4.420850697688688,4.9701864771036535,4.273296363200444,"rgba(239, 83, 80, 1.0)",0.5317160896568687,4.492136234763407,0.37212296013889695,44.54241676304712,1.897338291186557,False,True,False,True,False,6.534763273366828,0.0,0.0,0.0,0.0,0,0.9163952225841479,0.8183134274339487,False,False,False,False,0.17201106206116284,0.18834189624672343,False,False,False,False,33836.0,7645.162543258953,False,False,False,False,3369.8756027906193,False,False,False,False
2025-07-18 17:00:00+00:00,4.675,4.695,4.655,4.67,1511.0,4.956061741613134,4.867859307451801,4.672902042814436,4.421910270368354,4.2739366617378725,4.112712424775502,4.109069370044925,4.086316643161664,4.006834280887542,3.9161902431705173,4.421910270368354,4.956061741613134,4.274192360490291,"rgba(239, 83, 80, 1.0)",0.5259544562888323,4.491637247930596,0.33912204742582236,42.28246620379356,-0.3782319660674176,False,True,False,True,False,6.132351124347924,0.0,0.0,0.0,0.0,0,0.9158810732414794,0.8223350253807106,False,False,False,False,0.1667113983640432,0.1775266473053833,False,False,False,False,32325.0,8027.795682123155,False,False,False,False,3341.055826003168,False,False,False,False
2025-07-21 17:00:00+00:00,4.725,4.735,4.65,4.66,2151.0,4.938654604260675,4.8636768417278455,4.672970211406807,4.423452874953179,4.276072444709616,4.115151179103347,4.111515205673589,4.088797335533918,4.009377280393175,3.918763999132984,4.423452874953179,4.938654604260675,4.275530819181608,"rgba(239, 83, 80, 1.0)",0.5187882450896842,4.491167157238005,0.3254369087194889,40.58775385625342,-2.2070417587793685,False,True,False,True,False,5.928565267892832,0.0,0.0,0.0,0.0,0,0.9185667752443,0.819037278320666,False,False,False,False,0.17201106206116307,0.1747688546832732,False,False,False,False,30174.0,8371.147687051478,False,False,False,False,3322.605348080638,False,False,False,False
2025-07-22 17:00:00+00:00,4.535,4.57,4.515,4.52,4806.0,4.888543168100294,4.847969067483402,4.670613548426841,4.4249135897666445,4.279067829928517,4.119133970092454,4.115518651767021,4.092913109623464,4.013765885935136,3.9233588938811903,4.4249135897666445,4.888543168100294,4.276361616322742,"rgba(239, 83, 80, 1.0)",0.5098851840374379,4.487034289380622,0.0646532036062397,37.09584433481618,-5.723790868381528,False,True,False,True,False,3.12524118176313,0.0,0.0,0.0,0.0,0,0.9144807761408553,0.8246496586417535,False,False,False,False,0.1268635127851335,0.15081618373420336,False,False,False,False,25368.0,8634.66477717471,False,False,False,False,3345.603714777062,False,False,False,False
2025-07-23 17:00:00+00:00,4.62,4.68,4.6,4.68,4380.0,4.864636290503485,4.839845566958571,4.670348672130727,4.427607472667921,4.282972548617942,4.123712750093931,4.120112678015728,4.0975849492081124,4.018595772829835,3.9282859243757913,4.427607472667921,4.864636290503485,4.278785148322061,"rgba(239, 83, 80, 1.0)",0.49987239813216866,4.4864853299777785,0.38712813659108064,39.35119433113446,-5.723790868381528,False,True,False,True,False,5.9159537292123545,0.0,0.0,0.0,0.0,0,0.9133380884450786,0.8202567760342367,False,False,False,False,0.15613953949891915,0.15347786161656124,False,False,False,False,29748.0,8962.00330776115,False,False,False,False,3361.640866485945,False,False,False,False
2025-07-24 17:00:00+00:00,4.575,4.605,4.52,4.54,5900.0,4.827348226617408,4.824683681724,4.668015167931899,4.429599621686999,4.286742534038333,4.1286354728501005,4.1250597341734485,4.102664354152236,4.023997406811928,3.933932617929187,4.429599621686999,4.827348226617408,4.280370065699793,"rgba(239, 83, 80, 1.0)",0.48789160293676614,4.48359151891214,0.11561683117381168,38.48262571751249,-5.723790868381528,False,True,False,True,False,3.204800314853678,0.0,0.0,0.0,0.0,0,0.9031459879816192,0.8221986567691764,False,False,False,False,0.1328496351836693,0.14316374840011525,False,False,False,False,23848.0,9192.793954152448,False,False,False,False,3400.9952716567054,False,False,False,False
2025-07-25 17:00:00+00:00,4.545,4.585,4.52,4.53,3065.0,4.8107245124028335,4.817158042747949,4.666735807847915,4.430529550541513,4.288588581094842,4.1310897488908065,4.127526779804391,4.1052014370628465,4.0267087550519935,3.9367794661644573,4.430529550541513,4.8107245124028335,4.28114646324519,"rgba(239, 83, 80, 1.0)",0.4720576674956484,4.482220049148719,0.10121634313189491,37.745944117777015,-5.756757589173432,False,True,False,True,False,3.014280595672634,0.0,0.0,0.0,0.0,0,0.9051480959097323,0.823342736248237,False,False,False,False,0.129855417177235,0.13650958278867514,False,False,False,False,20783.0,9372.487071142334,False,False,False,False,3395.786042638772,False,False,False,False
2025-07-28 17:00:00+00:00,4.52,4.57,4.5,4.55,3429.0,4.793994208853726,4.809058509535214,4.6652781802732495,4.431507640168185,4.290583166556767,4.133768671117037,4.13022003428842,4.107973671423028,4.0296799085509285,3.939907206071072,4.431507640168185,4.793994208853726,4.281997443109322,"rgba(239, 83, 80, 1.0)",0.4575357318788737,4.480793781042951,0.15125861027914353,37.85263222674761,-6.128787440949388,False,True,False,True,False,3.370405979980262,0.0,0.0,0.0,0.0,0,0.9073943661971835,0.8235915492957747,False,False,False,False,0.12462106899326768,0.13056532589097142,False,False,False,False,24212.0,9602.557039031599,False,False,False,False,3396.30098771414,False,False,False,False
2025-07-29 17:00:00+00:00,4.365,4.505,4.22,4.355,16224.0,4.695806733509039,4.754510211314182,4.649523090006065,4.428607341038197,4.293094586629024,4.140570376520034,4.137106086270134,4.115353912844671,4.038485376014058,3.949966427863693,4.428607341038197,4.695806733509039,4.278579712055563,"rgba(239, 83, 80, 1.0)",0.4430844692006677,4.464783172355752,-0.2477703011206915,34.930832806747254,-9.305529627119618,False,True,False,True,False,0.0,0.0,0.0,0.0,0.0,0,0.893639207507821,0.8272506082725062,False,False,False,False,0.07334190492357574,0.10195361540727357,False,False,False,False,7988.0,9577.525146953589,False,False,False,False,3595.180042168184,False,False,False,False
2025-07-30 17:00:00+00:00,4.42,4.435,4.29,4.305,2749.0,4.682793714746174,4.746217897928742,4.646868781790717,4.428025305644111,4.293400681460203,4.141598070215871,4.138147974917574,4.116479521797097,4.039856132465108,3.9515559818412114,4.428025305644111,4.682793714746174,4.278016705340071,"rgba(239, 83, 80, 1.0)",0.4324851921643468,4.462347337598741,-0.36382132949178214,32.36529002722902,-12.008227001680076,False,True,False,True,False,0.0,0.0,0.0,0.0,0.0,0,0.9010722933241097,0.831200276720858,False,False,False,False,0.07334190492357574,0.08764776016542467,False,False,False,False,5239.0,9510.261191186866,False,False,False,False,3582.060971746972,False,False,False,False
2025-07-31 17:00:00+00:00,4.365,4.37,4.31,4.315,6254.0,4.655587176119798,4.72803235739738,4.6407726927402395,4.426551926195772,4.29392384171108,4.143764723823688,4.140346939084511,4.1188697554139795,4.042811020349787,3.955018534729495,4.426551926195772,4.655587176119798,4.276676865716215,"rgba(239, 83, 80, 1.0)",0.4226015736956981,4.4569281760438395,-0.3358439364119289,30.997686127660586,-13.551908770962328,False,True,False,True,False,0.0,0.0,0.0,0.0,0.0,0,0.9009797060881739,0.8481455563331001,False,False,False,False,0.06668729267022389,0.07716752641782428,False,False,False,False,11493.0,9541.001327757613,False,False,False,False,3623.486383037716,False,False,False,False
2025-08-01 17:00:00+00:00,4.24,4.24,4.165,4.19,7534.0,4.616550025685191,4.70144471167726,4.6306991718570405,4.42242415367084,4.292374989963639,4.144503931401404,4.1411299800088655,4.119919024993266,4.044685301690745,3.957659621879996,4.42242415367084,4.616550025685191,4.2727600985714504,"rgba(239, 83, 80, 1.0)",0.4135908780599553,4.447533907928355,-0.622677920597227,28.524188106428056,-16.108763030743525,False,True,False,True,False,0.0,0.0,0.0,0.0,0.0,0,0.8859527121001396,0.8550069541029208,False,False,False,False,0.02612632831489765,0.051646927366360965,False,False,False,False,3959.0,9454.458671513308,False,False,False,False,3684.1145011301546,False,False,False,False
2025-08-04 17:00:00+00:00,4.285,4.31,4.27,4.3,4591.0,4.600566572237962,4.689332413207576,4.626082529538707,4.421016871074595,4.292384359775424,4.145722426114362,4.142372218913609,4.121303244789546,4.046498022993617,3.9598653401538724,4.421016871074595,4.600566572237962,4.271619714062369,"rgba(239, 83, 80, 1.0)",0.39793979579965544,4.443715704626661,-0.3611493651643114,30.46660058874749,-16.108763030743525,False,True,False,True,False,0.0,0.0,0.0,0.0,0.0,0,0.8920138888888892,0.8475694444444446,False,False,False,False,0.051919494405314154,0.05178321088583756,False,False,False,False,8550.0,9440.436056451086,False,False,False,False,3698.1747414227107,False,False,False,False
2025-08-05 17:00:00+00:00,4.28,4.29,4.225,4.235,7278.0,4.575082153879961,4.66959097635115,4.618097208040377,4.418111588583913,4.291737454868283,4.147058499051695,4.1437469791131,4.12291141287054,4.048823055235489,3.962856478438572,4.418111588583913,4.575082153879961,4.26921485028368,"rgba(239, 83, 80, 0.75)",0.38502910852869915,4.437055725002361,-0.5247803880970734,30.78035120423243,-16.108763030743525,False,True,False,True,True,0.0,0.0,0.0,0.0,0.0,0,0.8889274557445336,0.8455397431447415,False,False,False,False,0.04233294557537732,0.04705807823060744,False,False,False,False,1272.0,9313.793636971222,False,False,False,False,3753.6759082223584,False,False,False,False
2025-08-06 17:00:00+00:00,4.17,4.25,4.16,4.23,11606.0,4.537502991028408,4.63908320034414,4.604840978696827,4.412710329932723,4.289874508053691,4.1483855095766655,4.145136099352871,4.124678016593663,4.051766680953322,3.966907766805378,4.412710329932723,4.537502991028408,4.264820343367698,"rgba(239, 83, 80, 0.75)",0.3725740388357792,4.43022626115902,-0.5374133468469443,30.91245498146587,-16.108763030743525,False,True,False,True,True,0.0,0.0,0.0,0.0,0.0,0,0.8836967808930428,0.8487365870543441,False,False,False,False,0.02686263087972926,0.03696035455516835,False,False,False,False,-10334.0,9009.176681359264,False,False,False,False,3875.417367009609,False,False,False,False
2025-08-07 17:00:00+00:00,4.26,4.26,4.175,4.18,10843.0,4.508087574585666,4.613560663572214,4.5929700855285915,4.407715002964691,4.2880313168861095,4.149425121214738,4.146232129750953,4.126117846091955,4.0542861533127015,3.970452015213232,4.407715002964691,4.508087574585666,4.260976703837243,"rgba(239, 83, 80, 0.75)",0.36043226050730354,4.42055363475809,-0.6674031742317236,30.20575827759876,-16.108763030743525,False,True,False,True,True,0.0,0.0,0.0,0.0,0.0,0,0.8834716459197789,0.8516597510373443,False,False,False,False,0.030544596524138698,0.03375247553965352,False,False,False,False,-21177.0,8541.173942113383,False,False,False,False,3983.4419039551963,False,False,False,False
2025-08-08 17:00:00+00:00,4.365,4.52,4.365,4.46,8671.0,4.504139533820493,4.6061407638353,4.589615769343925,4.408481436588884,4.2907676841252185,4.1537509569079845,4.150591434890489,4.130671514363263,4.059400041608172,3.9760738661442394,4.408481436588884,4.504139533820493,4.262832607534164,"rgba(239, 83, 80, 0.75)",0.3426170083554006,4.423711630593475,0.10591525966767666,37.45228677285908,-17.28095613069756,False,True,False,True,True,1.8671414750364654,0.0,0.0,0.0,0.0,0,0.8896059782608698,0.8383152173913044,False,False,False,False,0.09705947394884645,0.06540597474424999,False,False,False,False,-12506.0,8214.861167817051,False,False,False,False,4056.1172232737204,False,False,False,False
2025-08-11 17:00:00+00:00,4.805,4.81,4.655,4.76,9776.0,4.520606563461052,4.612671778490903,4.593490101633539,4.415421893322594,4.299281571287574,4.16318961628742,4.16005360972513,4.140254029955143,4.069238809544181,3.9860952295513945,4.415421893322594,4.520606563461052,4.271077404421987,#000000,0.3247808963449372,4.437393164536802,0.9933060690877874,46.793511880322725,-8.899326593943506,False,False,False,False,True,6.837391292084856,0.0,0.0,0.0,0.0,0,0.9013004334778262,0.822274091363788,False,False,False,False,0.1841610991960654,0.1247835369701577,False,False,False,False,-2730.0,8045.173397773375,False,False,False,False,4144.797576401259,False,False,False,False
2025-08-12 17:00:00+00:00,4.9,5.05,4.9,5.03,11666.0,4.556726989304358,4.63337199943442,4.60528922525877,4.429439076875098,4.314575679329262,4.1787947568512305,4.175673629578449,4.1559265567240615,4.084872219321907,4.001586624197664,4.429439076875098,4.556726989304358,4.286614418618985,"rgba(38, 166, 154, 1.0)",0.31536848174678045,4.460897026211706,1.8045651570382535,55.57396138447184,-1.3833496664927907,True,False,True,False,True,10.841764215283611,0.0,0.0,0.0,0.0,0,0.9108259295820996,0.813425468904245,False,False,False,False,0.25912639056482034,0.19195496376748902,False,False,False,False,8936.0,8058.984662924176,False,False,False,False,4261.405365914417,False,False,False,False
2025-08-13 17:00:00+00:00,5.095,5.11,4.95,5.035,7673.0,4.579453317285306,4.647125768444928,4.613407224062563,4.438895561494846,4.324820408505251,4.189210847723446,4.186098783421002,4.166382223563844,4.095291326582078,4.011902388059312,4.438895561494846,4.579453317285306,4.297014947984141,"rgba(38, 166, 154, 1.0)",0.3063093001973291,4.475043432830378,1.828075630772195,61.468791688253575,3.391027599862376,True,False,True,False,True,10.91290833998626,0.0,0.0,0.0,0.0,0,0.9109947643979059,0.8131544502617802,False,False,False,False,0.2765030823485903,0.23422902305803966,False,False,False,False,16609.0,8191.54304024318,False,False,False,False,4314.29830597776,False,False,False,False
2025-08-14 17:00:00+00:00,4.955,5.01,4.955,4.97,2890.0,4.586515000224615,4.651378206836908,4.616005522774773,4.442067188430328,4.328318107178793,4.192824154687343,4.189716304212723,4.170017106568292,4.098936283968657,4.0155339950789495,4.442067188430328,4.586515000224615,4.300532985526306,"rgba(38, 166, 154, 1.0)",0.29234759639358615,4.4794598346377015,1.6779346620722217,63.859268837486006,5.148477653754213,True,False,True,False,True,9.667474930529693,0.0,0.0,0.0,0.0,0,0.9098307291666669,0.8144531250000002,False,False,False,False,0.261486727597617,0.24785787532782833,False,False,False,False,13719.0,8277.240047371193,False,False,False,False,4292.216161699034,False,False,False,False
2025-08-15 17:00:00+00:00,4.905,4.91,4.855,4.87,3576.0,4.592770574318519,4.654927420248278,4.61829648904725,4.445218155145414,4.33193666834699,4.196686220820407,4.193585206645675,4.173919116200945,4.102896847557998,4.019527211223322,4.445218155145414,4.592770574318519,4.3041103705818085,"rgba(38, 166, 154, 1.0)",0.27905043297607357,4.483498187162512,1.3850607888883926,63.20210180599837,5.148477653754213,True,False,True,False,True,7.783536803884495,0.0,0.0,0.0,0.0,0,0.9088845654993518,0.8177691309987032,False,False,False,False,0.2302379734500043,0.2390479243889163,False,False,False,False,10143.0,8306.166558264662,False,False,False,False,4281.112035161064,False,False,False,False
2025-08-18 17:00:00+00:00,4.96,4.97,4.88,4.905,5112.0,4.602450541887202,4.660687241566144,4.621996082006899,4.450053099332435,4.337400290041034,4.202451773476388,4.19935973208478,4.179735625630811,4.108777672910281,4.025434775714173,4.450053099332435,4.602450541887202,4.309544032529216,"rgba(38, 166, 154, 1.0)",0.2633350210916187,4.489680761700933,1.5771515561333953,63.237732538481104,5.148477653754213,True,False,True,False,True,8.313480883858357,0.0,0.0,0.0,0.0,0,0.9105586051017115,0.812721989021634,False,False,False,False,0.24346140637849392,0.2412546653837051,False,False,False,False,15255.0,8413.900410074511,False,False,False,False,4293.994019112056,False,False,False,False
2025-08-19 17:00:00+00:00,4.905,4.915,4.805,4.855,6104.0,4.611223633313487,4.665716471294458,4.625425240935264,4.4549750722519565,4.343132072852863,4.208649632814148,4.205569975811846,4.186008271333664,4.1151772585386555,4.031920569635997,4.4549750722519565,4.611223633313487,4.315174951718761,"rgba(38, 166, 154, 1.0)",0.2500728182238212,4.495494271765928,1.4376041778051474,62.06826840029003,5.148477653754213,True,False,True,False,True,7.366845559915468,0.0,0.0,0.0,0.0,0,0.9101738570508694,0.8164842240824213,False,False,False,False,0.22326951148842383,0.23226208843606447,False,False,False,False,9151.0,8425.32831069351,False,False,False,False,4322.056127342877,False,False,False,False
2025-08-20 17:00:00+00:00,4.82,4.87,4.82,4.845,4780.0,4.617336135817461,4.669219133178562,4.627892100523268,4.45862266113622,4.347419380493331,4.2133240130171945,4.210254373058689,4.190744136886908,4.120024389283722,4.036848642425211,4.45862266113622,4.617336135817461,4.319372092222568,"rgba(38, 166, 154, 0.75)",0.23362723446694855,4.499635445416267,1.478271809242307,61.038513759081525,5.148477653754213,True,False,True,False,False,7.176291640800681,0.0,0.0,0.0,0.0,0,0.9130714745653576,0.81841596909208,False,False,False,False,0.21863573191735,0.22544891017670723,False,False,False,False,4371.0,8362.470507426944,False,False,False,False,4329.156032345313,False,False,False,False
2025-08-21 17:00:00+00:00,4.845,4.86,4.805,4.81,4340.0,4.622151748470956,4.671934306276204,4.629882408460851,4.461707495069033,4.351095149339756,4.217376523185598,4.214316362676735,4.194855834365239,4.124250027046749,4.041162166183894,4.461707495069033,4.622151748470956,4.322953363622673,"rgba(38, 166, 154, 0.75)",0.21788423655815575,4.502996059019335,1.4090231851110626,59.42540040427919,5.148477653754213,True,False,True,False,False,6.502880375403549,0.0,0.0,0.0,0.0,0,0.9131417500807234,0.8204714239586699,False,False,False,False,0.21478130456349329,0.22011510737010026,False,False,False,False,31.0,8233.300422040478,False,False,False,False,4329.324155874843,False,False,False,False
