date,Open,High,Low,Close,Volume,aVWAP_peak_882,aVWAP_peak_859,aVWAP_valley_879,aVWAP_valley_857,aVWAP_valley_779,aVWAP_valley_744,aVWAP_valley_701,aVWAP_valley_680,aVWAP_valley_630,aVWAP_valley_584,aVWAP_valley_566,aVWAP_valley_542,aVWAP_valley_516,aVWAP_valley_467,aVWAP_valley_443,aVWAP_valley_385,aVWAP_valley_344,aVWAP_valley_300,aVWAP_valley_282,aVWAP_valley_234,aVWAP_valley_206,aVWAP_valley_191,aVWAP_valley_173,aVWAP_valley_80,aVWAP_OB_bull_779,aVWAP_OB_bull_443,Peaks_avg,Valleys_avg,color,StDev,StDev_Mean,StdDev_ZScore,QQEMOD,QQE1_Value,QQE1_Above_Upper,QQE1_Below_Lower,QQE2_Above_Threshold,QQE2_Below_Threshold,QQE2_Above_TL,banker_RSI,OB,OB_High,OB_Low,OB_Mitigated_Index,TTM_squeeze_Active,VI_plus,VI_minus,VI_Regular_Bullish,VI_Regular_Bearish,VI_Hidden_Bullish,VI_Hidden_Bearish,Fisher,Fisher_Signal,Fisher_Regular_Bullish,Fisher_Regular_Bearish,Fisher_Hidden_Bullish,Fisher_Hidden_Bearish,OBV,OBV_Smoothed,OBV_Regular_Bullish,OBV_Regular_Bearish,OBV_Hidden_Bullish,OBV_Hidden_Bearish,Volume_MA,Vol_Regular_Bullish,Vol_Regular_Bearish,Vol_Hidden_Bullish,Vol_Hidden_Bearish
2025-04-14 14:00:00+00:00,10.195,10.35,10.045,10.065,81645.0,,,,,,,,,,,,,,,,,,,,,,,,,,,,,#000000,,,,,,False,False,False,False,False,,0.0,0.0,0.0,0.0,0,,,False,False,False,False,,,False,False,False,False,0.0,0.0,False,False,False,False,81645.0,False,False,False,False
2025-04-14 15:00:00+00:00,10.065,10.095,9.94,9.995,49357.0,,,,,,,,,,,,,,,,,,,,,,,,,,,,,"rgba(239, 83, 80, 0.5)",,,,0.0,,False,False,False,True,False,,0.0,0.0,0.0,0.0,0,,,False,False,False,False,,,False,False,False,False,-49357.0,-765.2248062015503,False,False,False,False,81144.41085271318,False,False,False,False
2025-04-14 16:00:00+00:00,9.995,10.095,9.965,9.985,36104.0,,,,,,,,,,,,,,,,,,,,,,,,,,,,,"rgba(239, 83, 80, 0.5)",,,,0.0,-50.0,False,False,False,True,True,,0.0,0.0,0.0,0.0,0,,,False,False,False,False,,,False,False,False,False,-85461.0,-2078.3375999038517,False,False,False,False,80446.10990926025,False,False,False,False
2025-04-14 17:00:00+00:00,9.98,10.125,9.98,10.015,61735.0,,,,,,,,,,,,,,,,,,,,,,,,,,,,,"rgba(239, 83, 80, 0.5)",,,,10.615989515072352,-40.445609436434886,False,False,False,True,True,,0.0,0.0,0.0,0.0,0,,,False,False,False,False,,,False,False,False,False,-23726.0,-2413.960272773559,False,False,False,False,80156.0151819849,False,False,False,False
2025-04-14 18:00:00+00:00,10.015,10.11,10.015,10.09,52769.0,,,,,,,,,,,,,,,,,,,,,,,,,,,,,"rgba(239, 83, 80, 0.5)",,,,28.427194554071644,-25.052484272239862,False,False,False,True,True,,0.0,0.0,0.0,0.0,0,,,False,False,False,False,,,False,False,False,False,29043.0,-1926.2554623429614,False,False,False,False,79731.4102954425,False,False,False,False
2025-04-14 19:00:00+00:00,10.085,10.12,10.015,10.055,221329.0,,,,,,,,,,,,,,,,,,,,,,,,,,,,,"rgba(239, 83, 80, 0.5)",,,,36.05789352710896,-19.59323916332855,False,False,False,True,True,,0.0,0.0,0.0,0.0,0,,,False,False,False,False,,,False,False,False,False,-192286.0,-4877.569331143845,False,False,False,False,81926.72176373021,False,False,False,False
2025-04-15 14:00:00+00:00,10.105,10.17,10.025,10.035,21468.0,,,,,,,,,,,,,,,,,,,,,,,,,,,,,"rgba(239, 83, 80, 0.5)",,,,39.20693128531573,-17.922790346365595,False,False,False,True,True,,0.0,0.0,0.0,0.0,0,,,False,False,False,False,,,False,False,False,False,-213754.0,-8115.9636050796,False,False,False,False,80989.37724026151,False,False,False,False
2025-04-15 15:00:00+00:00,10.035,10.05,9.97,9.98,34342.0,,,,,,,,,,,,,,,,,,,,,,,,,,,,,"rgba(239, 83, 80, 0.5)",,,,37.369512331200205,-17.922790346365595,False,False,False,True,True,,0.0,0.0,0.0,0.0,0,,,False,False,False,False,,,False,False,False,False,-248096.0,-11836.58432438069,False,False,False,False,80266.1620892497,False,False,False,False
2025-04-15 16:00:00+00:00,9.985,10.02,9.91,9.94,15700.0,,,,,,,,,,,,,,,,,,,,,,,,,,,,,"rgba(239, 83, 80, 0.5)",,,,34.17729320162479,-17.922790346365595,False,False,False,True,False,,0.0,0.0,0.0,0.0,0,,,False,False,False,False,,,False,False,False,False,-263796.0,-15742.931854235252,False,False,False,False,79265.13632042412,False,False,False,False
2025-04-15 17:00:00+00:00,9.935,9.995,9.86,9.915,24213.0,,,,,,,,,,,,,,,,,,,,,,,,,,,,,"rgba(239, 83, 80, 0.5)",,,,31.033298849068288,-10.13120416408006,False,False,False,True,False,,0.0,0.0,0.0,0.0,0,,,False,False,False,False,,,False,False,False,False,-288009.0,-19964.11120533238,False,False,False,False,78411.61482708421,False,False,False,False
2025-04-15 18:00:00+00:00,9.915,9.94,9.85,9.905,27064.0,,,,,,,,,,,,,,,,,,,,,,,,,,,,,"rgba(239, 83, 80, 0.5)",,,,28.549435065814798,-12.515312723096358,False,False,False,True,False,,0.0,0.0,0.0,0.0,0,,,False,False,False,False,,,False,False,False,False,-315073.0,-24539.442814552032,False,False,False,False,77615.52777550151,False,False,False,False
2025-04-15 19:00:00+00:00,9.905,9.905,9.8,9.865,102321.0,,,,,,,,,,,,,,,,,,,,,,,,,,,,,"rgba(239, 83, 80, 0.5)",,,,25.520693445201697,-15.5347469265799,False,False,False,True,False,,0.0,0.0,0.0,0.0,0,,,False,False,False,False,,,False,False,False,False,-417394.0,-30630.21114300859,False,False,False,False,77998.5583526255,False,False,False,False
2025-04-16 14:00:00+00:00,9.615,9.97,9.61,9.97,150621.0,,,,,,,,,,,,,,,,,,,,,,,,,,,,,"rgba(239, 83, 80, 0.5)",,,,32.63611616008096,-15.5347469265799,False,False,False,True,True,,0.0,0.0,0.0,0.0,0,,,False,False,False,False,,,False,False,False,False,-266773.0,-34291.33965241931,False,False,False,False,79124.48768049179,False,False,False,False
2025-04-16 15:00:00+00:00,9.97,9.97,9.8,9.83,27850.0,,,,,,,,,,,,,,,,,,,,,,,,,,,,,"rgba(239, 83, 80, 0.5)",,,,32.10060829420914,-15.5347469265799,False,False,False,True,True,,0.0,0.0,0.0,0.0,1,,,False,False,False,False,,,False,False,False,False,-294623.0,-38327.489425250016,False,False,False,False,78329.53438311981,False,False,False,False
2025-04-16 16:00:00+00:00,9.835,9.84,9.78,9.79,19710.0,,,,,,,,,,,,,,,,,,,,,,,,,,,,,"rgba(239, 83, 80, 0.5)",,,,30.73021981667074,-15.5347469265799,False,False,False,True,True,,0.0,0.0,0.0,0.0,1,,,False,False,False,False,,,False,False,False,False,-314333.0,-42606.64462795932,False,False,False,False,77420.70439268385,False,False,False,False
2025-04-16 17:00:00+00:00,9.795,9.83,9.73,9.755,25102.0,,,,,,,,,,,,,,,,,,,,,,,,,,,,,"rgba(239, 83, 80, 0.5)",,,,28.99596301017761,-15.5347469265799,False,False,False,True,True,,0.0,0.0,0.0,0.0,0,,,False,False,False,False,,,False,False,False,False,-339435.0,-47208.63463372739,False,False,False,False,76609.56168892131,False,False,False,False
2025-04-16 18:00:00+00:00,9.755,9.775,9.57,9.575,29609.0,,,,,,,,,,,,,,,,,,,,,,,,,,,,,"rgba(239, 83, 80, 0.5)",,,,24.969873440165614,-16.64590532743982,False,False,False,True,False,,0.0,0.0,0.0,0.0,0,,,False,False,False,False,,,False,False,False,False,-369044.0,-52198.33022080139,False,False,False,False,75880.8708100233,False,False,False,False
2025-04-16 19:00:00+00:00,9.575,9.73,9.555,9.695,108036.0,,,,,,,,,,,,,,,,,,,,,,,,,,,,,"rgba(239, 83, 80, 0.5)",,9.660000000000002,,27.876899739744417,-16.64590532743982,False,False,False,True,False,,0.0,0.0,0.0,0.0,0,,,False,False,False,False,,,False,False,False,False,-261008.0,-55435.68944218431,False,False,False,False,76379.39994475163,False,False,False,False
2025-04-17 14:00:00+00:00,10.035,10.07,9.88,9.885,25967.0,,,,,,,,,,,,,,,,,,,,,,,,,,,,,"rgba(239, 83, 80, 0.5)",,9.83011354223413,,35.66107354695472,-22.91515442987865,False,False,False,True,True,,0.0,0.0,0.0,0.0,0,,,False,False,False,False,,,False,False,False,False,-235041.0,-58220.26790044502,False,False,False,False,75597.81234870896,False,False,False,False
2025-04-17 15:00:00+00:00,9.885,9.94,9.84,9.915,59594.0,,,,,,,,,,,,,,,,,,,,,,,,,,,,,"rgba(239, 83, 80, 0.5)",,9.842044009525235,,41.580041002931246,-17.46833563166186,False,False,False,True,True,,0.0,0.0,0.0,0.0,0,,,False,False,False,False,,,False,False,False,False,-175447.0,-60037.7366151668,False,False,False,False,75349.69122702355,False,False,False,False
2025-04-17 16:00:00+00:00,9.915,9.965,9.885,9.925,16779.0,,,,,,,,,,,,,,,,,,,,,,,,,,,,,"rgba(239, 83, 80, 0.5)",,9.8491867314512,,45.782988113009424,-13.625923308173995,False,False,False,True,True,,0.0,0.0,0.0,0.0,0,,,False,False,False,False,,,False,False,False,False,-158668.0,-61566.88798547429,False,False,False,False,74441.61849482164,False,False,False,False
2025-04-17 17:00:00+00:00,9.925,9.935,9.86,9.865,20205.0,,,,,,,,,,,,,,,,,,,,,,,,,,,,,#000000,,9.85139409164267,,46.76991784902849,-12.592072352327307,False,False,False,False,True,,0.0,0.0,0.0,0.0,0,,,False,False,False,False,,,False,False,False,False,-178873.0,-63385.587396552204,False,False,False,False,73600.74068870036,False,False,False,False
2025-04-17 18:00:00+00:00,9.865,9.93,9.86,9.865,19075.0,,,,,,,,,,,,,,,,,,,,,,,,,,,,,#000000,,9.853234647371984,,47.42787100637453,-11.59540532197196,False,False,False,False,True,,0.0,0.0,0.0,0.0,0,,,False,False,False,False,,,False,False,False,False,-178873.0,-65176.089917535886,False,False,False,False,72755.38036794533,False,False,False,False
2025-04-17 19:00:00+00:00,9.865,9.885,9.79,9.795,24997.0,,,,,,,,,,,,,,,,,,,,,,,,,,,,,"rgba(239, 83, 80, 0.5)",,9.848056624996214,,45.767258408566455,-11.59540532197196,False,False,False,True,True,,0.0,0.0,0.0,0.0,0,,,False,False,False,False,,,False,False,False,False,-203870.0,-67326.38309710896,False,False,False,False,72014.94036224074,False,False,False,False
2025-04-18 14:00:00+00:00,9.795,9.795,9.795,9.795,0.0,,,,,,,,,,,,,,,,,,,,,,,,,,,,,"rgba(239, 83, 80, 0.5)",,9.848056624996214,,44.66018334336107,-11.59540532197196,False,False,False,True,True,,0.0,0.0,0.0,0.0,0,,,False,False,False,False,,,False,False,False,False,-203870.0,-69443.33839792896,False,False,False,False,70898.42965895019,False,False,False,False
2025-04-18 15:00:00+00:00,9.795,9.795,9.795,9.795,0.0,,,,,,,,,,,,,,,,,,,,,,,,,,,,,"rgba(239, 83, 80, 0.5)",,9.848056624996214,,43.92213329989082,-11.59540532197196,False,False,False,True,True,,0.0,0.0,0.0,0.0,0,,,False,False,False,False,,,False,False,False,False,-203870.0,-71527.47268633316,False,False,False,False,69799.2291991215,False,False,False,False
2025-04-18 16:00:00+00:00,9.795,9.795,9.795,9.795,0.0,,,,,,,,,,,,,,,,,,,,,,,,,,,,,"rgba(239, 83, 80, 0.5)",,9.848056624996214,,43.43009993757731,-11.59540532197196,False,False,False,True,True,,0.0,0.0,0.0,0.0,0,,,False,False,False,False,,,False,False,False,False,-203870.0,-73579.29481522721,False,False,False,False,68717.07060688706,False,False,False,False
2025-04-18 17:00:00+00:00,9.795,9.795,9.795,9.795,0.0,,,,,,,,,,,,,,,,,,,,,,,,,,,,,"rgba(239, 83, 80, 0.5)",,9.848056624996214,,43.102077696034975,-11.59540532197196,False,False,False,True,False,,0.0,0.0,0.0,0.0,0,,,False,False,False,False,,,False,False,False,False,-203870.0,-75599.30574832446,False,False,False,False,67651.6896672454,False,False,False,False
2025-04-18 18:00:00+00:00,9.795,9.795,9.795,9.795,0.0,,,,,,,,,,,,,,,,,,,,,,,,,,,,,"rgba(239, 83, 80, 0.5)",,9.848056624996214,,42.88339620167342,-11.59540532197196,False,False,False,True,False,,0.0,0.0,0.0,0.0,0,,,False,False,False,False,,,False,False,False,False,-203870.0,-77587.99868245896,False,False,False,False,66602.82626155167,False,False,False,False
2025-04-18 19:00:00+00:00,9.795,9.795,9.795,9.795,0.0,,,,,,,,,,,,,,,,,,,,,,,,,,,,,"rgba(239, 83, 80, 0.5)",,9.848056624996214,,42.73760853876571,-11.59540532197196,False,False,False,True,False,,0.0,0.0,0.0,0.0,0,,,False,False,False,False,,,False,False,False,False,-203870.0,-79545.85916800222,False,False,False,False,65570.22430400824,False,False,False,False
2025-04-21 14:00:00+00:00,9.94,10.22,9.925,10.195,20789.0,,,,,,,,,,,,,,,,,,,,,,,,,,,,,"rgba(38, 166, 154, 0.5)",,9.871169600172951,,54.67680538873963,-0.949565426317541,False,False,True,False,True,,0.0,0.0,0.0,0.0,0,,,False,False,False,False,,,False,False,False,False,-183081.0,-81151.05514989365,False,False,False,False,64875.941756659275,False,False,False,False
2025-04-21 15:00:00+00:00,10.195,10.21,10.005,10.005,19798.0,,,,,,,,,,,,,,,,,,,,,,,,,,,,,"rgba(38, 166, 154, 0.5)",,9.886402456194878,,56.06159157822255,0.14052226948712843,False,False,True,False,True,,0.0,0.0,0.0,0.0,0,,,False,False,False,False,,,False,False,False,False,-202879.0,-83038.31010881002,False,False,False,False,64177.05893872657,False,False,False,False
2025-04-21 16:00:00+00:00,10.005,10.055,9.97,9.97,13864.0,,,,,,,,,,,,,,,,,,,,,,,,,,,,,"rgba(38, 166, 154, 0.5)",,9.891787962728706,,56.014843909672976,0.14052226948712843,False,False,True,False,True,,0.0,0.0,0.0,0.0,0,,,False,False,False,False,,,False,False,False,False,-216743.0,-85111.2510373556,False,False,False,False,63397.01151331996,False,False,False,False
2025-04-21 17:00:00+00:00,9.975,10.035,9.955,9.985,13815.0,,,,,,,,,,,,,,,,,,,,,,,,,,,,,"rgba(38, 166, 154, 0.5)",,9.89631539882463,,56.325899055494496,0.6802645557909557,False,False,True,False,True,,0.0,0.0,0.0,0.0,0,,,False,False,False,False,,,False,False,False,False,-202928.0,-86937.86730034233,False,False,False,False,62628.298156524295,False,False,False,False
2025-04-21 18:00:00+00:00,9.985,10.015,9.955,9.975,18813.0,,,,,,,,,,,,,,,,,,,,,,,,,,,,,"rgba(38, 166, 154, 0.5)",,9.901210216364724,,56.20736028317644,0.9240965435037936,False,False,True,False,True,,0.0,0.0,0.0,0.0,0,,,False,False,False,False,,,False,False,False,False,-221741.0,-89027.83834994942,False,False,False,False,61948.99120836113,False,False,False,False
2025-04-21 19:00:00+00:00,9.975,10.005,9.95,10.0,45294.0,,,,,,,,,,,,,,,,,,,,,,,,,,,,,"rgba(38, 166, 154, 0.5)",,9.911367643720318,,56.804379745944814,1.904661896002004,False,False,True,False,True,,0.0,0.0,0.0,0.0,0,,,False,False,False,False,,,False,False,False,False,-176447.0,-90383.17418948509,False,False,False,False,61690.774290402034,False,False,False,False
2025-04-22 14:00:00+00:00,10.665,10.795,10.63,10.685,108303.0,,,,,,,,,,,,,,,,,,,,,,,,,,,,,"rgba(38, 166, 154, 0.5)",,10.098811904447246,,65.4173115323013,10.097758587147652,False,False,True,False,True,,0.0,0.0,0.0,0.0,0,,,False,False,False,False,,,False,False,False,False,-68144.0,-90038.38079119849,False,False,False,False,62413.44445644232,False,False,False,False
2025-04-22 15:00:00+00:00,10.69,10.74,10.64,10.675,97611.0,,,,,,,,,,,,,,,,,,,,,,,,,,,,,"rgba(38, 166, 154, 0.5)",,10.201274481739315,,70.89633522064526,14.972967563528414,False,False,True,False,True,,0.0,0.0,0.0,0.0,0,,,False,False,False,False,,,False,False,False,False,-165755.0,-91212.28186420316,False,False,False,False,62959.142992001354,False,False,False,False
2025-04-22 16:00:00+00:00,10.675,10.91,10.675,10.845,79423.0,,,,,,,,,,,,,,,,,,,,,,,,,,,,,"rgba(38, 166, 154, 0.5)",,10.277003727424152,,75.48268467707098,18.9511753649398,False,False,True,False,True,,0.0,0.0,0.0,0.0,0,,,False,False,False,False,,,False,False,False,False,-86332.0,-91136.61857948684,False,False,False,False,63214.39658902459,False,False,False,False
2025-04-22 17:00:00+00:00,10.845,10.885,10.715,10.75,33055.0,,,,,,,,,,,,,,,,,,,,,,,,,,,,,"rgba(38, 166, 154, 0.5)",,10.301886076443072,,76.04405892105582,19.328461897802228,False,False,True,False,True,,0.0,0.0,0.0,0.0,0,,,False,False,False,False,,,False,False,False,False,-119387.0,-91574.60898910719,False,False,False,False,62746.809045008704,False,False,False,False
2025-04-22 18:00:00+00:00,10.75,10.8,10.73,10.765,45537.0,,,,,,,,,,,,,,,,,,,,,,,,,,,,,"rgba(38, 166, 154, 0.5)",,10.331220622803693,,76.53605251093225,19.922063874502825,False,False,True,False,True,,0.0,0.0,0.0,0.0,0,,,False,False,False,False,,,False,False,False,False,-73850.0,-91299.80884974118,False,False,False,False,62479.990300124846,False,False,False,False
2025-04-22 19:00:00+00:00,10.765,10.775,10.7,10.725,73709.0,,,,,,,,,,,,,,,,,,,,,,,,,,,,,"rgba(38, 166, 154, 1.0)",,10.368560276685105,,75.71799260587417,19.922063874502825,True,False,True,False,True,,0.0,0.0,0.0,0.0,0,,,False,False,False,False,,,False,False,False,False,-147559.0,-92172.04437145063,False,False,False,False,62654.08347376632,False,False,False,False
2025-04-23 14:00:00+00:00,11.73,11.82,11.13,11.13,69546.0,,,,,,,,,,,,,,,,,,,,,,,,,,,,,"rgba(38, 166, 154, 1.0)",,10.752525448978966,,78.07229631902393,21.88388953276683,True,False,True,False,True,,0.0,0.0,0.0,0.0,0,,,False,False,False,False,,,False,False,False,False,-78013.0,-91952.5243036762,False,False,False,False,62760.93489277769,False,False,False,False
2025-04-23 15:00:00+00:00,11.135,11.165,11.02,11.065,43635.0,,,,,,,,,,,,,,,,,,,,,,,,,,,,,"rgba(38, 166, 154, 1.0)",,10.737371401119994,,78.06518288329397,22.237392338612395,True,False,True,False,True,,0.0,0.0,0.0,0.0,0,,,False,False,False,False,,,False,False,False,False,-121648.0,-92412.91927571222,False,False,False,False,62464.40877040904,False,False,False,False
2025-04-23 16:00:00+00:00,11.065,11.12,10.935,11.115,49213.0,,,,,,,,,,,,,,,,,,,,,,,,,,,,,"rgba(38, 166, 154, 1.0)",,10.737345859863,,78.40516291679472,23.007280385158666,True,False,True,False,True,,0.0,0.0,0.0,0.0,0,,,False,False,False,False,,,False,False,False,False,-72435.0,-92103.18409314303,False,False,False,False,62258.960572418204,False,False,False,False
2025-04-23 17:00:00+00:00,11.115,11.18,11.025,11.085,43745.0,,,,,,,,,,,,,,,,,,,,,,,,,,,,,"rgba(38, 166, 154, 1.0)",,10.747642745710214,,77.81925662697537,23.007280385158666,True,False,True,False,True,,0.0,0.0,0.0,0.0,0,,,False,False,False,False,,,False,False,False,False,-116180.0,-92476.46806069122,False,False,False,False,61971.92242400862,False,False,False,False
2025-04-23 18:00:00+00:00,11.085,11.12,11.01,11.015,34637.0,,,,,,,,,,,,,,,,,,,,,,,,,,,,,"rgba(38, 166, 154, 0.75)",,10.753128826738305,,75.51617092073016,23.007280385158666,True,False,True,False,False,,0.0,0.0,0.0,0.0,0,,,False,False,False,False,,,False,False,False,False,-150817.0,-93380.97243184329,False,False,False,False,61548.12517712476,False,False,False,False
2025-04-23 19:00:00+00:00,11.015,11.06,10.96,10.97,97913.0,,,,,,,,,,,,,,,,,,,,,,,,,,,,,"rgba(38, 166, 154, 0.75)",,10.763478664290242,,72.76689608698298,27.41648569448816,True,False,True,False,False,,0.0,0.0,0.0,0.0,0,,,False,False,False,False,,,False,False,False,False,-248730.0,-95789.48448716353,False,False,False,False,62111.92168600655,False,False,False,False
2025-04-24 14:00:00+00:00,9.095,9.4,8.865,9.07,199581.0,,,,,,,,,,,,,,,,,,,,,,,,,,,,,#000000,,10.368081414498862,,55.03063390175787,11.22259195949961,True,False,False,False,False,,0.0,0.0,0.0,0.0,0,,,False,False,False,False,,,False,False,False,False,-448311.0,-101254.93434007572,False,False,False,False,64243.22522575838,False,False,False,False
2025-04-24 15:00:00+00:00,9.08,9.21,9.065,9.155,99132.0,,,,,,,,,,,,,,,,,,,,,,,,,,,,,"rgba(239, 83, 80, 1.0)",,10.247760909659565,,44.13061963528088,2.1520166055120526,False,True,False,True,False,0.0,0.0,0.0,0.0,0.0,0,,,False,False,False,False,,,False,False,False,False,-349179.0,-105098.71830379548,False,False,False,False,64784.13646256833,False,False,False,False
2025-04-24 16:00:00+00:00,9.155,9.195,9.01,9.015,111443.0,,,,,,,,,,,,,,,,,,,,,,,,,,,,,"rgba(239, 83, 80, 1.0)",,10.13448738149838,,36.41711444025485,-3.940153044827383,False,True,False,True,False,0.0,0.0,0.0,0.0,0.0,0,,,False,False,False,False,,,False,False,False,False,-460622.0,-110610.70716730252,False,False,False,False,65507.529695706806,False,False,False,False
2025-04-24 17:00:00+00:00,9.01,9.12,9.005,9.02,94710.0,,,,,,,,,,,,,,,,,,,,,,,,,,,,,"rgba(239, 83, 80, 1.0)",,10.053987898247922,,31.338145778142405,-7.859279392725881,False,True,False,True,False,0.0,0.0,0.0,0.0,0.0,0,,,False,False,False,False,,,False,False,False,False,-365912.0,-114568.86674610403,False,False,False,False,65960.28117329275,False,False,False,False
2025-04-24 18:00:00+00:00,9.035,9.05,9.0,9.005,61534.0,,,,,,,,,,,,,,,,,,,,,,,,,,,,,"rgba(239, 83, 80, 1.0)",,10.006995427258724,,27.895296964449855,-10.64764723711751,False,True,False,True,False,0.0,0.0,0.0,0.0,0.0,0,,,False,False,False,False,,,False,False,False,False,-427446.0,-119419.67501360629,False,False,False,False,65891.65665897813,False,False,False,False
2025-04-24 19:00:00+00:00,9.005,9.055,8.9,8.925,291933.0,,,,,,,,,,,,,,,,,,,,,,,,,,,,,"rgba(239, 83, 80, 1.0)",,9.82448529792328,,25.277199057227108,-13.043349765202706,False,True,False,True,False,0.0,0.0,0.0,0.0,0.0,0,,,False,False,False,False,,,False,False,False,False,-719379.0,-128721.36997463566,False,False,False,False,69396.17361000172,False,False,False,False
2025-04-25 14:00:00+00:00,8.745,8.9,8.7,8.84,105157.0,,,,,,,,,,,,,,,,,,,,,,,,,,,,,"rgba(239, 83, 80, 1.0)",,9.527346711252205,,23.182894705667493,-15.253068686061127,False,True,False,True,False,0.0,0.0,0.0,0.0,0.0,0,,,False,False,False,False,,,False,False,False,False,-824536.0,-139509.1936959591,False,False,False,False,69950.60502690091,False,False,False,False
2025-04-25 15:00:00+00:00,8.845,9.08,8.815,8.93,87536.0,,,,,,,,,,,,,,,,,,,,,,,,,,,,,"rgba(239, 83, 80, 1.0)",,9.513556210445696,,23.36818936639081,-15.585671347947574,False,True,False,True,False,0.0,0.0,0.0,0.0,0.0,0,,,False,False,False,False,,,False,False,False,False,-737000.0,-148772.61704951013,False,False,False,False,70223.24680942959,False,False,False,False
2025-04-25 16:00:00+00:00,8.935,9.08,8.885,9.075,31458.0,,,,,,,,,,,,,,,,,,,,,,,,,,,,,"rgba(239, 83, 80, 1.0)",,9.509894945607286,,25.93131302107873,-15.585671347947574,False,True,False,True,False,0.0,0.0,0.0,0.0,0.0,0,,,False,False,False,False,,,False,False,False,False,-705542.0,-157404.70050610686,False,False,False,False,69622.23523098882,False,False,False,False
2025-04-25 17:00:00+00:00,9.075,9.16,8.985,9.015,68505.0,,,,,,,,,,,,,,,,,,,,,,,,,,,,,"rgba(239, 83, 80, 1.0)",,9.502593731574748,,27.19733572562164,-15.585671347947574,False,True,False,True,False,0.0,0.0,0.0,0.0,0.0,0,,,False,False,False,False,,,False,False,False,False,-774047.0,-166965.04623469434,False,False,False,False,69604.91375453939,False,False,False,False
2025-04-25 18:00:00+00:00,9.015,9.09,9.01,9.045,23756.0,,,,,,,,,,,,,,,,,,,,,,,,,,,,,"rgba(239, 83, 80, 0.75)",,9.499236463976207,,28.59157666265329,-15.585671347947574,False,True,False,True,True,0.0,0.0,0.0,0.0,0.0,0,,,False,False,False,False,,,False,False,False,False,-750291.0,-176008.85947136575,False,False,False,False,68894.07788237598,False,False,False,False
2025-04-25 19:00:00+00:00,9.045,9.17,9.04,9.17,81395.0,,,,,,,,,,,,,,,,,,,,,,,,,,,,,"rgba(239, 83, 80, 0.75)",,9.493030302079358,,31.789851167170724,-15.585671347947574,False,True,False,True,True,0.0,0.0,0.0,0.0,0.0,0,,,False,False,False,False,,,False,False,False,False,-668896.0,-183650.52056483296,False,False,False,False,69087.89062838565,False,False,False,False
2025-04-28 14:00:00+00:00,8.955,9.04,8.925,9.025,81880.0,,,,,,,,,,,,,,,,,,,,,,,,,,,,,"rgba(239, 83, 80, 0.75)",,9.47539431594761,,32.463227994531906,-15.585671347947574,False,True,False,True,True,0.0,0.0,0.0,0.0,0.0,0,,,False,False,False,False,,,False,False,False,False,-750776.0,-192443.16365685104,False,False,False,False,69286.21790546493,False,False,False,False
2025-04-28 15:00:00+00:00,9.025,9.13,9.02,9.095,38720.0,,,,,,,,,,,,,,,,,,,,,,,,,,,,,"rgba(239, 83, 80, 0.75)",,9.470166296238853,,34.20497144099761,-15.585671347947574,False,True,False,True,True,0.0,0.0,0.0,0.0,0.0,0,,,False,False,False,False,,,False,False,False,False,-712056.0,-200499.17662341148,False,False,False,False,68812.3230542174,False,False,False,False
2025-04-28 16:00:00+00:00,9.095,9.205,9.085,9.185,69314.0,,,,,,,,,,,,,,,,,,,,,,,,,,,,,"rgba(239, 83, 80, 0.75)",,9.464824334077571,,36.98899438650675,-20.308650481331934,False,True,False,True,True,0.0,0.0,0.0,0.0,0.0,0,,,False,False,False,False,,,False,False,False,False,-642742.0,-207355.65450521905,False,False,False,False,68820.10099136132,False,False,False,False
2025-04-28 17:00:00+00:00,9.185,9.195,9.11,9.15,39262.0,,,,,,,,,,,,,,,,,,,,,,,,,,,,,"rgba(239, 83, 80, 0.75)",,9.461386475371135,,38.3761263992594,-18.534137368909953,False,True,False,True,True,0.0,0.0,0.0,0.0,0.0,0,,,False,False,False,False,,,False,False,False,False,-682004.0,-214714.5435826575,False,False,False,False,68361.83585971232,False,False,False,False
2025-04-28 18:00:00+00:00,9.145,9.185,9.125,9.125,27235.0,,,,,,,,,,,,,,,,,,,,,,,,,,,,,"rgba(239, 83, 80, 0.75)",,9.45882511635559,,38.94598012747448,-17.49693455900124,False,True,False,True,True,0.0,0.0,0.0,0.0,0.0,0,,,False,False,False,False,,,False,False,False,False,-709239.0,-222381.58941858527,False,False,False,False,67724.21049754624,False,False,False,False
2025-04-28 19:00:00+00:00,9.125,9.235,9.125,9.14,90800.0,,,,,,,,,,,,,,,,,,,,,,,,,,,,,"rgba(239, 83, 80, 0.75)",,9.451475326677668,,39.6686884828101,-16.289677039456222,False,True,False,True,True,0.0,0.0,0.0,0.0,0.0,0,,,False,False,False,False,,,False,False,False,False,-618439.0,-228522.01438883977,False,False,False,False,68081.97467587885,False,False,False,False
2025-04-29 14:00:00+00:00,9.05,9.105,8.98,9.095,58101.0,,,,,,,,,,,,,,,,,,,,,,,,,,,,,"rgba(239, 83, 80, 0.75)",,9.442876306461882,,39.40003870841754,-16.036745705303375,False,True,False,True,True,0.0,0.0,0.0,0.0,0.0,0,,,False,False,False,False,,,False,False,False,False,-676540.0,-235468.02966963296,False,False,False,False,67927.23088245437,False,False,False,False
2025-04-29 15:00:00+00:00,9.095,9.11,9.06,9.1,29025.0,,,,,,,,,,,,,,,,,,,,,,,,,,,,,"rgba(239, 83, 80, 0.75)",,9.439238262469619,,39.35948276876944,-15.530073952898384,False,True,False,True,True,0.0,0.0,0.0,0.0,0.0,0,,,False,False,False,False,,,False,False,False,False,-647515.0,-241856.35479103398,False,False,False,False,67324.0955199357,False,False,False,False
2025-04-29 16:00:00+00:00,9.105,9.165,9.08,9.155,34745.0,,,,,,,,,,,,,,,,,,,,,,,,,,,,,"rgba(239, 83, 80, 0.75)",,9.435846077437777,,40.903129957868174,-13.594983490928833,False,True,False,True,True,0.0,0.0,0.0,0.0,0.0,0,,,False,False,False,False,,,False,False,False,False,-612770.0,-247606.95394156058,False,False,False,False,66818.99326381266,False,False,False,False
2025-04-29 17:00:00+00:00,9.155,9.175,9.145,9.165,15005.0,,,,,,,,,,,,,,,,,,,,,,,,,,,,,"rgba(239, 83, 80, 0.75)",,9.434640079783131,,42.22394275621741,-11.975803739825317,False,True,False,True,True,0.0,0.0,0.0,0.0,0.0,0,,,False,False,False,False,,,False,False,False,False,-597765.0,-253035.76085719527,False,False,False,False,66015.67553879232,False,False,False,False
2025-04-29 18:00:00+00:00,9.165,9.2,9.16,9.19,25700.0,,,,,,,,,,,,,,,,,,,,,,,,,,,,,"rgba(239, 83, 80, 0.75)",,9.43289711007715,,43.878115494420946,-10.12810356583769,False,True,False,True,True,0.0,0.0,0.0,0.0,0.0,0,,,False,False,False,False,,,False,False,False,False,-572065.0,-257981.95061134727,False,False,False,False,65390.626305632744,False,False,False,False
2025-04-29 19:00:00+00:00,9.195,9.25,9.085,9.095,72283.0,,,,,,,,,,,,,,,,,,,,,,,,,,,,,"rgba(239, 83, 80, 0.75)",,9.369819230700514,,42.582073747776214,-10.12810356583769,False,True,False,True,True,0.0,0.0,0.0,0.0,0.0,0,,,False,False,False,False,,,False,False,False,False,-644348.0,-263972.1219196985,False,False,False,False,65497.484812522154,False,False,False,False
2025-04-30 14:00:00+00:00,8.935,8.95,8.84,8.895,61031.0,,,,,,,,,,,,,,,,,,,,,,,,,,,,,"rgba(239, 83, 80, 1.0)",,9.336569430333972,,38.18079688930506,-7.780308561635842,False,True,False,True,False,0.0,0.0,0.0,0.0,0.0,0,,,False,False,False,False,,,False,False,False,False,-705379.0,-270815.63940931554,False,False,False,False,65428.23698597142,False,False,False,False
2025-04-30 15:00:00+00:00,8.895,8.905,8.83,8.865,35964.0,,,,,,,,,,,,,,,,,,,,,,,,,,,,,"rgba(239, 83, 80, 1.0)",,9.32331688497773,,34.82689267664864,-10.840584448302167,False,True,False,True,False,0.0,0.0,0.0,0.0,0.0,0,,,False,False,False,False,,,False,False,False,False,-741343.0,-278110.6372479308,False,False,False,False,64971.42711021993,False,False,False,False
2025-04-30 16:00:00+00:00,8.865,8.865,8.77,8.8,25274.0,,,,,,,,,,,,,,,,,,,,,,,,,,,,,"rgba(239, 83, 80, 1.0)",0.6498129113982103,9.313679548494502,-0.7905037580573933,31.704362896706932,-13.636240036618005,False,True,False,True,False,0.0,0.0,0.0,0.0,0.0,0,,,False,False,False,False,,,False,False,False,False,-766617.0,-285684.3793061024,False,False,False,False,64355.96312401497,False,False,False,False
2025-04-30 17:00:00+00:00,8.795,8.815,8.76,8.775,17981.0,,,,,,,,,,,,,,,,,,,,,,,,,,,,,"rgba(239, 83, 80, 1.0)",0.6585656882694118,9.306903922637028,-0.8076702629843541,29.288997814637323,-15.787245010507107,False,True,False,True,False,0.0,0.0,0.0,0.0,0.0,0,,,False,False,False,False,,,False,False,False,False,-784598.0,-293419.47420058143,False,False,False,False,63636.97144767365,False,False,False,False
2025-04-30 18:00:00+00:00,8.775,8.845,8.755,8.765,24193.0,,,,,,,,,,,,,,,,,,,,,,,,,,,,,"rgba(239, 83, 80, 1.0)",0.6673824288264596,9.298794854990579,-0.7998335466056773,27.53701098783261,-17.391792972390043,False,True,False,True,False,0.0,0.0,0.0,0.0,0.0,0,,,False,False,False,False,,,False,False,False,False,-808791.0,-301409.7304145259,False,False,False,False,63025.437006624445,False,False,False,False
2025-04-30 19:00:00+00:00,8.765,8.795,8.715,8.76,67849.0,,,,,,,,,,,,,,,,,,,,,,,,,,,,,"rgba(239, 83, 80, 1.0)",0.6758319064425441,9.277279768397342,-0.7653970809401539,26.291434037036648,-18.62129919614756,False,True,False,True,False,0.0,0.0,0.0,0.0,0.0,0,,,False,False,False,False,,,False,False,False,False,-876640.0,-310328.02916778903,False,False,False,False,63100.22092900235,False,False,False,False
2025-05-01 14:00:00+00:00,8.76,8.79,8.66,8.705,15761.0,,,,,,,,,,,,,,,,,,,,,,,,,,,,,"rgba(239, 83, 80, 1.0)",0.6846385578938369,9.272289103662581,-0.8285964866012524,24.611985351692127,-20.326008418325664,False,True,False,True,False,0.0,0.0,0.0,0.0,0.0,0,,,False,False,False,False,,,False,False,False,False,-892401.0,-319352.41631247447,False,False,False,False,62366.279519250376,False,False,False,False
2025-05-01 15:00:00+00:00,8.705,8.75,8.66,8.665,15107.0,,,,,,,,,,,,,,,,,,,,,,,,,,,,,"rgba(239, 83, 80, 1.0)",0.6930993519775568,9.267316323654482,-0.869018737264649,22.921958677291208,-22.06567941805927,False,True,False,True,False,0.0,0.0,0.0,0.0,0.0,0,,,False,False,False,False,,,False,False,False,False,-907508.0,-328471.1075324361,False,False,False,False,61633.57751119998,False,False,False,False
2025-05-01 16:00:00+00:00,8.665,8.675,8.63,8.635,14627.0,,,,,,,,,,,,,,,,,,,,,,,,8.646666666666667,,,,8.646666666666667,"rgba(239, 83, 80, 1.0)",0.701799084464316,9.15950577422301,-0.7473731240663649,21.380903285907095,-23.684896114703868,False,True,False,True,False,0.0,0.0,0.0,0.0,0.0,0,,,False,False,False,False,,,False,False,False,False,-922135.0,-337675.19888852234,False,False,False,False,60904.79336373952,False,False,False,False
2025-05-01 17:00:00+00:00,8.635,8.69,8.635,8.67,9148.0,,,,,,,,,,,,,,,,,,,,,,,,8.653720855240097,,,,8.653720855240097,"rgba(239, 83, 80, 1.0)",0.7093839034842274,9.158163243079505,-0.6881510007230648,22.45210859515305,-23.684896114703868,False,True,False,True,False,0.0,0.0,0.0,0.0,0.0,0,,,False,False,False,False,,,False,False,False,False,-912987.0,-346594.7616964522,False,False,False,False,60102.36245887534,False,False,False,False
2025-05-01 18:00:00+00:00,8.67,8.705,8.67,8.695,11758.0,,,,,,,,,,,,,,,,,,,,,,,,8.665725757277272,,,,8.665725757277272,"rgba(239, 83, 80, 0.75)",0.716386182280311,9.157230438074835,-0.6452252283866236,24.631898261433527,-23.684896114703868,False,True,False,True,True,0.0,0.0,0.0,0.0,0.0,0,,,False,False,False,False,,,False,False,False,False,-901229.0,-355193.7421352669,False,False,False,False,59352.83745951293,False,False,False,False
2025-05-01 19:00:00+00:00,8.695,8.755,8.675,8.715,22904.0,,,,,,,,,,,,,,,,,,,,,,,,8.685038474482491,,,,8.685038474482491,"rgba(239, 83, 80, 0.75)",0.7228441821801628,9.155364360751701,-0.6092106315686499,27.26532344809745,-27.49850935566445,False,True,False,True,True,0.0,0.0,0.0,0.0,0.0,0,,,False,False,False,False,,,False,False,False,False,-878325.0,-363304.3042727046,False,False,False,False,58787.73920432668,False,False,False,False
2025-05-02 14:00:00+00:00,8.98,9.04,8.97,8.995,22607.0,,,,,,,,,,,,,,,,,,,,,,,,8.773361034335258,,,,8.773361034335258,"rgba(239, 83, 80, 0.5)",0.7252298051447326,9.169777591242907,-0.24099615046575162,38.91359433252374,-16.84592308093106,False,False,False,True,True,0.0,0.0,0.0,0.0,0.0,0,,,False,False,False,False,,,False,False,False,False,-855718.0,-370938.62513669365,False,False,False,False,58226.79751123634,False,False,False,False
2025-05-02 15:00:00+00:00,8.995,9.02,8.86,8.88,29017.0,,,,,,,,,,,,,,,,,,,,,,,,8.812021621343316,,,,8.812021621343316,"rgba(239, 83, 80, 0.5)",0.7288204897684357,9.174089366437316,-0.40351413079886805,43.1763201638627,-13.416327286391265,True,False,False,True,True,0.0,0.0,0.0,0.0,0.0,0,,,False,False,False,False,,,False,False,False,False,-884735.0,-378904.4604058922,False,False,False,False,57773.93243354275,False,False,False,False
2025-05-02 16:00:00+00:00,8.885,8.965,8.875,8.935,18810.0,,,,,,,,,,,,,,,,,,,,,,,,8.828511935708319,,,,8.828511935708319,#000000,0.7317105529738718,9.175503758189398,-0.3286870159408318,47.359426456408656,-9.9210289486412,True,False,False,False,True,0.0,0.0,0.0,0.0,0.0,0,,,False,False,False,False,,,False,False,False,False,-865925.0,-386455.16644611093,False,False,False,False,57169.840457828905,False,False,False,False
2025-05-02 17:00:00+00:00,8.935,8.97,8.905,8.955,10745.0,,,,,,,,,,,,,,,,,,,,,,,,8.837348716001987,,,,8.837348716001987,"rgba(38, 166, 154, 1.0)",0.7334418306307016,9.17633531345145,-0.3017762339258981,50.63458026417507,-7.122369396518813,True,False,True,False,True,0.0,0.0,0.0,0.0,0.0,0,,,False,False,False,False,,,False,False,False,False,-855180.0,-393722.218129117,False,False,False,False,56450.075489490475,False,False,False,False
2025-05-02 18:00:00+00:00,8.955,8.98,8.915,8.945,14613.0,,,,,,,,,,,,,,,,,,,,,,,,8.847706451661706,,,,8.847706451661706,"rgba(38, 166, 154, 1.0)",0.7359616617511833,9.177210368019622,-0.315519652840461,52.47105430882645,-5.46422109351699,True,False,True,False,True,0.0,0.0,0.0,0.0,0.0,0,,,False,False,False,False,,,False,False,False,False,-869793.0,-401103.1604837043,False,False,False,False,55801.43866019605,False,False,False,False
2025-05-02 19:00:00+00:00,8.945,8.97,8.91,8.92,66229.0,,,,,,,,,,,,,,,,,,,,,,,,8.873430094016395,,,,8.873430094016395,"rgba(38, 166, 154, 1.0)",0.7387614909702156,9.177027141914385,-0.3479162693995206,52.78396055552581,-4.979322930049548,True,False,True,False,True,0.0,0.0,0.0,0.0,0.0,0,,,False,False,False,False,,,False,False,False,False,-936022.0,-409396.47582504223,False,False,False,False,55963.10627786743,False,False,False,False
2025-05-05 14:00:00+00:00,8.83,9.02,8.825,9.01,22193.0,,,,,,,,,,,,,,,,,,,,,,,,8.880585655942072,,,,8.880585655942072,"rgba(38, 166, 154, 1.0)",0.740630654081885,9.176941698630307,-0.2254047921325299,55.551034733832324,-2.0683500034190985,True,False,True,False,True,0.0,0.0,0.0,0.0,0.0,0,,,False,False,False,False,,,False,False,False,False,-913829.0,-417217.13511457643,False,False,False,False,55439.53873867569,False,False,False,False
2025-05-05 15:00:00+00:00,9.005,9.05,8.96,9.02,15043.0,,,,,,,,,,,,,,,,,,,,,,,,8.888140274899687,,,,8.888140274899687,"rgba(38, 166, 154, 1.0)",0.7427911993055388,9.17781086555278,-0.21245656343306685,57.65748355064039,0.22432452012554194,True,False,True,False,True,0.0,0.0,0.0,0.0,0.0,0,,,False,False,False,False,,,False,False,False,False,-898786.0,-424683.3190662884,False,False,False,False,54813.23581249467,False,False,False,False
2025-05-05 16:00:00+00:00,9.03,9.08,9.01,9.015,8150.0,,,,,,,,,,,,,,,,,,,,,,,,8.892642564812446,,,,8.892642564812446,"rgba(38, 166, 154, 1.0)",0.7446190573310189,9.178452924588756,-0.21951214245661269,58.830338225939784,1.6964045414269933,True,False,True,False,True,0.0,0.0,0.0,0.0,0.0,0,,,False,False,False,False,,,False,False,False,False,-906936.0,-432160.1048171987,False,False,False,False,54089.774792145916,False,False,False,False
2025-05-05 17:00:00+00:00,9.015,9.08,9.0,9.045,7196.0,,,,,,,,,,,,,,,,,,,,,,,,8.896570111827327,,,,8.896570111827327,"rgba(38, 166, 154, 1.0)",0.7450427341271573,9.179031832790823,-0.17989818120680826,60.52352974834779,3.6971384804160294,True,False,True,False,True,0.0,0.0,0.0,0.0,0.0,0,,,False,False,False,False,,,False,False,False,False,-899740.0,-439409.40551770723,False,False,False,False,53362.73952405063,False,False,False,False
2025-05-05 18:00:00+00:00,9.045,9.1,9.045,9.08,15406.0,,,,,,,,,,,,,,,,,,,,,,,,8.906100113481669,,,,8.906100113481669,"rgba(38, 166, 154, 1.0)",0.7448023923186591,9.180712264341384,-0.135220113925594,62.67010147598765,6.098935832621031,True,False,True,False,True,0.0,0.0,0.0,0.0,0.0,0,,,False,False,False,False,,,False,False,False,False,-884334.0,-446307.46124611486,False,False,False,False,52774.2629422824,False,False,False,False
2025-05-05 19:00:00+00:00,9.085,9.115,9.035,9.045,19682.0,,,,,,,,,,,,,,,,,,,,,,,,8.916250010818016,,,,8.916250010818016,"rgba(38, 166, 154, 1.0)",0.7445660505311785,9.182372084991025,-0.18449952813860201,62.161295559499294,6.098935832621031,True,False,True,False,True,0.0,0.0,0.0,0.0,0.0,0,,,False,False,False,False,,,False,False,False,False,-904016.0,-453403.71766090376,False,False,False,False,52261.20460209197,False,False,False,False
2025-05-06 14:00:00+00:00,9.205,9.265,9.175,9.185,29854.0,,,,,,,,,,,,,,,,,,,,,,,,8.942049773853835,,,,8.942049773853835,"rgba(38, 166, 154, 1.0)",0.7437609382949114,9.188708390536314,-0.004985997980501056,65.46337385247065,9.425343699633594,True,False,True,False,True,0.0,0.0,0.0,0.0,0.0,0,,,False,False,False,False,,,False,False,False,False,-874162.0,-459927.10188321536,False,False,False,False,51913.80608112931,False,False,False,False
2025-05-06 15:00:00+00:00,9.185,9.21,9.17,9.2,7727.0,,,,,,,,,,,,,,,,,,,,,,,,8.947666254952384,,,,8.947666254952384,"rgba(38, 166, 154, 1.0)",0.742773545934785,9.190078898658218,0.01335683183128946,67.96993148668875,12.023774812845474,True,False,True,False,True,0.0,0.0,0.0,0.0,0.0,0,,,False,False,False,False,,,False,False,False,False,-866435.0,-466229.5499160337,False,False,False,False,51228.73932018157,False,False,False,False
2025-05-06 16:00:00+00:00,9.2,9.235,9.195,9.205,19550.0,,,,,,,,,,,,,,,,,,,,,,,,8.96179652429281,,,,8.96179652429281,"rgba(38, 166, 154, 1.0)",0.7421557229565171,9.193655683080097,0.015285628836372486,69.75031461355363,13.92276492053361,True,False,True,False,True,0.0,0.0,0.0,0.0,0.0,0,,,False,False,False,False,,,False,False,False,False,-846885.0,-472131.1848010564,False,False,False,False,50737.596074907444,False,False,False,False
2025-05-06 17:00:00+00:00,9.205,9.345,9.195,9.26,22655.0,,,,,,,,,,,,,,,,,,,,,,,,8.979601586949688,,,,8.979601586949688,"rgba(38, 166, 154, 1.0)",0.7412537589349066,9.19854329439441,0.08290913181188539,72.099336930551,16.345895461278943,True,False,True,False,True,0.0,0.0,0.0,0.0,0.0,0,,,False,False,False,False,,,False,False,False,False,-824230.0,-477590.0811607299,False,False,False,False,50302.20698847477,False,False,False,False
2025-05-06 18:00:00+00:00,9.255,9.28,9.21,9.24,37429.0,,,,,,,,,,,,,,,,,,,,,,,,9.00280924649832,,,,9.00280924649832,"rgba(38, 166, 154, 1.0)",0.7403446056635574,9.204916536152355,0.047388018470399015,72.36676888858807,16.86415114548187,True,False,True,False,True,0.0,0.0,0.0,0.0,0.0,0,,,False,False,False,False,,,False,False,False,False,-861659.0,-483544.63804195885,False,False,False,False,50102.622384002294,False,False,False,False
2025-05-06 19:00:00+00:00,9.245,9.26,9.2,9.215,134318.0,,,,,,,,,,,,,,,,,,,,,,,,9.05613477325262,,,,9.05613477325262,"rgba(38, 166, 154, 1.0)",0.7394455982645282,9.219850074858957,-0.006559069213936195,70.9269862183188,16.86415114548187,True,False,True,False,True,0.0,0.0,0.0,0.0,0.0,0,,,False,False,False,False,,,False,False,False,False,-995977.0,-491489.325824254,False,False,False,False,51408.28715324256,False,False,False,False
2025-05-07 14:00:00+00:00,9.125,9.245,9.1,9.195,28303.0,,,,,,,,,,,,,,,,,,,,,,,,9.062097310946477,,,,9.062097310946477,"rgba(38, 166, 154, 0.75)",0.7385378603505471,9.22131614112374,-0.0356327583683372,68.68468723990715,16.86415114548187,True,False,True,False,False,0.0,0.0,0.0,0.0,0.0,0,,,False,False,False,False,,,False,False,False,False,-1024280.0,-499749.64635411056,False,False,False,False,51050.06564699074,False,False,False,False
2025-05-07 15:00:00+00:00,9.195,9.235,9.19,9.205,16214.0,,,,,,,,,,,,,,,,,,,,,,,,9.06606649585608,,,,9.06606649585608,"rgba(38, 166, 154, 0.75)",0.7375043563774173,9.22242162382801,-0.02362240124734228,67.55764037805888,16.86415114548187,True,False,True,False,False,0.0,0.0,0.0,0.0,0.0,0,,,False,False,False,False,,,False,False,False,False,-1008066.0,-507630.5200540468,False,False,False,False,50509.97160595212,False,False,False,False
2025-05-07 16:00:00+00:00,9.205,9.21,9.175,9.195,12142.0,,,,,,,,,,,,,,,,,,,,,,,,9.068573754975771,,,,9.068573754975771,"rgba(38, 166, 154, 0.75)",0.7364195521282345,9.22307548400502,-0.03812430553192524,66.07675551713712,20.858770731128416,True,False,True,False,False,0.0,0.0,0.0,0.0,0.0,0,,,False,False,False,False,,,False,False,False,False,-1020208.0,-515577.4577276275,False,False,False,False,49915.11933299162,False,False,False,False
2025-05-07 17:00:00+00:00,9.195,9.26,9.19,9.245,17703.0,,,,,,,,,,,,,,,,,,,,,,,,9.073127586328363,,,,9.073127586328363,"rgba(38, 166, 154, 0.75)",0.7305749741079182,9.22443222820183,0.02815285566451916,67.03965183471249,20.858770731128416,True,False,True,False,False,0.0,0.0,0.0,0.0,0.0,0,,,False,False,False,False,,,False,False,False,False,-1002505.0,-523126.72194890457,False,False,False,False,49415.70663015454,False,False,False,False
2025-05-07 18:00:00+00:00,9.25,9.255,9.16,9.18,12796.0,,,,,,,,,,,,,,,,,,,,,,,,9.075604527696312,,,,9.075604527696312,"rgba(38, 166, 154, 0.75)",0.7272365750125803,9.225090450808478,-0.06200245196372117,63.353004865842586,17.991020495201866,True,False,True,False,False,0.0,0.0,0.0,0.0,0.0,0,,,False,False,False,False,,,False,False,False,False,-1015301.0,-530757.330910937,False,False,False,False,48847.95924053974,False,False,False,False
2025-05-07 19:00:00+00:00,9.18,9.235,9.18,9.195,26011.0,,,,,,,,,,,,,,,,,,,,,,,,9.080542407938609,,,,9.080542407938609,"rgba(38, 166, 154, 0.75)",0.7240768400316795,9.226430211186294,-0.04340728697373957,61.5791040132136,16.24538283768065,True,False,True,False,False,0.0,0.0,0.0,0.0,0.0,0,,,False,False,False,False,,,False,False,False,False,-989290.0,-537866.3645402249,False,False,False,False,48493.89785696548,False,False,False,False
2025-05-08 14:00:00+00:00,9.24,9.43,9.225,9.385,74770.0,,,,,,,,,,,,,,,,,,,,,,,,9.107158393525951,,,,9.107158393525951,"rgba(38, 166, 154, 1.0)",0.7203653164812845,9.236129192912623,0.20666015378774102,65.97953305967887,16.24538283768065,True,False,True,False,True,0.21796282598804595,0.0,0.0,0.0,0.0,0,,,False,False,False,False,,,False,False,False,False,-914520.0,-543705.9557876632,False,False,False,False,48901.279285539655,False,False,False,False
2025-05-08 15:00:00+00:00,9.385,9.56,9.34,9.415,106130.0,,,,,,,,,,,,,,,,,,,,,,,,9.148327845649876,,,,9.148327845649876,"rgba(38, 166, 154, 1.0)",0.7166966702288416,9.252844956331996,0.226253379433487,69.46964328804582,14.206636279261843,True,False,True,False,True,0.9292537642724064,0.0,0.0,0.0,0.0,0,,,False,False,False,False,,,False,False,False,False,-808390.0,-547809.5843801026,False,False,False,False,49788.54627336074,False,False,False,False
2025-05-08 16:00:00+00:00,9.415,9.51,9.4,9.495,43600.0,,,,,,,,,,,,,,,,,,,,,,,,9.163876461279575,,,,9.163876461279575,"rgba(38, 166, 154, 1.0)",0.7128017805662176,9.259529112121559,0.330345538266463,73.0970408569701,17.473655659465777,True,False,True,False,True,2.797964505484906,0.0,0.0,0.0,0.0,0,,,False,False,False,False,,,False,False,False,False,-764790.0,-551173.6218315739,False,False,False,False,49692.599819510186,False,False,False,False
2025-05-08 17:00:00+00:00,9.495,9.55,9.485,9.515,34585.0,,,,,,,,,,,,,,,,,,,,,,,,9.176969124508851,,,,9.176969124508851,"rgba(38, 166, 154, 1.0)",0.695476193075742,9.265361561352064,0.3589460590216772,75.80691655906767,19.906837158472754,True,False,True,False,True,3.2596780513402877,0.0,0.0,0.0,0.0,0,,,False,False,False,False,,,False,False,False,False,-730205.0,-553949.3021132549,False,False,False,False,49458.37346571933,False,False,False,False
2025-05-08 18:00:00+00:00,9.515,9.555,9.495,9.54,83313.0,,,,,,,,,,,,,,,,,,,,,,,,9.205940017086474,,,,9.205940017086474,"rgba(38, 166, 154, 1.0)",0.6777288051524186,9.278742963613427,0.3854890546194459,77.98223178124616,21.9235397444792,True,False,True,False,True,3.8400981632262017,0.0,0.0,0.0,0.0,0,,,False,False,False,False,,,False,False,False,False,-646892.0,-555390.2741735146,False,False,False,False,49983.25139648336,False,False,False,False
2025-05-08 19:00:00+00:00,9.535,9.535,9.47,9.47,105110.0,,,,,,,,,,,,,,,,,,,,,,,,9.232746863000274,,,,9.232746863000274,"rgba(38, 166, 154, 0.75)",0.6536912721455523,9.291669336038588,0.2728056370954657,75.13598145707857,21.9235397444792,True,False,True,False,False,2.0588131953721174,0.0,0.0,0.0,0.0,0,,,False,False,False,False,,,False,False,False,False,-752002.0,-558438.5179847778,False,False,False,False,50837.929669406105,False,False,False,False
2025-05-09 14:00:00+00:00,9.635,9.645,9.545,9.575,76358.0,,,,,,,,,,,,,,,,,,,,,,,,9.255435893214875,,,,9.255435893214875,"rgba(38, 166, 154, 0.75)",0.6318739682181114,9.30321886669489,0.4301192120187107,75.36699169791105,21.9235397444792,True,False,True,False,False,4.496956863273571,0.0,0.0,0.0,0.0,0,,,False,False,False,False,,,False,False,False,False,-675644.0,-560255.6572408277,False,False,False,False,51233.58967453159,False,False,False,False
2025-05-09 15:00:00+00:00,9.575,9.62,9.44,9.47,69381.0,,,,,,,,,,,,,,,,,,,,,,,,9.26938600232582,,,,9.26938600232582,"rgba(38, 166, 154, 0.75)",0.6077428554729123,9.31054183734262,0.2623776836229498,70.70973628907889,26.917087254583166,True,False,True,False,False,1.8748833609272104,0.0,0.0,0.0,0.0,0,,,False,False,False,False,,,False,False,False,False,-745025.0,-563120.2982138381,False,False,False,False,51514.94487337606,False,False,False,False
2025-05-09 16:00:00+00:00,9.47,9.5,9.405,9.455,40988.0,,,,,,,,,,,,,,,,,,,,,,,,9.275154371307728,,,,9.275154371307728,"rgba(38, 166, 154, 0.75)",0.583414514299641,9.31363927308529,0.24229895460246925,66.9974274453505,23.415934447116783,True,False,True,False,False,1.5070326498948816,0.0,0.0,0.0,0.0,0,,,False,False,False,False,,,False,False,False,False,-786013.0,-566575.9990167244,False,False,False,False,51351.73642572681,False,False,False,False
2025-05-09 17:00:00+00:00,9.455,9.56,9.445,9.54,34796.0,,,,,,,,,,,,,,,,,,,,,,,,9.281373844484142,,,,9.281373844484142,"rgba(38, 166, 154, 0.75)",0.5410583306050349,9.317024953398432,0.41210907214426695,66.66682258078865,22.996789652148166,True,False,True,False,False,3.4857391268600644,0.0,0.0,0.0,0.0,0,,,False,False,False,False,,,False,False,False,False,-751217.0,-569438.6501947597,False,False,False,False,51095.058341607015,False,False,False,False
2025-05-09 18:00:00+00:00,9.545,9.565,9.515,9.54,31780.0,,,,,,,,,,,,,,,,,,,,,,,,9.287357314125986,,,,9.287357314125986,"rgba(38, 166, 154, 0.75)",0.49754036460814327,9.320322942100779,0.4415261022535034,66.44641933774741,22.488562495096332,True,False,True,False,False,3.4857391268600644,0.0,0.0,0.0,0.0,0,,,False,False,False,False,,,False,False,False,False,-751217.0,-572256.9191839882,False,False,False,False,50795.600072744885,False,False,False,False
2025-05-09 19:00:00+00:00,9.545,9.565,9.4,9.41,66627.0,,,,,,,,,,,,,,,,,,,,,,,,9.295266688792179,,,,9.295266688792179,"rgba(38, 166, 154, 0.5)",0.4448200364921236,9.324787814908024,0.19156552785698236,61.11856539805671,17.26760091811397,False,False,True,False,False,0.25898250357562347,0.0,0.0,0.0,0.0,0,,,False,False,False,False,,,False,False,False,False,-817844.0,-576064.4708245465,False,False,False,False,51041.04813363256,False,False,False,False
2025-05-12 14:00:00+00:00,9.965,10.07,9.915,10.07,74470.0,,,,,,,,,,,,,,,,,,,,,,,,9.330815260901005,,,,9.330815260901005,"rgba(38, 166, 154, 1.0)",0.3989365706316938,9.344974537639915,1.817395334832421,67.03731166945992,17.26760091811397,True,False,True,False,True,13.382594276409378,0.0,0.0,0.0,0.0,0,,,False,False,False,False,,,False,False,False,False,-743374.0,-578658.4170133133,False,False,False,False,51404.287697452215,False,False,False,False
2025-05-12 15:00:00+00:00,10.065,10.19,10.05,10.155,49023.0,,,,,,,,,,,,,,,,,,,,,,,,9.355921487789162,,,,9.355921487789162,"rgba(38, 166, 154, 1.0)",0.35480009598095785,9.359547891066432,2.241972643029553,71.52340990270837,14.508807070574363,True,False,True,False,True,14.772352282297625,0.0,0.0,0.0,0.0,0,,,False,False,False,False,,,False,False,False,False,-694351.0,-580452.1004704712,False,False,False,False,51367.36850834443,False,False,False,False
2025-05-12 16:00:00+00:00,10.155,10.29,10.155,10.185,26775.0,,,,,,,,,,,,,,,,,,,,,,,,9.370299000881884,,,,9.370299000881884,"rgba(38, 166, 154, 1.0)",0.3089393071389332,9.36799730779052,2.6445410905322797,74.70634612489678,17.365238267921868,True,False,True,False,True,15.257634572501932,0.0,0.0,0.0,0.0,0,,,False,False,False,False,,,False,False,False,False,-667576.0,-581802.8586027119,False,False,False,False,50986.09147720731,False,False,False,False
2025-05-12 17:00:00+00:00,10.185,10.245,10.16,10.21,18141.0,,,,,,,,,,,,,,,,,,,,,,,,9.379711897830743,,,,9.379711897830743,"rgba(38, 166, 154, 1.0)",0.3327021772377325,9.373577708526147,2.514027105017073,76.99845213702753,19.512814777220342,True,False,True,False,True,15.664179151197633,0.0,0.0,0.0,0.0,0,,,False,False,False,False,,,False,False,False,False,-649435.0,-582851.4189344528,False,False,False,False,50476.865252754484,False,False,False,False
2025-05-12 18:00:00+00:00,10.21,10.265,10.2,10.215,5328.0,,,,,,,,,,,,,,,,,,,,,,,,9.382507784465764,,,,9.382507784465764,"rgba(38, 166, 154, 1.0)",0.35459414689049507,9.37524122720373,2.36822513896599,78.56354913270604,21.128328685910645,True,False,True,False,True,15.746468555603645,0.0,0.0,0.0,0.0,0,,,False,False,False,False,,,False,False,False,False,-644107.0,-583801.1178657016,False,False,False,False,49776.88284573504,False,False,False,False
2025-05-12 19:00:00+00:00,10.215,10.295,10.19,10.26,51945.0,,,,,,,,,,,,,,,,,,,,,,,,9.409504577968526,,,,9.409504577968526,"rgba(38, 166, 154, 1.0)",0.37589080981169265,9.513871427905112,1.9849609317893946,79.95813208826378,22.71312898811196,True,False,True,False,True,16.491648672733245,0.0,0.0,0.0,0.0,0,,,False,False,False,False,,,False,False,False,False,-592162.0,-583930.7439453031,False,False,False,False,49810.49706518101,False,False,False,False
2025-05-13 14:00:00+00:00,10.035,10.215,10.01,10.195,22538.0,,,,,,,,,,,,,,,,,,,,,,,,9.419255257761185,,,,9.419255257761185,"rgba(38, 166, 154, 1.0)",0.39307895270931575,9.514309624489112,1.7316886870161756,78.52891752442437,22.71312898811196,True,False,True,False,True,14.826600695947203,0.0,0.0,0.0,0.0,0,,,False,False,False,False,,,False,False,False,False,-614700.0,-584407.7866748333,False,False,False,False,49387.66765331773,False,False,False,False
2025-05-13 15:00:00+00:00,10.195,10.23,10.14,10.175,19072.0,,,,,,,,,,,,,,,,,,,,,,,,9.427770747928818,,,,9.427770747928818,"rgba(38, 166, 154, 1.0)",0.4081963403219606,9.51781619877253,1.6099698510504115,76.85085764068751,22.71312898811196,True,False,True,False,True,14.316252768250422,0.0,0.0,0.0,0.0,0,,,False,False,False,False,0.02836011252441835,0.02836011252441835,False,False,False,False,-633772.0,-585173.1233155336,False,False,False,False,48917.6573021035,False,False,False,False
2025-05-13 16:00:00+00:00,10.175,10.25,10.13,10.205,15076.0,,,,,,,,,,,,,,,,,,,,,,,,9.43448531107752,,,,9.43448531107752,"rgba(38, 166, 154, 0.75)",0.4224291400677375,9.52110707928506,1.6189529931701139,76.14099748579855,22.71312898811196,True,False,True,False,False,14.83941767617912,0.0,0.0,0.0,0.0,0,0.9587385019710909,0.978449408672799,False,False,False,False,0.02953026871592594,0.028945190620172145,False,False,False,False,-618696.0,-585692.8578377734,False,False,False,False,48392.98044470655,False,False,False,False
2025-05-13 17:00:00+00:00,10.205,10.21,10.11,10.11,12421.0,,,,,,,,,,,,,,,,,,,,,,,,9.439559842510459,,,,9.439559842510459,"rgba(38, 166, 154, 0.75)",0.43186044208914465,9.522892314938101,1.3594847497995837,72.14278999880077,28.363353217721823,True,False,True,False,False,12.40454363769901,0.0,0.0,0.0,0.0,0,0.96309963099631,0.9670532419609911,False,False,False,False,0.02251043194590918,0.025727811283040664,False,False,False,False,-631117.0,-586397.1081038543,False,False,False,False,47835.275321532805,False,False,False,False
2025-05-13 18:00:00+00:00,10.115,10.12,10.055,10.075,12756.0,,,,,,,,,,,,,,,,,,,,,,,,9.444258271146094,,,,9.444258271146094,"rgba(38, 166, 154, 0.5)",0.44059081954832013,9.523838418516487,1.2509602039564647,68.29257544149702,24.58873660287216,False,False,True,False,False,11.522968476430734,0.0,0.0,0.0,0.0,0,0.9587410737900027,0.9717006083046813,False,False,False,False,0.00555363245270839,0.015640721867874526,False,False,False,False,-643873.0,-587288.2072030194,False,False,False,False,47291.41058786563,False,False,False,False
2025-05-13 19:00:00+00:00,10.075,10.1,9.93,10.0,203686.0,,,,,,,,,,,,,,,,,,,,,,,,9.503307068907883,,,,9.503307068907883,"rgba(38, 166, 154, 0.5)",0.44811115094761245,9.600238538987803,0.892103354640537,63.34583376272815,19.933205328695777,False,True,True,False,False,9.655944317994404,0.0,0.0,0.0,0.0,0,0.9513998943475963,0.974379292128896,False,False,False,False,-0.011399973663035044,0.0021203741024197406,False,False,False,False,-847559.0,-591323.4132928951,False,False,False,False,49716.13290433282,False,False,False,False
2025-05-14 14:00:00+00:00,9.98,10.08,9.98,10.04,28384.0,,,,,,,,,,,,,,,,,,,,,,,,9.510905631797435,,,,9.510905631797435,"rgba(38, 166, 154, 0.5)",0.45560102863940916,9.604008293463401,0.9569594428674315,61.072546936287786,17.810126981199943,False,True,True,False,False,10.414394248662784,0.0,0.0,0.0,0.0,0,0.9522049115394773,0.974650118827568,False,False,False,False,-0.007892115032502957,-0.002885870465041608,False,False,False,False,-819175.0,-594855.99603254,False,False,False,False,49385.40216162999,False,False,False,False
2025-05-14 15:00:00+00:00,10.035,10.05,10.0,10.02,46920.0,,,,,,,,,,,,,,,,,,,,,,,,9.522768209342496,,,,9.522768209342496,"rgba(38, 166, 154, 0.5)",0.4623756224285692,9.609591814350535,0.8876077495042825,58.88224027122871,15.665481207374796,False,True,True,False,False,9.911552256057401,0.0,0.0,0.0,0.0,0,0.9531250000000001,0.976694915254237,False,False,False,False,-0.009061375399859193,-0.0059736229324504,False,False,False,False,-866095.0,-599061.2519080045,False,False,False,False,49347.178872302386,False,False,False,False
2025-05-14 16:00:00+00:00,10.015,10.03,9.96,9.975,42905.0,,,,,,,,,,,,,,,,,,,,,,,,9.532419363826524,,,,9.532419363826524,"rgba(38, 166, 154, 0.5)",0.46854871774543533,9.613273801314683,0.7720140616879112,55.91204508534271,12.750198873021255,False,True,True,False,False,8.779170221732578,0.0,0.0,0.0,0.0,0,0.9502791810688648,0.9803243818133477,False,False,False,False,-0.016077569871582296,-0.011025596402016348,False,False,False,False,-909000.0,-603866.5038164075,False,False,False,False,49247.30013009614,False,False,False,False
2025-05-14 17:00:00+00:00,9.975,10.295,9.955,10.28,178136.0,,,,,,,,,,,,,,,,,,,,,,,,9.583474346974258,,,,9.583474346974258,"rgba(38, 166, 154, 0.5)",0.48035894049315103,9.651396328553723,1.3086124113791509,60.40084003216741,12.750198873021255,False,True,True,False,True,14.37116389392273,0.0,0.0,0.0,0.0,0,0.9535798583792287,0.9603986362444268,False,False,False,False,0.014323376455852578,0.0016488900269181154,False,False,False,False,-730864.0,-605835.4572456104,False,False,False,False,51245.5745466838,False,False,False,False
2025-05-14 18:00:00+00:00,10.285,10.325,10.23,10.32,94220.0,,,,,,,,,,,,,,,,,,,,,,,,9.611964550641373,,,,9.611964550641373,"rgba(38, 166, 154, 0.5)",0.49290687679234124,9.67416710939113,1.3102533582240043,63.94593734271871,6.690003866442403,False,True,True,False,True,15.048657254931381,0.0,0.0,0.0,0.0,0,0.9711286089238843,0.9572178477690286,False,False,False,False,0.05002395660810225,0.025836423317510182,False,False,False,False,-636644.0,-606313.1090712599,False,False,False,False,51911.844708750716,False,False,False,False
2025-05-14 19:00:00+00:00,10.32,10.32,10.18,10.185,125121.0,,,,,,,,,,,,,,,,,,,,,,,,9.643223122033142,,,,9.643223122033142,"rgba(38, 166, 154, 0.5)",0.5019138865876703,9.69613276584166,0.974006193536445,62.27213602309028,6.690003866442403,False,True,True,False,True,11.711695773205417,0.0,0.0,0.0,0.0,0,0.9711361847284177,0.9561794804513251,False,False,False,False,0.043579369676252144,0.03470789649688116,False,False,False,False,-761765.0,-608723.2159073644,False,False,False,False,53046.870372180936,False,False,False,False
2025-05-15 14:00:00+00:00,10.645,10.69,10.32,10.355,65152.0,,,,,,,,,,,,,,,,,,,,,,,,9.66410852834095,,,,9.66410852834095,"rgba(38, 166, 154, 0.5)",0.5142318070202803,9.796125306383164,1.0868147127172851,63.81999860012905,6.690003866442403,False,True,True,False,True,14.588325115552621,0.0,0.0,0.0,0.0,0,0.972521828454032,0.9283513097072419,False,False,False,False,0.10354829963288119,0.06912809806488118,False,False,False,False,-696613.0,-610085.848218878,False,False,False,False,53234.546800519216,False,False,False,False
2025-05-15 15:00:00+00:00,10.35,10.38,10.245,10.365,30532.0,,,,,,,,,,,,,,,,,,,,,,,,9.672041434163562,,,,9.672041434163562,"rgba(38, 166, 154, 0.5)",0.5258489232565583,9.79700343101046,1.0801516250560408,64.99208415561863,8.107078761010555,False,True,True,False,True,14.752695311268397,0.0,0.0,0.0,0.0,0,0.971282051282051,0.9425641025641024,False,False,False,False,0.05823223784661518,0.06368016795574818,False,False,False,False,-666081.0,-610953.9901069575,False,False,False,False,52882.569330743725,False,False,False,False
2025-05-15 16:00:00+00:00,10.365,10.365,10.285,10.34,16502.0,,,,,,,,,,,,,,,,,,,,,,,,9.676250845005754,,,,9.676250845005754,"rgba(38, 166, 154, 0.5)",0.5362092253340344,9.798415561797166,1.0100244692087337,64.99875869667791,8.54922997434803,False,True,True,False,True,14.134024474546887,0.0,0.0,0.0,0.0,0,0.9828303850156088,0.9458896982310092,False,False,False,False,0.0611656101085616,0.06242288903215489,False,False,False,False,-682583.0,-612064.5173921209,False,False,False,False,52318.52949615855,False,False,False,False
2025-05-15 17:00:00+00:00,10.34,10.35,10.22,10.23,31759.0,,,,,,,,,,,,,,,,,,,,,,,,9.683432033257633,,,,9.683432033257633,"rgba(38, 166, 154, 0.5)",0.5432059321147706,9.799531205240006,0.7924596719408488,61.84099674538211,8.54922997434803,False,True,True,False,False,11.458275817101999,0.0,0.0,0.0,0.0,0,0.969499478623566,0.9465589155370177,False,False,False,False,0.05178226954094552,0.05710257928655021,False,False,False,False,-714342.0,-613650.2147968942,False,False,False,False,51999.777100869265,False,False,False,False
2025-05-15 18:00:00+00:00,10.23,10.27,10.205,10.245,29868.0,,,,,,,,,,,,,,,,,,,,,,,,9.689726461360442,,,,9.689726461360442,"rgba(38, 166, 154, 0.5)",0.5500278698917446,9.80075811774293,0.8076715864316183,60.0604190294781,8.54922997434803,False,True,True,False,False,11.72259153083137,0.0,0.0,0.0,0.0,0,0.9697680479541307,0.9439666406046389,False,False,False,False,0.04065123956103386,0.04887690942379203,False,False,False,False,-684474.0,-614748.2579783377,False,False,False,False,51656.64877372401,False,False,False,False
2025-05-15 19:00:00+00:00,10.245,10.27,10.165,10.165,67735.0,,,,,,,,,,,,,,,,,,,,,,,,9.702486441077804,,,,9.702486441077804,"rgba(38, 166, 154, 0.5)",0.5553160531795487,9.803279079629274,0.6513784687109906,56.68650538376938,12.663419671970892,False,True,True,False,False,9.802831292922647,0.0,0.0,0.0,0.0,0,0.9702970297029703,0.9434601354872333,False,False,False,False,0.03596765919862444,0.04242228431120824,False,False,False,False,-752209.0,-616879.4322732472,False,False,False,False,51905.925536922085,False,False,False,False
2025-05-16 14:00:00+00:00,10.45,10.63,10.43,10.53,25199.0,,,,,,,,,,,,,,,,,,,,,,,,9.710113739112751,,,,9.710113739112751,"rgba(38, 166, 154, 0.5)",0.567986629077484,9.81133147956163,1.265291265052525,60.66883639630968,12.663419671970892,False,True,True,False,True,15.894285940449883,0.0,0.0,0.0,0.0,0,0.9789203084832903,0.9257069408740359,False,False,False,False,0.10946075957015508,0.07594152194068166,False,False,False,False,-727010.0,-618586.8829356774,False,False,False,False,51491.86467588453,False,False,False,False
2025-05-16 15:00:00+00:00,10.53,10.61,10.515,10.53,34601.0,,,,,,,,,,,,,,,,,,,,,,,,9.720631429473059,,,,9.720631429473059,"rgba(38, 166, 154, 0.5)",0.5799833020274147,9.822076879887382,1.2205922440145622,63.32372373800322,7.105923498431174,False,True,True,False,True,15.894285940449883,0.0,0.0,0.0,0.0,0,0.9839958699019102,0.9241094475993805,False,False,False,False,0.11715843219593823,0.09654997706830995,False,False,False,False,-727010.0,-620267.8614948142,False,False,False,False,51229.99080494058,False,False,False,False
2025-05-16 16:00:00+00:00,10.525,10.54,10.465,10.475,36520.0,,,,,,,,,,,,,,,,,,,,,,,,9.73069151515735,,,,9.73069151515735,"rgba(38, 166, 154, 0.5)",0.5891433848630745,9.83104168887784,1.0930417410556614,63.572643774224936,7.510286047228156,False,True,True,False,True,14.58109964463149,0.0,0.0,0.0,0.0,0,0.9737808075511274,0.9383848977451494,False,False,False,False,0.1029574569406553,0.09975371700448263,False,False,False,False,-763530.0,-622488.9799212512,False,False,False,False,51001.92893199576,False,False,False,False
2025-05-16 17:00:00+00:00,10.475,10.575,10.455,10.515,38664.0,,,,,,,,,,,,,,,,,,,,,,,,9.741355200488188,,,,9.741355200488188,"rgba(38, 166, 154, 0.5)",0.5960564850191016,9.840466348099831,1.1316606208529938,64.35645317002368,8.557692020575068,False,True,True,False,True,15.222017308098735,0.0,0.0,0.0,0.0,0,0.9753797799895234,0.9298061812467262,False,False,False,False,0.10591239514166957,0.1028330560730761,False,False,False,False,-724866.0,-624076.220542627,False,False,False,False,50810.64321211985,False,False,False,False
2025-05-16 18:00:00+00:00,10.52,10.575,10.505,10.545,49558.0,,,,,,,,,,,,,,,,,,,,,,,,9.755063484574864,,,,9.755063484574864,"rgba(38, 166, 154, 0.5)",0.6023132733713185,9.852527420226012,1.1496883937124973,65.35279564566623,9.855052504262133,False,False,True,False,True,15.703404324016471,0.0,0.0,0.0,0.0,0,0.9756289308176099,0.9310796645702305,False,False,False,False,0.11182785657576479,0.10733045632442045,False,False,False,False,-675308.0,-624870.5116970049,False,False,False,False,50791.222387125745,False,False,False,False
2025-05-16 19:00:00+00:00,10.55,10.59,10.45,10.53,131102.0,,,,,,,,,,,,,,,,,,,,,,,,9.788366777686779,,,,9.788366777686779,"rgba(38, 166, 154, 0.5)",0.6062748313852099,9.879557628303868,1.0728506908492446,65.50237795986482,10.402237837845512,False,False,True,False,True,15.33226246937707,0.0,0.0,0.0,0.0,0,0.9741446852964222,0.9289631757639071,False,False,False,False,0.10709488371052157,0.107212670017471,False,False,False,False,-806410.0,-627685.0774071288,False,False,False,False,52036.35072220907,False,False,False,False
2025-05-19 14:00:00+00:00,10.85,10.995,10.835,10.985,28048.0,,,,,,,,,,,,,,,,,,,,,,,,9.798933544094725,,,,9.798933544094725,"rgba(38, 166, 154, 1.0)",0.6204502288552083,9.890707049925881,1.763707867580606,70.60577823316765,15.45376962110511,True,False,True,False,True,20.0,0.0,0.0,0.0,0.0,0,0.9787615148413513,0.9188843398157625,False,False,False,False,0.20174549851495588,0.15447908426621343,False,False,False,False,-778362.0,-630021.153726398,False,False,False,False,51664.43830791126,False,False,False,False
2025-05-19 15:00:00+00:00,10.985,11.1,10.98,11.025,36601.0,,,,,,,,,,,,,,,,,,,,,,,,9.813579347772839,,,,9.813579347772839,"rgba(38, 166, 154, 1.0)",0.6339063221211944,10.019183446359403,1.586695886349433,74.27414515176787,18.928184358700122,True,False,True,False,True,20.0,0.0,0.0,0.0,0.0,0,0.9897776641962687,0.9113212369026322,False,False,False,False,0.2323758887759782,0.19342748652109581,False,False,False,False,-741761.0,-631753.5544438182,False,False,False,False,51430.89662871884,False,False,False,False
2025-05-19 16:00:00+00:00,11.025,11.035,10.8,10.82,55866.0,,,,,,,,,,,,,,,,,,,,,,,,9.8326121114281,,,,9.8326121114281,"rgba(38, 166, 154, 0.75)",0.6401350364297046,10.026748553607145,1.2391939219842476,71.45660897001534,18.928184358700122,True,False,True,False,False,17.727204413017336,0.0,0.0,0.0,0.0,0,0.9805555555555553,0.9111111111111109,False,False,False,False,0.20235427849234675,0.19789088250672127,False,False,False,False,-797627.0,-634325.2357702706,False,False,False,False,51499.657921296835,False,False,False,False
2025-05-19 17:00:00+00:00,10.82,10.885,10.805,10.865,9997.0,,,,,,,,,,,,,,,,,,,,,,,,9.835841222940017,,,,9.835841222940017,"rgba(38, 166, 154, 0.75)",0.6451042237185043,10.028564820160959,1.2965892162628678,70.09775588199086,18.928184358700122,True,False,True,False,False,18.356756678048175,0.0,0.0,0.0,0.0,0,0.9808853118712272,0.9190140845070421,False,False,False,False,0.1847577198635838,0.19132430118515253,False,False,False,False,-787630.0,-636702.0538203439,False,False,False,False,50856.20586050153,False,False,False,False
2025-05-19 18:00:00+00:00,10.87,10.895,10.835,10.86,10314.0,,,,,,,,,,,,,,,,,,,,,,,,9.839189366369238,,,,9.839189366369238,"rgba(38, 166, 154, 0.75)",0.6477594926825505,10.030730636918085,1.28021182622532,69.06455933559062,18.928184358700122,True,False,True,False,False,18.240553056250274,0.0,0.0,0.0,0.0,0,0.982447342026078,0.9187562688064191,False,False,False,False,0.18960020864736873,0.19046225491626062,False,False,False,False,-797944.0,-639201.9289549122,False,False,False,False,50227.644529330966,False,False,False,False
2025-05-19 19:00:00+00:00,10.865,10.895,10.81,10.85,39340.0,,,,,,,,,,,,,,,,,,,,,,,,9.851618863178517,,,,9.851618863178517,"rgba(38, 166, 154, 0.75)",0.6481506122933244,10.039035568686035,1.251197508623131,68.09455825038529,23.39048798545359,True,False,True,False,False,18.004298143297852,0.0,0.0,0.0,0.0,0,0.9812734082397003,0.9191011235955057,False,False,False,False,0.1865726374923203,0.18851744620429045,False,False,False,False,-837284.0,-642272.9688160764,False,False,False,False,50058.84383895374,False,False,False,False
2025-05-20 14:00:00+00:00,10.775,10.79,10.545,10.585,35957.0,,,,,,,,,,,,,,,,,,,,,,,,9.860366840508155,,,,9.860366840508155,"rgba(38, 166, 154, 0.5)",0.6427755131928686,10.039994433701796,0.8478941016140924,61.42934735978424,17.062512749868375,False,True,True,False,False,12.040573927845234,0.0,0.0,0.0,0.0,0,0.9675356615838662,0.9225282833251355,False,False,False,False,0.14212734650135364,0.16532239635282203,False,False,False,False,-873241.0,-645853.8685243543,False,False,False,False,49840.210601140505,False,False,False,False
2025-05-20 15:00:00+00:00,10.585,10.82,10.575,10.76,34060.0,,,,,,,,,,,,,,,,,,,,,,,,9.869290890989937,,,,9.869290890989937,"rgba(38, 166, 154, 0.5)",0.6401392233141324,10.044489453879281,1.1177420786940273,59.90243488789967,15.678795728779036,False,True,True,False,False,14.648347025477182,0.0,0.0,0.0,0.0,0,0.9693803159173753,0.9219927095990277,False,False,False,False,0.1492924288917109,0.15730741262226647,False,False,False,False,-839181.0,-648851.1883921938,False,False,False,False,49595.556173215846,False,False,False,False
2025-05-20 16:00:00+00:00,10.76,10.905,10.75,10.89,50155.0,,,,,,,,,,,,,,,,,,,,,,,,9.884060239248582,,,,9.884060239248582,"rgba(38, 166, 154, 0.5)",0.639502220551333,10.056515557549435,1.3033331482914865,60.66074452471645,15.678795728779036,False,True,True,False,False,16.485526439457555,0.0,0.0,0.0,0.0,0,0.9775917261758187,0.9312977099236639,False,False,False,False,0.18052756655736532,0.1689174895898159,False,False,False,False,-789026.0,-651024.441285338,False,False,False,False,49604.22972091793,False,False,False,False
2025-05-20 17:00:00+00:00,10.885,11.045,10.845,10.865,62917.0,,,,,,,,,,,,,,,,,,,,,,,,9.903269338779028,,,,9.903269338779028,"rgba(38, 166, 154, 0.5)",0.6429177787791112,10.073632317295402,1.2309002936695737,60.62697171074056,15.678795728779036,False,True,True,False,False,15.942277598718732,0.0,0.0,0.0,0.0,0,0.9783251231527093,0.9238916256157632,False,False,False,False,0.20906073863917307,0.18898911411449448,False,False,False,False,-851943.0,-654139.4576995188,False,False,False,False,49810.6292601285,False,False,False,False
2025-05-20 18:00:00+00:00,10.865,11.005,10.825,10.965,32261.0,,,,,,,,,,,,,,,,,,,,,,,,9.912970556388755,,,,9.912970556388755,"rgba(38, 166, 154, 0.5)",0.6452275735131116,10.082142040355881,1.3682892608528268,61.98253351200955,15.678795728779036,False,True,True,False,False,17.339792770098764,0.0,0.0,0.0,0.0,0,0.9791615592056875,0.9186075018386856,False,False,False,False,0.20174549851495588,0.19536730631472518,False,False,False,False,-819682.0,-656706.0087429371,False,False,False,False,49538.54198477767,False,False,False,False
2025-05-20 19:00:00+00:00,10.965,11.0,10.9,10.915,77267.0,,,,,,,,,,,,,,,,,,,,,,,,9.935625140590272,,,,9.935625140590272,"rgba(38, 166, 154, 0.5)",0.6463959333896672,10.101560351191967,1.258423215230325,61.685542756288456,15.678795728779036,False,True,True,False,False,16.238251633699093,0.0,0.0,0.0,0.0,0,0.9835904971834437,0.9179524859172175,False,False,False,False,0.21028207207013852,0.20282468919243185,False,False,False,False,-896949.0,-660430.7062818063,False,False,False,False,49968.44055865709,False,False,False,False
2025-05-21 14:00:00+00:00,11.095,11.1,10.965,11.035,53988.0,,,,,,,,,,,,,,,,,,,,,,,,9.952313566392242,,,,9.952313566392242,"rgba(38, 166, 154, 0.5)",0.649481754593265,10.116901350584744,1.4135865140510553,63.18249507997339,15.678795728779036,False,True,True,False,True,17.906212455182708,0.0,0.0,0.0,0.0,0,0.9844206426484907,0.9101752677702043,False,False,False,False,0.23052648582905141,0.21667558751074162,False,False,False,False,-842961.0,-663260.6333161969,False,False,False,False,50030.75930968566,False,False,False,False
2025-05-21 15:00:00+00:00,11.035,11.105,11.015,11.065,25163.0,,,,,,,,,,,,,,,,,,,,,,,,9.96011899831978,,,,9.96011899831978,"rgba(38, 166, 154, 0.5)",0.651821253064015,10.20932734679762,1.3127412602459965,64.58017603816653,15.678795728779036,False,False,True,False,True,18.31666266446855,0.0,0.0,0.0,0.0,0,0.9871202916160389,0.9095990279465367,False,False,False,False,0.23731531072255505,0.22699544911664832,False,False,False,False,-817798.0,-665656.5614818372,False,True,False,False,49645.21265372154,False,True,False,False
2025-05-21 16:00:00+00:00,11.065,11.09,11.015,11.025,21396.0,,,,,,,,,,,,,,,,,,,,,,,,9.966561005384822,,,,9.966561005384822,"rgba(38, 166, 154, 0.5)",0.6514924100558326,10.213800720402272,1.2451400309148788,64.37794664801234,15.678795728779036,False,False,True,False,True,17.412771207992844,0.0,0.0,0.0,0.0,0,0.9841349785948125,0.9156383782422561,False,False,False,False,0.2354617073811423,0.2312285782488953,False,False,False,False,-839194.0,-668347.0644045994,False,False,False,False,49207.24036451655,False,False,False,False
2025-05-21 17:00:00+00:00,11.025,11.045,10.905,10.93,14610.0,,,,,,,,,,,,,,,,,,,,,,,,9.970578964969024,,,,9.970578964969024,"rgba(38, 166, 154, 0.5)",0.6500225221323306,10.214745786108534,1.100352971686504,61.70816943325298,15.678795728779036,False,True,True,False,False,15.293192110265952,0.0,0.0,0.0,0.0,0,0.9781352098517218,0.9153053531037949,False,False,False,False,0.21639810030320028,0.2238133392760478,False,False,False,False,-853804.0,-671222.3657316598,False,False,False,False,48670.84904103567,False,False,False,False
2025-05-21 18:00:00+00:00,10.935,10.98,10.9,10.905,14147.0,,,,,,,,,,,,,,,,,,,,,,,,9.974315208055748,,,,9.974315208055748,"rgba(38, 166, 154, 0.5)",0.6472840556113256,10.215637387587712,1.0650078685488715,59.289531820146586,13.326704896387518,False,True,True,False,False,14.740483326881016,0.0,0.0,0.0,0.0,0,0.975937183383992,0.926545086119554,False,False,False,False,0.20784001966199783,0.21582667946902281,False,False,False,False,-867951.0,-674272.4220769054,False,False,False,False,48135.59556753124,False,False,False,False
2025-05-21 19:00:00+00:00,10.905,10.925,10.825,10.845,67703.0,,,,,,,,,,,,,,,,,,,,,,,,9.990638788573088,,,,9.990638788573088,"rgba(38, 166, 154, 0.5)",0.6424136496816474,10.219831999332017,0.9731549150267741,56.15109456695372,10.358993694039974,False,True,True,False,False,13.415065527329784,0.0,0.0,0.0,0.0,0,0.9700050838840875,0.927808845958312,False,False,False,False,0.19202473846325924,0.20392570896614104,False,False,False,False,-935654.0,-678324.8496416045,False,False,False,False,48438.96617888734,False,False,False,False
2025-05-22 14:00:00+00:00,10.975,11.0,10.89,10.985,23772.0,,,,,,,,,,,,,,,,,,,,,,,,9.996826096842007,,,,9.996826096842007,"rgba(38, 166, 154, 0.5)",0.6396681431283963,10.224535163575583,1.188842753220827,57.07962668665998,10.358993694039974,False,True,True,False,False,15.507153080908836,0.0,0.0,0.0,0.0,0,0.970387243735763,0.9177423437104528,False,False,False,False,0.20906073863917307,0.20649322380265706,False,False,False,False,-911882.0,-681945.8907324324,False,False,False,False,48056.53259471855,False,False,False,False
2025-05-22 15:00:00+00:00,10.985,10.995,10.91,10.995,11098.0,,,,,,,,,,,,,,,,,,,,,,,,9.999712442738796,,,,9.999712442738796,"rgba(38, 166, 154, 0.5)",0.6368163849243401,10.226768262067216,1.2063630209892553,57.89465824904085,10.358993694039974,False,True,True,False,True,15.654093754665961,0.0,0.0,0.0,0.0,0,0.9729319504174044,0.916772071844169,False,False,False,False,0.21089297048985203,0.20869309714625456,False,False,False,False,-900784.0,-685338.7296358056,False,False,False,False,47483.53208937407,False,False,False,False
2025-05-22 16:00:00+00:00,10.995,11.05,10.965,10.975,11125.0,,,,,,,,,,,,,,,,,,,,,,,,10.002677853258765,,,,10.002677853258765,"rgba(38, 166, 154, 0.5)",0.6317395189631697,10.22926727653292,1.1804433648396728,57.8186683223643,10.358993694039974,False,True,True,False,True,15.1994355685475,0.0,0.0,0.0,0.0,0,0.9730738469741402,0.9488136496934149,False,False,False,False,0.3143707991169847,0.2615319481316196,False,False,False,False,-911909.0,-688851.4470057931,False,False,False,False,46919.83391744579,False,False,False,False
2025-05-22 17:00:00+00:00,10.975,10.995,10.94,10.975,8044.0,,,,,,,,,,,,,,,,,,,,,,,,10.004753816892672,,,,10.004753816892672,"rgba(38, 166, 154, 0.5)",0.6287355607927729,10.230858960011856,1.183551697075724,57.768008371246594,10.358993694039974,False,True,True,False,True,15.1994355685475,0.0,0.0,0.0,0.0,1,0.977497990892044,0.9164211090275916,False,False,False,False,0.30253703531188064,0.2820344917217501,False,False,False,False,-911909.0,-692309.7036413621,False,False,False,False,46317.10781019856,False,False,False,False
2025-05-22 18:00:00+00:00,10.975,10.985,10.87,10.875,12001.0,,,,,,,,,,,,,,,,,,,,,,,,10.007642982154973,,,,10.007642982154973,"rgba(38, 166, 154, 0.5)",0.6235347003355304,10.232610366526215,1.030238787236875,54.56358172556733,8.245264711618667,False,True,True,False,False,12.90421129181735,0.0,0.0,0.0,0.0,0,0.9782199515998927,0.9142242538316752,False,False,False,False,0.2907849471152372,0.2864097194184937,False,False,False,False,-923910.0,-695900.4059104883,False,False,False,False,45785.075130970676,False,False,False,False
2025-05-22 19:00:00+00:00,10.875,10.905,10.81,10.825,61477.0,,,,,,,,,,,,,,,,,,,,,,,10.846666666666666,10.021139822566877,,,,10.433903244616772,#000000,0.6168870047071617,10.28952593587598,0.8680261701706783,51.06443693843431,4.943413641706471,False,True,False,False,False,11.777603143474742,0.0,0.0,0.0,0.0,0,0.9700566495818725,0.9214998651200432,False,False,False,False,0.28035448807790664,0.28338210374820016,False,False,False,False,-985387.0,-700388.5701599381,False,False,False,False,46028.36078785485,False,False,False,False
2025-05-23 14:00:00+00:00,11.025,11.1,11.005,11.03,18694.0,,,,,,,,,,,,,,,,,,,,,,,10.892913356034809,10.026123717943044,,,,10.459518536988927,"rgba(38, 166, 154, 0.5)",0.6137409069802159,10.297566697081896,1.1933916976821517,53.97855712359295,4.943413641706471,False,True,True,False,True,14.995026679111138,0.0,0.0,0.0,0.0,0,0.9719251336898398,0.9096256684491978,False,False,False,False,0.3405226306455253,0.3119523671968627,False,False,False,False,-966693.0,-704517.3210101717,False,False,False,False,45604.572248508266,False,False,False,False
2025-05-23 15:00:00+00:00,11.035,11.105,11.03,11.045,21107.0,,,,,,,,,,,,,,,,,,,,,,,10.927735309412375,10.031774918630182,,,,10.479755114021279,"rgba(38, 166, 154, 0.5)",0.6094629004517208,10.363289189246753,1.1185435737728697,56.224639531088044,1.8561801681471763,False,True,True,False,True,15.222164151309883,0.0,0.0,0.0,0.0,0,0.9759036144578311,0.906024096385542,False,False,False,False,0.34282822374634325,0.327390295471603,False,False,False,False,-945586.0,-708254.8199092387,False,False,False,False,45224.76492682596,False,False,False,False
2025-05-23 16:00:00+00:00,11.05,11.095,11.01,11.03,12221.0,,,,,,,,,,,,,,,,,,,,,,,10.940361779986313,10.034971501881317,,,,10.487666640933815,"rgba(38, 166, 154, 0.5)",0.6033392439111187,10.366214102153144,1.10018684271869,57.21932781248568,2.780882488554745,False,True,True,False,True,14.875016326916338,0.0,0.0,0.0,0.0,0,1.0045031522065446,0.8898228760132093,False,False,False,False,0.3382348071706716,0.3328125513211373,False,False,False,False,-957807.0,-712123.8459571574,False,False,False,False,44713.078648890674,False,False,False,False
2025-05-23 17:00:00+00:00,11.035,11.085,11.03,11.065,16176.0,,,,,,,,,,,,,,,,,,,,,,,10.955285765696292,10.039234063312634,,,,10.497259914504463,"rgba(38, 166, 154, 0.5)",0.5962414333530035,10.370711471359094,1.1644419354363342,58.714725634405106,4.2594873262058215,False,True,True,False,True,15.420832434722477,0.0,0.0,0.0,0.0,0,0.9936613341382432,0.8783579837005735,False,False,False,False,0.33976440992474916,0.33628848062294325,False,False,False,False,-941631.0,-715682.0964074341,False,True,False,False,44270.6433210009,False,True,False,False
2025-05-23 18:00:00+00:00,11.065,11.07,11.015,11.035,9287.0,,,,,,,,,,,,,,,,,,,,,,,10.960947321330051,10.041617677168306,,,,10.501282499249179,"rgba(38, 166, 154, 0.5)",0.587755886386499,10.372662281928124,1.1268925304073156,58.565294664370356,4.2625752815638265,False,True,True,False,True,14.708549814675074,0.0,0.0,0.0,0.0,0,0.9960450258594462,0.8773958016428354,False,False,False,False,0.33518016273633683,0.33573432167964,False,False,False,False,-950918.0,-719329.164680187,False,False,False,False,43728.261254008634,False,False,False,False
2025-05-23 19:00:00+00:00,11.035,11.06,10.93,10.995,64526.0,,,,,,,,,,,,,,,,,,,,,,,10.97174541823924,10.05713803071797,,,,10.514441724478605,"rgba(38, 166, 154, 0.5)",0.5772185949069066,10.381144433676385,1.0634715716714165,56.967237190571986,4.2625752815638265,False,True,True,False,True,13.757286986737984,0.0,0.0,0.0,0.0,0,0.9911854103343467,0.8735562310030395,False,False,False,False,0.32075153918667204,0.328242930433156,False,False,False,False,-1015444.0,-723920.0923595639,False,False,False,False,44050.70681596198,False,False,False,False
2025-05-26 14:00:00+00:00,10.995,10.995,10.995,10.995,0.0,,,,,,,,,,,,,,,,,,,,,,,10.97174541823924,10.05713803071797,,,,10.514441724478605,"rgba(38, 166, 154, 0.5)",0.5668418515641571,10.381144433676385,1.0829397381822228,55.90186554137308,4.2625752815638265,False,True,True,False,False,13.757286986737984,0.0,0.0,0.0,0.0,0,0.9954268292682925,0.8728658536585365,False,False,False,False,0.32075153918667154,0.32449723480991377,False,False,False,False,-1015444.0,-728439.8428656171,False,False,False,False,43367.75012114087,False,False,False,False
2025-05-26 15:00:00+00:00,10.995,10.995,10.995,10.995,0.0,,,,,,,,,,,,,,,,,,,,,,,10.97174541823924,10.05713803071797,,,,10.514441724478605,"rgba(38, 166, 154, 0.5)",0.5533868529419598,10.381144433676385,1.109270238460105,55.191617775240466,4.2625752815638265,False,True,True,False,False,13.757286986737984,0.0,0.0,0.0,0.0,0,1.0015389350569406,0.8719606032625423,False,False,False,False,0.32075153918667154,0.32262438699829266,False,False,False,False,-1015444.0,-732889.5197204137,False,False,False,False,42695.38190220845,False,False,False,False
2025-05-26 16:00:00+00:00,10.995,10.995,10.995,10.995,0.0,,,,,,,,,,,,,,,,,,,,,,,10.97174541823924,10.05713803071797,,,,10.514441724478605,"rgba(38, 166, 154, 0.5)",0.5389632022070994,10.381144433676385,1.1389563588197207,54.718119264485395,4.2625752815638265,False,True,True,False,False,13.757286986737984,0.0,0.0,0.0,0.0,0,1.015605493133583,0.8620474406991261,False,False,False,False,0.32075153918667154,0.3216879630924821,False,False,False,False,-1015444.0,-737270.2093371515,False,False,False,False,42033.43799674785,False,False,False,False
2025-05-26 17:00:00+00:00,10.995,10.995,10.995,10.995,0.0,,,,,,,,,,,,,,,,,,,,,,,10.97174541823924,10.05713803071797,,,,10.514441724478605,"rgba(38, 166, 154, 0.5)",0.5287091197750713,10.381144433676385,1.1610459198902552,54.40245359064868,4.2625752815638265,False,True,True,False,False,13.757286986737984,0.0,0.0,0.0,0.0,0,1.0085687083465567,0.8711520152332592,False,False,False,False,0.32075153918667154,0.3212197511395768,False,False,False,False,-1015444.0,-741582.9812854127,False,False,False,False,41381.75678749595,False,False,False,False
2025-05-26 18:00:00+00:00,10.995,10.995,10.995,10.995,0.0,,,,,,,,,,,,,,,,,,,,,,,10.97174541823924,10.05713803071797,,,,10.514441724478605,"rgba(38, 166, 154, 0.5)",0.518190823664147,10.381144433676385,1.1846129616557441,54.19200980809087,7.321847480388946,False,True,True,False,False,13.757286986737974,0.0,0.0,0.0,0.0,0,1.0041773778920309,0.8695372750642674,False,False,False,False,0.32075153918667154,0.32098564516312417,False,False,False,False,-1015444.0,-745828.8885523055,False,False,False,False,40740.17916288361,False,False,False,False
2025-05-26 19:00:00+00:00,10.995,10.995,10.995,10.995,0.0,,,,,,,,,,,,,,,,,,,,,,,10.97174541823924,10.05713803071797,,,,10.514441724478605,"rgba(38, 166, 154, 0.5)",0.5087797803223535,10.381144433676385,1.2065250822953049,54.051713953052335,6.891669572046169,False,True,True,False,False,13.757286986737984,0.0,0.0,0.0,0.0,0,0.9977250568735782,0.8732531686707833,False,False,False,False,0.32075153918667154,0.3208685921748978,False,False,False,False,-1015444.0,-750008.9677995566,False,False,False,False,40108.54847818774,False,False,False,False
2025-05-27 14:00:00+00:00,10.54,10.565,10.315,10.315,45571.0,,,,,,,,,,,,,,,,,,,,,,,10.86682665553142,10.06101619972334,,,,10.46392142762738,"rgba(239, 83, 80, 1.0)",0.496221325220512,10.354646286079953,-0.07989637700946385,40.52518658424842,-5.581327798751822,False,True,False,True,False,0.0,0.0,0.0,0.0,0.0,0,0.9806068188927118,0.8736315295589615,False,False,False,False,0.1598572012458121,0.24036289671035496,False,False,False,False,-1061015.0,-754830.7667484006,False,False,False,False,40193.23764906855,False,False,False,False
2025-05-27 15:00:00+00:00,10.315,10.39,10.265,10.29,43227.0,,,,,,,,,,,,,,,,,,,,,,,10.785215456778634,10.0637253858304,,,,10.424470421304516,"rgba(239, 83, 80, 1.0)",0.48393564831670466,10.334098592421414,-0.09112491004703857,31.372485409529965,-13.300239081954622,False,True,False,True,False,0.0,0.0,0.0,0.0,0.0,0,0.9755944931163956,0.889549436795995,False,False,False,False,0.128466035881665,0.18441446629601,False,False,False,False,-1104242.0,-760247.9951709061,False,False,False,False,40240.27272427679,False,False,False,False
2025-05-27 16:00:00+00:00,10.29,10.34,10.23,10.23,27097.0,,,,,,,,,,,,,,,,,,,,,,,10.741220890487805,10.065073339886279,,,,10.403147115187043,"rgba(239, 83, 80, 1.0)",0.46952034178653956,10.322793330915548,-0.19763431454847352,24.943648868836256,-18.38165745834956,False,True,False,True,False,0.0,0.0,0.0,0.0,0.0,0,0.9886399495108867,0.8917639633953929,False,False,False,False,0.11667562562013813,0.15054504595807405,False,False,False,False,-1131339.0,-766001.344082985,False,False,False,False,40036.50105413296,False,False,False,False
2025-05-27 17:00:00+00:00,10.23,10.315,10.175,10.285,32116.0,,,,,,,,,,,,,,,,,,,,,,,10.697100091323161,10.066582868522215,,,,10.381841479922688,"rgba(239, 83, 80, 1.0)",0.45711738788445133,10.31130292973413,-0.05754086462529803,22.763718152132437,-19.748235225144356,False,True,False,True,False,0.0,0.0,0.0,0.0,0.0,0,0.9792125984251969,0.899212598425197,False,False,False,False,0.1056082494545363,0.12807664770630517,False,False,False,False,-1099223.0,-771167.5713065045,False,False,False,False,39913.70258817741,False,False,False,False
2025-05-27 18:00:00+00:00,10.285,10.285,10.235,10.255,20577.0,,,,,,,,,,,,,,,,,,,,,,,10.67283487782066,10.067537703734232,,,,10.370186290777447,"rgba(239, 83, 80, 1.0)",0.44114131257189615,10.304907514494698,-0.11313271523750786,21.051329190895107,-21.0683612672251,False,True,False,True,False,0.0,0.0,0.0,0.0,0.0,0,0.9788041758937045,0.9054096804808605,False,False,False,False,0.1097553517272531,0.11891599971677913,False,False,False,False,-1119800.0,-776572.7252397371,False,False,False,False,39613.90874960102,False,False,False,False
2025-05-27 19:00:00+00:00,10.255,10.275,10.15,10.18,54207.0,,,,,,,,,,,,,,,,,,,,,,10.201666666666666,10.612920184478387,10.069274416038256,,,,10.294620422394436,"rgba(239, 83, 80, 1.0)",0.42458552126145643,10.282162263651218,-0.24061645660382125,19.285896296569675,-22.72141498553297,False,True,False,True,False,0.0,0.0,0.0,0.0,0.0,0,0.9719154307352478,0.9056484695487536,False,False,False,False,0.0966350703134369,0.10777553501510802,False,False,False,False,-1174007.0,-782734.4969414466,False,False,False,False,39840.158226351385,False,False,False,False
2025-05-28 14:00:00+00:00,10.45,10.615,10.45,10.525,30858.0,,,,,,,,,,,,,,,,,,,,,,10.320772174219712,10.607322893811757,10.072645508504397,,,,10.333580192178621,"rgba(239, 83, 80, 0.75)",0.4077011138054397,10.290304933981792,0.575654708979303,28.067109068718125,-30.555916050329422,False,True,False,True,True,2.6882954159411945,0.0,0.0,0.0,0.0,0,0.9734895191122072,0.8911837237977804,False,False,False,False,0.1859011366268508,0.1468383358209794,False,False,False,False,-1143149.0,-788322.3186942923,False,False,False,False,39700.89995927617,False,False,False,False
2025-05-28 15:00:00+00:00,10.525,10.54,10.39,10.465,19402.0,,,,,,,,,,,,,,,,,,,,,,10.347558702748234,10.60152835106171,10.074442277689267,,,,10.34117644383307,"rgba(239, 83, 80, 0.75)",0.38981431245940185,10.29122129062229,0.44579868882009716,32.93444062268585,-26.233811943732693,False,True,False,True,True,1.5398195797338765,0.0,0.0,0.0,0.0,0,0.9698646986469865,0.8991389913899138,False,False,False,False,0.16687349551537412,0.15685591566817675,False,False,False,False,-1162551.0,-794124.3137532955,False,False,False,False,39386.18833200057,False,False,False,False
2025-05-28 16:00:00+00:00,10.465,10.585,10.42,10.55,12544.0,,,,,,,,,,,,,,,,,,,,,,10.365866357294042,10.599394582831549,10.075752652872062,,,,10.347004530999216,"rgba(239, 83, 80, 0.75)",0.3650440304184446,10.292374416810329,0.7057383814614343,37.97019304373706,-21.683850228447298,False,True,False,True,True,3.0768295771260092,0.0,0.0,0.0,0.0,0,0.980325853058715,0.8905625576391022,False,False,False,False,0.17742876710494163,0.1671423413865592,False,False,False,False,-1150007.0,-799641.8747803761,False,False,False,False,38970.030373364905,False,False,False,False
2025-05-28 17:00:00+00:00,10.545,10.585,10.49,10.49,19021.0,,,,,,,,,,,,,,,,,,,,,,10.387651508468593,10.596484841805287,10.077739790760525,,,,10.353958713678134,"rgba(239, 83, 80, 0.75)",0.36007740659299486,10.293777915530324,0.5449441727719155,40.2181767549157,-19.585409209189265,False,True,False,True,True,1.9176336001909675,0.0,0.0,0.0,0.0,0,0.979767014101778,0.8911710606989575,False,False,False,False,0.1873157351359192,0.1772290382612392,False,False,False,False,-1169028.0,-805368.7914504478,False,False,False,False,38660.74308075459,False,False,False,False
2025-05-28 18:00:00+00:00,10.495,10.515,10.455,10.51,16653.0,,,,,,,,,,,,,,,,,,,,,,10.399177980810164,10.59321138575466,10.079354943840888,,,,10.35724810346857,"rgba(239, 83, 80, 0.75)",0.3564629543695054,10.294210657433485,0.6053626047850963,42.18337853219402,-17.520291493903777,False,True,False,True,True,2.284841756057933,0.0,0.0,0.0,0.0,0,0.9763586122198342,0.898679766656432,False,False,False,False,0.17249824316331444,0.17486364071227684,False,False,False,False,-1152375.0,-810748.7326682702,False,False,False,False,38319.53776167312,False,False,False,False
2025-05-28 19:00:00+00:00,10.515,10.535,10.35,10.4,62044.0,,,,,,,,,,,,,,,,,,,,,,10.407602155895724,10.57577851813351,10.084335839959342,,,,10.355905504662859,"rgba(239, 83, 80, 0.75)",0.353896584884329,10.291404966708464,0.30685527334780643,41.4117742824111,-17.520291493903777,False,True,False,True,True,0.16524423006334032,0.0,0.0,0.0,0.0,0,0.9662408759124089,0.8990267639902676,False,False,False,False,0.16055811771556125,0.16771087921391903,False,False,False,False,-1214419.0,-817007.1864253513,False,False,False,False,38687.358881647175,False,False,False,False
2025-05-29 14:00:00+00:00,10.635,10.735,10.61,10.7,27430.0,,,,,,,,,,,,,,,,,,,,,,10.438646178750323,10.580507183732614,10.088081411297717,,,,10.369078257926885,#000000,0.3509668499014232,10.296229893022158,1.1504508391355173,46.781205283889264,-12.4713689190881,False,False,False,False,True,5.4719115844165,0.0,0.0,0.0,0.0,0,0.968927397669555,0.88676426650732,False,False,False,False,0.2258110496215179,0.19676096441771845,False,False,False,False,-1186989.0,-822743.3385737955,False,False,False,False,38512.82618580768,False,False,False,False
2025-05-29 15:00:00+00:00,10.695,10.74,10.64,10.655,22706.0,,,,,,,,,,,,,,,,,,,,,,10.45919376537733,10.583994540572311,10.091129355133525,,,,10.378105887027722,#000000,0.34786753200006787,10.299737610456935,1.0212576824875823,49.45587607482565,-9.645317761218912,False,False,False,False,True,4.60786003688991,0.0,0.0,0.0,0.0,0,0.9751049790041992,0.8890221955608877,False,False,False,False,0.23084736799547068,0.21380416620659456,False,False,False,False,-1209695.0,-828742.5891385429,False,False,False,False,38267.759113159496,False,False,False,False
2025-05-29 16:00:00+00:00,10.655,10.735,10.65,10.715,18954.0,,,,,,,,,,,,,,,,,,,,,,10.47527528694931,10.587346856839385,10.093742640379835,,,,10.385454928056177,"rgba(38, 166, 154, 0.5)",0.345462452816952,10.302759846334109,1.193299446305739,52.23503128311486,-6.683146885479857,False,False,True,False,True,5.621383093834943,0.0,0.0,0.0,0.0,0,0.9827272727272729,0.8787878787878788,False,False,False,False,0.23156777664760222,0.2226859714270984,False,False,False,False,-1190741.0,-834354.9676015112,False,False,False,False,37968.32098737408,False,False,False,False
2025-05-29 17:00:00+00:00,10.715,10.745,10.68,10.695,9676.0,,,,,,,,,,,,,,,,,,,,,,10.482903842768472,10.589081515470678,10.09508266531519,,,,10.389022674518113,"rgba(38, 166, 154, 1.0)",0.34183550651375,10.331102376155036,1.064540157212508,53.621720110153085,-4.9612697872337534,True,False,True,False,True,5.2284752734746185,0.0,0.0,0.0,0.0,0,0.9851425106124926,0.8753790175864159,False,False,False,False,0.23733962313131443,0.23001279727920643,False,False,False,False,-1200417.0,-840030.3479487746,False,False,False,False,37529.680351910916,False,False,False,False
2025-05-29 18:00:00+00:00,10.695,10.725,10.695,10.705,10956.0,,,,,,,,,,,,,,,,,,,,,,10.491016167900032,10.591012736126327,10.096597016709438,,,,10.392875306911932,"rgba(38, 166, 154, 1.0)",0.33769686283880357,10.332723608928871,1.1023981328746641,54.741330538560334,-3.395780312198717,True,False,True,False,True,5.40153023229124,0.0,0.0,0.0,0.0,0,0.9896499238964993,0.873668188736682,False,False,False,False,0.23661730030192044,0.23331504879056342,False,False,False,False,-1189461.0,-845447.8774379408,False,False,False,False,37117.68530769525,False,False,False,False
2025-05-29 19:00:00+00:00,10.705,10.74,10.625,10.64,26913.0,,,,,,,,,,,,,,,,,,,,,,10.505417662550347,10.593970954641954,10.10004422915462,,,,10.399810948782306,"rgba(38, 166, 154, 1.0)",0.33384060500416685,10.334144792660004,0.9161713786619198,53.78967008728053,-3.395780312198717,True,False,True,False,True,4.100249589868966,0.0,0.0,0.0,0.0,0,0.986047922353655,0.8701850166818319,False,False,False,False,0.22868755081175385,0.23100129980115863,False,False,False,False,-1216374.0,-851198.6700358021,False,False,False,False,36959.47313238214,False,False,False,False
2025-05-30 14:00:00+00:00,9.86,9.965,9.84,9.935,58173.0,,,,,,,,,,,,,,,,,,,,,,10.416996481292747,10.541982960287358,10.09764220232856,,,,10.352207214636222,"rgba(239, 83, 80, 0.5)",0.3382180383146943,10.28437437177014,-1.032985625222817,44.13162366710404,2.0839651598597158,False,False,False,True,False,0.0,0.0,0.0,0.0,0.0,0,0.978772899098575,0.8831055539400988,False,False,False,False,0.011615415034235788,0.12130835741769722,False,False,False,False,-1274547.0,-857762.2100352469,False,False,False,False,37288.365021802565,False,False,False,False
2025-05-30 15:00:00+00:00,9.935,9.98,9.825,9.84,61526.0,,,,,,,,,,,,,,,,,,,,,,10.343976299689102,10.492627237522056,10.094742986164837,,,,10.31044884112533,"rgba(239, 83, 80, 1.0)",0.3445830225931888,10.254812938618482,-1.2038113064792688,37.086638121541355,-4.362832053582821,False,True,False,True,False,0.0,0.0,0.0,0.0,0.0,0,0.9803126809496234,0.879849449913144,False,False,False,False,0.011615415034235788,0.06646188622596651,False,False,False,False,-1336073.0,-865177.8811974911,False,False,False,False,37664.14230828624,False,False,False,False
2025-05-30 16:00:00+00:00,9.84,9.87,9.62,9.69,79510.0,,,,,,,,,,,,,,,,,,,,,9.726666666666667,10.25146822083546,10.425157462461417,10.088466629321886,,,,10.122939744821357,"rgba(239, 83, 80, 1.0)",0.3540940985538014,10.18708843347439,-1.4038314547026043,31.506928111378297,-9.343751723167713,False,True,False,True,False,0.0,0.0,0.0,0.0,0.0,0,0.9718228867165039,0.8867165037377803,False,False,False,False,-0.031438937851644956,0.017511474187160776,False,False,False,False,-1415583.0,-873711.2938921036,False,False,False,False,38312.91529575467,False,False,False,False
2025-05-30 17:00:00+00:00,9.685,9.81,9.65,9.795,69396.0,,,,,,,,,,,,,,,,,,,,,9.738317641106919,10.19365818622851,10.377075771526355,10.083527634059498,,,,10.098144808230321,"rgba(239, 83, 80, 1.0)",0.3607352102192001,10.165272827096583,-1.0264393843661326,29.995427653420975,-10.686849123977439,False,True,False,True,False,0.0,0.0,0.0,0.0,0.0,0,0.9736540664375716,0.888316151202749,False,False,False,False,-0.03554292206099302,-0.009015723936916123,False,False,False,False,-1346187.0,-881036.4986379625,False,False,False,False,38794.82358574296,False,False,False,False
2025-05-30 18:00:00+00:00,9.795,9.885,9.795,9.83,62823.0,,,,,,,,,,,,,,,,,,,,,9.767499193150995,10.159820604855419,10.344269538079578,10.08029336836928,,,,10.08797067611382,"rgba(239, 83, 80, 1.0)",0.36572945743545815,10.152922184960062,-0.8829537200105056,29.724034674046145,-11.196033777744383,False,True,False,True,False,0.0,0.0,0.0,0.0,0.0,0,0.9837189374464439,0.8800342759211653,False,False,False,False,-0.006860827943410627,-0.007938275940163376,False,False,False,False,-1283364.0,-887274.1343179941,False,False,False,False,39167.35345263067,False,False,False,False
2025-05-30 19:00:00+00:00,9.83,9.86,9.785,9.82,139103.0,,,,,,,,,,,,,,,,,,,,,9.788976304898071,10.101161768893265,10.282346690562774,10.073002234955174,,,,10.061371749827321,"rgba(239, 83, 80, 1.0)",0.36989647930928454,10.127069104594952,-0.8301487626169035,29.449449268274414,-11.958544576478275,False,True,False,True,False,0.0,0.0,0.0,0.0,0.0,0,0.9828815977175464,0.882453637660485,False,False,False,False,-0.015253296914567923,-0.01159578642736565,False,False,False,False,-1422467.0,-895571.6981270175,False,False,False,False,40716.74332158213,False,False,False,False
2025-06-02 14:00:00+00:00,9.88,9.98,9.835,9.935,46405.0,,,,,,,,,,,,,,,,,,,,,9.803893020203724,10.091069236512238,10.26844164694597,10.071545627958276,,,,10.058737382905052,"rgba(239, 83, 80, 1.0)",0.3763736642422444,10.122350526352925,-0.49777799073725926,31.89162455710349,-11.958544576478275,False,True,False,True,False,0.0,0.0,0.0,0.0,0.0,0,0.9830028328611897,0.8764872521246457,False,False,False,False,0.004558997172453512,-0.003518394627456069,False,False,False,False,-1376062.0,-903021.1601715598,False,False,False,False,40804.93334760411,False,False,False,False
2025-06-02 15:00:00+00:00,9.935,10.045,9.915,10.015,21916.0,,,,,,,,,,,,,,,,,,,,,9.813711027556366,10.08856582733482,10.263558897586078,10.071195677400432,,,,10.059257857469424,"rgba(239, 83, 80, 0.75)",0.3813136728693527,10.121196932867544,-0.27850281913161157,35.200948551876266,-11.958544576478275,False,True,False,True,True,0.0,0.0,0.0,0.0,0.0,0,0.9872881355932203,0.8759887005649717,False,False,False,False,-0.004225884329820994,-0.0038721394786385317,False,False,False,False,-1354146.0,-910015.3437347914,False,False,False,False,40512.081667796294,False,False,False,False
2025-06-02 16:00:00+00:00,10.015,10.095,10.015,10.085,17851.0,,,,,,,,,,,,,,,,,,,,,9.823975829359304,10.088092131562144,10.260746141509339,10.071173647255666,,,,10.060996937421613,"rgba(239, 83, 80, 0.75)",0.38302462696915907,10.12104415298364,-0.0941040091047223,38.81919878926209,-18.980024448602016,False,True,False,True,True,0.0,0.0,0.0,0.0,0.0,0,0.9905471211687196,0.8776854769407044,False,False,False,False,0.018826421886347578,0.007477141203854523,False,False,False,False,-1336295.0,-916624.3306536318,False,False,False,False,40160.747068295575,False,False,False,False
2025-06-02 17:00:00+00:00,10.085,10.1,10.06,10.065,11640.0,,,,,,,,,,,,,,,,,,,,,9.830488613094866,10.087922751517992,10.259046099059354,10.071182498375391,,,,10.062159990511901,"rgba(239, 83, 80, 0.5)",0.38715903336628443,10.120991284805056,-0.14462089213887505,40.88029893530735,-16.73545955050485,False,False,False,True,True,0.0,0.0,0.0,0.0,0.0,0,0.9994231323911166,0.8753965964811077,False,False,False,False,0.02651376146808082,0.016995451335967672,False,False,False,False,-1347935.0,-923311.3177752809,False,False,False,False,39718.56494320572,False,False,False,False
2025-06-02 18:00:00+00:00,10.065,10.155,10.025,10.135,22922.0,,,,,,,,,,,,,,,,,,,,,9.8438321323703,10.088347022475988,10.256318802352661,10.071335847191797,,,,10.064958451097686,"rgba(239, 83, 80, 0.5)",0.3900607136848813,10.121240099127661,0.03527630543037725,43.76871575729906,-13.713836629966607,False,False,False,True,True,0.0,0.0,0.0,0.0,0.0,0,0.9965467625899281,0.8693525179856114,False,False,False,False,0.029239082031831596,0.023117266683899636,False,False,False,False,-1325013.0,-929539.2508330285,False,False,False,False,39458.15308362113,False,False,False,False
2025-06-02 19:00:00+00:00,10.135,10.18,10.11,10.13,30904.0,,,,,,,,,,,,,,,,,,,,,9.862047691072766,10.090021095232151,10.253607055323254,10.071753085443907,,,,10.06935723176802,"rgba(239, 83, 80, 0.5)",0.3927785406332436,10.122068686275338,0.020192838722493046,45.58542413521087,-11.694245091285566,True,False,False,True,True,0.0,0.0,0.0,0.0,0.0,0,0.9997123130034521,0.8682393555811276,False,False,False,False,0.04618664249176349,0.03465195458783156,False,False,False,False,-1355917.0,-936149.7585720513,False,False,False,False,39325.53055519289,False,False,False,False
2025-06-03 14:00:00+00:00,10.175,10.265,10.16,10.265,32377.0,,,,,,,,,,,,,,,,,,,,,9.88432170944837,10.094617962085788,10.253044217687078,10.072754134125068,,,,10.076184505836576,#000000,0.39234335257055764,10.124377941262182,0.3584158054838706,49.621216116720596,-7.641000315974651,True,False,False,False,True,0.0,0.0,0.0,0.0,0.0,0,1.0002865329512896,0.8627507163323783,False,False,False,False,0.0670232370975705,0.05083759584270103,False,False,False,False,-1323540.0,-942155.8088267482,False,False,False,False,39217.80139929843,False,False,False,False
2025-06-03 15:00:00+00:00,10.265,10.315,10.19,10.3,27439.0,,,,,,,,,,,,,,,,,,,,,9.903061096428981,10.099321747328249,10.253347025882555,10.073797057063802,,,,10.082381731675897,"rgba(38, 166, 154, 1.0)",0.3917048093368988,10.126711999264328,0.442394365872159,52.96626620150499,-4.328796794328127,True,False,True,False,True,0.0,0.0,0.0,0.0,0.0,0,1.002283756779903,0.859834427633457,False,False,False,False,0.07939716807336618,0.0651173819580336,False,False,False,False,-1296101.0,-947643.3311705195,False,False,False,False,39035.184323340305,False,False,False,False
2025-06-03 16:00:00+00:00,10.305,10.335,10.285,10.325,38036.0,,,,,,,,,,,,,,,,,,,,,9.929161269563112,10.107124348676587,10.254994441950526,10.07556692256011,,,,10.091711745687583,"rgba(38, 166, 154, 1.0)",0.3896807771857712,10.130579670946016,0.49892204192894496,55.67981137023426,-1.6158254230466937,True,False,True,False,True,0.0773135518026642,0.0,0.0,0.0,0.0,0,1.0126655152561892,0.860391479562464,False,False,False,False,0.08782509077019568,0.07647123636411464,False,False,False,False,-1258065.0,-952456.0702221392,False,False,False,False,39019.69309352108,False,False,False,False
2025-06-03 17:00:00+00:00,10.325,10.36,10.31,10.335,36522.0,,,,,,,,,,,,,,,,,,,,,9.952435481321432,10.114774335796472,10.256995809768563,10.077381993439571,,,,10.10039690508151,"rgba(38, 166, 154, 1.0)",0.39088261181103306,10.13433498910211,0.5133638714911681,57.695259052821996,0.48953573264689254,True,False,True,False,True,0.25407721392349103,0.0,0.0,0.0,0.0,0,1.0063473744950953,0.8603577611079054,False,False,False,False,0.09181071371956007,0.08414097504183735,False,False,False,False,-1221543.0,-956627.9606062921,False,False,False,False,38980.96916959051,False,False,False,False
2025-06-03 18:00:00+00:00,10.335,10.405,10.325,10.325,53036.0,,,,,,,,,,,,,,,,,,,,,9.98312723227228,10.125786123116288,10.260314316387745,10.080140639082538,,,,10.112342077714713,"rgba(38, 166, 154, 1.0)",0.39215859082819915,10.13970037299607,0.47251196668315854,58.67682666023421,1.7187201349126298,True,False,True,False,True,0.07334343405815602,0.0,0.0,0.0,0.0,0,1.0043252595155712,0.8595732410611304,False,False,False,False,0.10166819032804635,0.09290458268494184,False,False,False,False,-1274579.0,-961557.4340852643,False,False,False,False,39198.876624325545,False,False,False,False
2025-06-03 19:00:00+00:00,10.325,10.35,10.31,10.31,94179.0,,,,,,,,,,,,,,,,,,,,,10.023991848827702,10.140849249439867,10.264007120881605,10.08440781190662,,,,10.128314007763949,"rgba(38, 166, 154, 1.0)",0.39336704314244375,10.146765426426777,0.4149675892245862,58.74828300020894,2.2198298506090097,True,False,True,False,True,0.0,0.0,0.0,0.0,0.0,0,1.0040462427745667,0.8624277456647399,False,False,False,False,0.08622809317201784,0.08956633792847984,False,False,False,False,-1368758.0,-967870.6211537098,False,False,False,False,40051.28163790189,False,False,False,False
2025-06-04 14:00:00+00:00,10.515,10.58,10.49,10.555,26866.0,,,,,,,,,,,,,,,,,,,,,10.041142450493778,10.14938210453137,10.268572181587343,10.086685175500696,,,,10.136445478028298,"rgba(38, 166, 154, 1.0)",0.3932714831505814,10.151141733490142,1.0269197839478799,63.54214810960739,7.070424735513463,True,False,True,False,True,4.124760921718551,0.0,0.0,0.0,0.0,0,1.0014273479874392,0.8578361404510418,False,False,False,False,0.15483920612905533,0.12220277202876759,False,False,False,False,-1341892.0,-973669.4022210941,False,False,False,False,39846.85866677163,False,False,False,False
2025-06-04 15:00:00+00:00,10.555,10.595,10.52,10.535,26656.0,,,,,,,,,,,,,,,,,,,,,10.05733683269638,10.15766900969805,10.273089342775027,10.08896340576682,,,,10.14426464773407,"rgba(38, 166, 154, 1.0)",0.3932937260559257,10.155407871309315,0.9651619223559849,65.98656396893847,9.565575000199033,True,False,True,False,True,3.7473877201066728,0.0,0.0,0.0,0.0,0,1.0037121644774416,0.857795545402627,False,False,False,False,0.15357063034217602,0.1378867011854718,False,False,False,False,-1368548.0,-979791.5510238679,False,False,False,False,39642.349230077496,False,False,False,False
2025-06-04 16:00:00+00:00,10.535,10.54,10.505,10.535,11692.0,,,,,,,,,,,,,,,,,,,,,10.063798128909472,10.16098686031918,10.274862127274861,10.08990542406894,,,,10.147388135143114,"rgba(38, 166, 154, 1.0)",0.3932813219543953,10.157110647693745,0.9608626985597725,67.61617454182584,11.321534093974122,True,False,True,False,True,3.7473877201066728,0.0,0.0,0.0,0.0,0,1.0023088023088025,0.8686868686868688,False,False,False,False,0.1411139447264929,0.13950032295598236,False,False,False,False,-1368548.0,-985818.7827909398,False,False,False,False,39209.01048232435,False,False,False,False
2025-06-04 17:00:00+00:00,10.535,10.545,10.495,10.51,12961.0,,,,,,,,,,,,,,,,,,,,,10.070605595464807,10.164497083802575,10.276721673283404,10.09092115654653,,,,10.15068637727433,"rgba(38, 166, 154, 1.0)",0.3908922226518817,10.158910188597451,0.898175484333491,67.60392890544058,11.640712565232548,True,False,True,False,True,3.261579214356008,0.0,0.0,0.0,0.0,0,1.0020190366310935,0.8653014133256419,False,False,False,False,0.14022588869080888,0.13986310582339562,False,False,False,False,-1381509.0,-991953.5148406926,False,False,False,False,38802.06458337358,False,False,False,False
2025-06-04 18:00:00+00:00,10.515,10.515,10.46,10.475,9861.0,,,,,,,,,,,,,,,,,,,,,10.075272412982534,10.166873250712817,10.277923511837699,10.091630462444126,,,,10.152924909494294,"rgba(38, 166, 154, 1.0)",0.38792874566305385,10.160118858845713,0.8116983973850314,66.05845338563759,11.640712565232548,True,False,True,False,True,2.5778741559739693,0.0,0.0,0.0,0.0,0,0.9985590778097988,0.8685878962536023,False,False,False,False,0.1287006145629722,0.1342818601931839,False,False,False,False,-1391370.0,-998146.0184865734,False,False,False,False,38353.36590766236,False,False,False,False
2025-06-04 19:00:00+00:00,10.47,10.55,10.47,10.495,100122.0,,,,,,,,,,,,,,,,,,,,,10.119527127174285,10.190659101980403,10.2905869346618,10.099080181732553,,,,10.174963336387261,"rgba(38, 166, 154, 1.0)",0.38715131944001274,10.172376721858802,0.8333260457638353,65.54693376859292,11.640712565232548,True,False,True,False,True,2.9449202986704606,0.0,0.0,0.0,0.0,0,0.9991319444444446,0.8723958333333333,False,False,False,False,0.1366758465899091,0.1354788533915465,False,False,False,False,-1291248.0,-1002690.2352542233,False,False,False,False,39311.01914940403,False,False,False,False
2025-06-05 14:00:00+00:00,10.575,10.64,10.465,10.64,31220.0,,,,,,,,,,,,,,,,,,,,,10.133905704427217,10.199051852870403,10.295562095417877,10.101776966279159,,,,10.182574154748664,"rgba(38, 166, 154, 1.0)",0.3858354338082243,10.17682091510551,1.20045761562871,68.22471521926182,13.100549753239747,True,False,True,False,True,5.548916533018442,0.0,0.0,0.0,0.0,0,0.997986770204199,0.8642507909117054,False,False,False,False,0.15178829439527933,0.1436335738934129,False,False,False,False,-1260028.0,-1006679.9680409795,False,False,False,False,39185.576992048926,False,False,False,False
2025-06-05 15:00:00+00:00,10.635,10.67,10.5,10.52,23485.0,,,,,,,,,,,,,,,,,,,,,10.143726419013973,10.204840240823374,10.298961230647711,10.103709075632985,,,,10.18780924152951,"rgba(38, 166, 154, 0.75)",0.38454082832470127,10.202447242728507,0.8257972466927628,65.29993468996364,13.100549753239747,True,False,True,False,False,3.1634856619612464,0.0,0.0,0.0,0.0,0,1.0005715918833955,0.8622463561017434,False,False,False,False,0.16339111877726734,0.1535123463353401,False,False,False,False,-1283513.0,-1010971.9530325922,False,False,False,False,38942.15719372259,False,False,False,False
2025-06-05 16:00:00+00:00,10.525,10.595,10.515,10.535,18778.0,,,,,,,,,,,,,,,,,,,,,10.150992086640528,10.209149615982403,10.301466908956131,10.105192302863868,,,,10.191700228610733,"rgba(38, 166, 154, 0.75)",0.38326125448470255,10.204209658188486,0.863093615492817,63.70549414529415,13.100549753239747,True,False,True,False,False,3.433818569047453,0.0,0.0,0.0,0.0,0,1.0071715433161217,0.8651749856569132,False,False,False,False,0.15073122770431382,0.15212178701982698,False,False,False,False,-1264735.0,-1014906.2638382884,False,False,False,False,38629.534601571846,False,False,False,False
2025-06-05 17:00:00+00:00,10.525,10.565,10.515,10.525,14222.0,,,,,,,,,,,,,,,,,,,,,10.156144692722672,10.21221665116905,10.303230690172366,10.106275491730438,,,,10.194466881448632,"rgba(38, 166, 154, 0.75)",0.3833027171479113,10.205422905585499,0.8337459666146361,62.25241115968187,17.193468523997225,True,False,True,False,False,3.2335423776017294,0.0,0.0,0.0,0.0,0,1.0020074562661316,0.8663607685689706,False,False,False,False,0.1453346634805912,0.1487282252502091,False,False,False,False,-1278957.0,-1019000.0737012606,False,False,False,False,38251.12321240019,False,False,False,False
2025-06-05 18:00:00+00:00,10.525,10.54,10.5,10.5,7872.0,,,,,,,,,,,,,,,,,,,,,10.158777961854067,10.213777292178703,10.304105352578155,10.106842520565168,,,,10.195875781794022,"rgba(38, 166, 154, 0.75)",0.3827749791779544,10.205928860847399,0.768261132909332,60.263196417544684,15.144472179586174,True,False,True,False,False,2.7272363194657103,0.0,0.0,0.0,0.0,0,1.0020068807339448,0.8663990825688074,False,False,False,False,0.13656853973359365,0.14264838249190137,False,False,False,False,-1286829.0,-1023152.4601555046,False,False,False,False,37780.129054068406,False,False,False,False
2025-06-05 19:00:00+00:00,10.505,10.54,10.47,10.5,35244.0,,,,,,,,,,,,,,,,,,,,,10.169787110688844,10.220343862250052,10.307750703422721,10.109299956117393,,,,10.201795408119754,"rgba(38, 166, 154, 0.75)",0.381024200598125,10.20831058552488,0.7655403882935308,58.937053256119896,13.717432078366933,True,False,True,False,False,2.7272363194657103,0.0,0.0,0.0,0.0,0,0.9994266055045875,0.8692660550458716,False,False,False,False,0.13115000420942843,0.13689919335066492,False,False,False,False,-1286829.0,-1027240.4685251868,False,False,False,False,37740.80922377277,False,False,False,False
2025-06-06 14:00:00+00:00,10.505,10.525,10.43,10.5,12941.0,,,,,,,,,,,,,,,,,,,,10.484999999999998,10.173442349721636,10.222529454645548,10.308933603662423,10.11015302806326,,,,10.260011687218572,"rgba(38, 166, 154, 0.75)",0.37947539653655454,10.224418319752788,0.7262175170312145,58.05295781517003,12.66595698715372,True,False,True,False,False,2.7272363194657103,0.0,0.0,0.0,0.0,0,0.9988532110091746,0.8698394495412846,False,False,False,False,0.12123564268619622,0.12906741801843058,False,False,False,False,-1286829.0,-1031265.0969201451,False,False,False,False,37356.31605751272,False,False,False,False
2025-06-06 15:00:00+00:00,10.505,10.565,10.495,10.55,7571.0,,,,,,,,,,,,,,,,,,,,10.504070219058761,10.175889923308562,10.224039878370116,10.309819295737533,10.11071885837765,,,,10.264907634970523,"rgba(38, 166, 154, 0.75)",0.37651403668365213,10.226238979576015,0.8598909705350773,59.329987871737615,12.66595698715372,True,False,True,False,False,3.707662169871469,0.0,0.0,0.0,0.0,1,1.0014322543683762,0.8665138928673735,False,False,False,False,0.12679582841454257,0.12793162321648657,False,False,False,False,-1279258.0,-1035109.9481306855,False,False,False,False,36894.5282116598,False,False,False,False
2025-06-06 16:00:00+00:00,10.55,10.575,10.545,10.555,5639.0,,,,,,,,,,,,,,,,,,,,10.515771098619556,10.177799788166553,10.2252327772195,10.310537090420599,10.111160710904466,,,,10.268100293066134,"rgba(38, 166, 154, 1.0)",0.37415159282624094,10.227542736929118,0.8751994361359173,60.36181919586719,12.66595698715372,True,False,True,False,True,3.8062120536110804,0.0,0.0,0.0,0.0,0,1.0034782608695654,0.8773913043478262,False,False,False,False,0.12354591732431143,0.125738770270399,False,False,False,False,-1273619.0,-1038807.7628883492,False,False,False,False,36409.94637892089,False,False,False,False
2025-06-06 17:00:00+00:00,10.555,10.58,10.54,10.565,3863.0,,,,,,,,,,,,,,,,,,,,10.521678161302503,10.179108534589176,10.226053200051766,10.311033010069059,10.111465151656686,,,,10.269867611533838,"rgba(38, 166, 154, 1.0)",0.36983532980391415,10.228322484487697,0.9103443840554892,61.43761588639236,12.66595698715372,True,False,True,False,True,4.006491241157239,0.0,0.0,0.0,0.0,0,0.9964850615114238,0.8834212067955478,False,False,False,False,0.12322045707961411,0.12447961367500657,False,False,False,False,-1269756.0,-1042388.3557117856,False,False,False,False,35905.342559092656,False,False,False,False
2025-06-06 18:00:00+00:00,10.565,10.63,10.56,10.615,22902.0,,,,,,,,,,,,,,,,,,,,10.556297118703858,10.187480343796842,10.23140616122916,10.314396213315899,10.113421243008725,,,,10.280600216010898,"rgba(38, 166, 154, 1.0)",0.3648869626274613,10.23345822105832,1.0456437692218188,63.95551786677319,9.890268654106201,True,False,True,False,True,5.011031261112819,0.0,0.0,0.0,0.0,0,0.9941280093951851,0.8772753963593658,False,False,False,False,0.1377690621334763,0.13112433790424144,False,False,False,False,-1246854.0,-1045558.3657007501,False,False,False,False,35703.74034887417,False,False,False,False
2025-06-06 19:00:00+00:00,10.615,10.635,10.595,10.63,32212.0,,,,,,,,,,,,,,,,,,,,10.580401963317984,10.199206250080657,10.239042302814312,10.319290602370105,10.11624856363462,,,,10.290837936443534,"rgba(38, 166, 154, 1.0)",0.3605890825946972,10.239323273532687,1.0834402518681778,66.12700875576806,12.023800292501974,True,False,True,False,True,5.312884797257393,0.0,0.0,0.0,0.0,0,0.991179064980888,0.8791531902381652,False,False,False,False,0.14610825603535202,0.13861629696979672,False,False,False,False,-1214642.0,-1048179.8173953121,False,False,False,False,35649.604839589294,False,False,False,False
2025-06-09 14:00:00+00:00,10.785,10.9,10.74,10.855,36267.0,,,,,,,,,,,,,,,,,,,,10.65546779795983,10.217939363226353,10.25186997163825,10.32836590850041,10.12071603189446,,,,10.314871814643862,"rgba(38, 166, 154, 1.0)",0.3595752374001166,10.25247038304973,1.6756704975204046,71.96371277960615,17.416668332103484,True,False,True,False,True,9.628291132103023,0.0,0.0,0.0,0.0,0,0.9927388905024692,0.8713331397037469,False,False,False,False,0.2329802730043745,0.18579828498708562,False,False,False,False,-1178375.0,-1050198.3473581756,False,False,False,False,35659.176857580154,False,False,False,False
2025-06-09 15:00:00+00:00,10.855,10.905,10.845,10.865,12106.0,,,,,,,,,,,,,,,,,,,,10.675072920802092,10.224339503242518,10.256316078475061,10.331559222687561,10.122278091691957,,,,10.321913163379838,"rgba(38, 166, 154, 1.0)",0.35904348653780654,10.256594382011858,1.694517908832968,75.97379757761104,20.92357139829656,True,False,True,False,True,9.811367582912737,0.0,0.0,0.0,0.0,0,1.0005812263876783,0.8700959023539669,False,False,False,False,0.2568332993491902,0.2213157921681379,False,False,False,False,-1166269.0,-1051997.8923603743,False,False,False,False,35294.01132490449,False,False,False,False
2025-06-09 16:00:00+00:00,10.865,10.865,10.805,10.815,13305.0,,,,,,,,,,,,,,,,,,,,10.688962882988436,10.230769215998157,10.260790567424717,10.33474766154217,10.123888542404181,,,,10.327831774071532,"rgba(38, 166, 154, 1.0)",0.35870579427553956,10.26027755974394,1.54645519840683,75.58791497914228,20.92357139829656,True,False,True,False,True,8.616611801219456,0.0,0.0,0.0,0.0,0,0.9982445874780572,0.8812170860152134,False,False,False,False,0.2394587859302285,0.2303872890491832,False,False,False,False,-1179574.0,-1053975.8165098259,False,False,False,False,34953.0964206424,False,False,False,False
2025-06-09 17:00:00+00:00,10.81,10.87,10.81,10.865,22303.0,,,,,,,,,,,,,,,,,,,,10.709981510938706,10.241596213592716,10.26839496056778,10.340214457596723,10.126647881741123,,,,10.337367004887408,"rgba(38, 166, 154, 1.0)",0.35691593125269827,10.266346304071872,1.677296089941915,76.24961347698125,21.0814416614013,True,False,True,False,True,9.557330988522253,0.0,0.0,0.0,0.0,0,1.0047142015321155,0.8786093105480258,False,False,False,False,0.24162265555872608,0.23600497230395465,False,False,False,False,-1157271.0,-1055577.2922228517,False,False,False,False,34756.97089474097,False,False,False,False
2025-06-09 18:00:00+00:00,10.865,10.885,10.85,10.86,18536.0,,,,,,,,,,,,,,,,,,,,10.725294589961543,10.250549157564897,10.274744147539312,10.34481627592106,10.128977814886508,,,,10.344876397174664,"rgba(38, 166, 154, 1.0)",0.35486995460969023,10.271240467179336,1.6590853217433434,76.3761747215643,21.428102380401,True,False,True,False,True,9.435235889191198,0.0,0.0,0.0,0.0,0,1.0091661738616202,0.8701951507983442,False,False,False,False,0.25191634355683357,0.24396065793039412,False,False,False,False,-1175807.0,-1057441.3187000167,False,False,False,False,34505.48297389226,False,False,False,False
2025-06-09 19:00:00+00:00,10.865,10.895,10.82,10.825,45852.0,,,,,,,,,,,,,,,,,,,,10.749128525562785,10.270999935155707,10.289413995764152,10.355471052575531,10.134536620753014,,,,10.35991002596224,"rgba(38, 166, 154, 0.75)",0.3527298688236641,10.281571991585373,1.5406350764309535,74.22738291217519,21.428102380401,True,False,True,False,False,8.57327737425388,0.0,0.0,0.0,0.0,0,1.0050385299347953,0.8728512151748665,False,False,False,False,0.24748722703245699,0.24572394248142554,False,False,False,False,-1221659.0,-1059987.329262807,False,False,False,False,34681.39796654509,False,False,False,False
2025-06-10 14:00:00+00:00,10.935,10.935,10.69,10.695,10365.0,,,,,,,,,,,,,,,,,,,,10.75015731574962,10.27486561610612,10.292203721656122,10.357466934926059,10.135653122147037,,,,10.36206934211699,"rgba(38, 166, 154, 0.75)",0.3493734675384191,10.309021105870874,1.1047744891694775,66.55777468970935,21.87663315733785,True,False,True,False,False,5.460178825793257,0.0,0.0,0.0,0.0,0,0.9932610606504543,0.8722531497216525,False,False,False,False,0.22767081223020125,0.2366973773558134,False,False,False,False,-1232024.0,-1062654.5644680348,False,False,False,False,34304.399548459114,False,False,False,False
2025-06-10 15:00:00+00:00,10.695,10.695,10.585,10.64,9351.0,,,,,,,,,,,,,,,,,,,,10.746089273984092,10.277383123281261,10.294003211395479,10.358679185460156,10.13644714026894,,,,10.362520386877986,"rgba(38, 166, 154, 0.5)",0.347209493580506,10.306297975891951,0.9610970617964264,59.516032194636026,15.642914414858396,False,False,True,False,False,4.186759986814238,0.0,0.0,0.0,0.0,0,0.9938271604938274,0.885949441504997,False,False,False,False,0.11961390760532721,0.1781556424805703,False,False,False,False,-1241375.0,-1065425.4239336466,False,False,False,False,33917.525136855096,False,False,False,False
2025-06-10 16:00:00+00:00,10.64,10.71,10.64,10.7,7059.0,,,,,,,,,,,,,,,,,,,,10.744387230794453,10.279485068204101,10.295517939255053,10.359727338712226,10.137096323547214,,,,10.36324278010261,"rgba(38, 166, 154, 0.5)",0.3460168068615015,10.30658147865893,1.1369925204197966,57.03625522904056,13.683175058673655,False,False,True,False,False,5.4127375274330305,0.0,0.0,0.0,0.0,0,0.9963459196102314,0.8998172959805115,False,False,False,False,0.13717163897651857,0.15766364072854444,False,False,False,False,-1234316.0,-1068043.882477311,False,False,False,False,33501.11389442323,False,False,False,False
2025-06-10 17:00:00+00:00,10.705,10.77,10.7,10.76,6852.0,,,,,,,,,,,,,,,,,,,,10.744360197261697,10.281804712386808,10.297202756386502,10.360925746169817,10.137794052682885,,,,10.364417492977543,"rgba(38, 166, 154, 0.5)",0.34198776386097457,10.307901632572458,1.3219723487280377,57.30762854895879,13.683175058673655,False,False,True,False,False,6.620736026196397,0.0,0.0,0.0,0.0,0,0.991743119266055,0.9030581039755352,False,False,False,False,0.16747356013057402,0.16256860042955923,False,False,False,False,-1227464.0,-1070515.5122063449,False,False,False,False,33087.949337920545,False,False,False,False
2025-06-10 18:00:00+00:00,10.76,10.78,10.74,10.77,11695.0,,,,,,,,,,,,,,,,,,,,10.745156021170246,10.285880009050624,10.300176916250214,10.363060061484621,10.139020445462343,,,,10.36665869068361,"rgba(38, 166, 154, 0.5)",0.3376572039619272,10.31024903866195,1.361590855884385,57.798912814216614,13.683175058673655,False,False,True,False,False,6.822017342165989,0.0,0.0,0.0,0.0,0,0.9876960935096893,0.9080282989849277,False,False,False,False,0.1801867030118276,0.1713776517206934,False,False,False,False,-1215769.0,-1072767.5042651612,False,False,False,False,32756.27570477449,False,False,False,False
2025-06-10 19:00:00+00:00,10.765,10.825,10.765,10.82,29493.0,,,,,,,,,,,,,,,,,,,,10.750721239091137,10.296693238152598,10.308144854730578,10.368871224397767,10.142288764656842,,,,10.373343864205783,"rgba(38, 166, 154, 0.5)",0.3341364154715007,10.316576569675755,1.506640422935834,59.6449984207743,13.683175058673655,False,False,True,False,True,7.830789789538311,0.0,0.0,0.0,0.0,0,0.9889094269870612,0.9023413431916205,False,False,False,False,0.19808337976205864,0.18473051574137603,False,False,False,False,-1186276.0,-1074527.325904461,False,False,False,False,32705.68228299504,False,False,False,False
2025-06-11 14:00:00+00:00,10.915,10.93,10.75,10.75,22117.0,,,,,,,,,,,,,,,,,,,,10.754689015391103,10.304613061665647,10.314034668237355,10.373194728425496,10.144743181869423,,,,10.378254931117805,"rgba(38, 166, 154, 0.5)",0.3289657557686935,10.320694335220777,1.3050162737336155,57.74544436835757,13.683175058673655,False,False,True,False,True,6.116206226945295,0.0,0.0,0.0,0.0,0,0.9856225145304375,0.8978280819822577,False,False,False,False,0.2212805883825617,0.20300555206196885,False,False,False,False,-1208393.0,-1076602.7627121438,False,False,False,False,32541.516666204418,False,False,False,False
2025-06-11 15:00:00+00:00,10.755,10.755,10.625,10.68,22901.0,,,,,,,,,,,,,,,,,,,,10.750280163020406,10.310620753133824,10.318508562913507,10.376344015028984,10.146798012565933,,,,10.380510301332531,"rgba(38, 166, 154, 0.5)",0.3237148116464222,10.321858781024568,1.106347952242023,53.90843059670712,10.14445040711714,False,True,True,False,False,4.438288521856155,0.0,0.0,0.0,0.0,0,0.9786194257788636,0.9105070250458153,False,False,False,False,0.1447215627576922,0.17386355740983053,False,False,False,False,-1231294.0,-1079001.0764685445,False,False,False,False,32392.051291534583,False,False,False,False
2025-06-11 16:00:00+00:00,10.685,10.7,10.62,10.68,11923.0,,,,,,,,,,,,,,,,,,,,10.747550757055155,10.313511961638849,10.320671316147694,10.377854651171251,10.14782226335342,,,,10.381482189873273,#000000,0.3191903750044711,10.322355892566998,1.1204727192290553,51.35042141560682,7.604655512268323,False,True,False,False,False,4.438288521856155,0.0,0.0,0.0,0.0,0,0.9919753086419751,0.9108024691358024,False,False,False,False,0.12963722415426904,0.15175039078204977,False,False,False,False,-1231294.0,-1081362.2070659313,False,False,False,False,32074.70165910769,False,False,False,False
2025-06-11 17:00:00+00:00,10.685,10.73,10.685,10.7,7839.0,,,,,,,,,,,,,,,,,,,,10.746656727205801,10.315590961952312,10.32223460148171,10.378970002350027,10.148543070941002,,,,10.382399072786171,#000000,0.3147161312091306,10.322988960639526,1.1979399909118342,50.525993333078716,6.624158017327524,False,True,False,False,False,4.869854865212222,0.0,0.0,0.0,0.0,0,0.9876237623762376,0.9093440594059407,False,False,False,False,0.1535506253178481,0.15265050804994895,False,False,False,False,-1223455.0,-1083565.1961036688,False,False,False,False,31698.954346563383,False,False,False,False
2025-06-11 18:00:00+00:00,10.705,10.75,10.655,10.695,12466.0,,,,,,,,,,,,,,,,,,,,10.745148205112246,10.318810131604993,10.324662463006819,10.380701152309127,10.149675239541699,,,,10.383799438314977,#000000,0.3100806782549125,10.323961415351254,1.196587245412695,49.75421589295492,5.585747309902025,False,True,False,False,False,4.745432568713426,0.0,0.0,0.0,0.0,0,0.9863650449333744,0.9092035946699719,False,False,False,False,0.15102567022658525,0.1518380891382671,False,False,False,False,-1235921.0,-1085927.3015904336,False,False,False,False,31400.769007856976,False,False,False,False
2025-06-11 19:00:00+00:00,10.695,10.75,10.64,10.705,56734.0,,,,,,,,,,,,,,,,,,,,10.73914313394771,10.332743640516913,10.335281536083663,10.388309672479004,10.154754243276466,,,,10.39004644526075,#000000,0.3054182924013114,10.328506416487613,1.2327145848149934,49.75357137995775,5.181260700453606,False,True,False,False,False,4.96807876424273,0.0,0.0,0.0,0.0,0,0.9866831836481882,0.906782285537318,False,False,False,False,0.14724180765682096,0.14953994839754403,False,False,False,False,-1179187.0,-1087373.188387481,False,False,False,False,31793.53227905299,False,False,False,False
2025-06-12 14:00:00+00:00,10.735,10.8,10.69,10.775,16270.0,,,,,,,,,,,,,,,,,,,,10.739705743171044,10.337143045594262,10.33867446346789,10.390811435409358,10.156343516552731,,,,10.392535640839055,"rgba(38, 166, 154, 0.5)",0.3014548058996567,10.330476875405148,1.4745929270167866,52.93383158056112,5.181260700453606,False,True,True,False,True,6.518277415699057,0.0,0.0,0.0,0.0,1,0.9932056825200739,0.8983940704138355,False,False,False,False,0.1725521596257256,0.1610460540116348,False,False,False,False,-1162917.0,-1088544.4102729466,False,False,False,False,31552.857359997903,False,False,False,False
2025-06-12 15:00:00+00:00,10.775,10.8,10.71,10.715,9884.0,,,,,,,,,,,,,,,,,,,,10.739747117775227,10.339687335877,10.340643849067542,10.392259618737484,10.157283483053142,,,,10.393924280902079,"rgba(38, 166, 154, 0.5)",0.296674010436486,10.331563757583481,1.292449722348049,51.99488979414409,5.181260700453606,False,True,True,False,True,4.970011311287724,0.0,0.0,0.0,0.0,1,1.0021725636250776,0.8966480446927373,False,False,False,False,0.17763958820914247,0.16934282111038862,False,False,False,False,-1172801.0,-1089850.713989645,False,False,False,False,31216.90608309871,False,False,False,False
2025-06-12 16:00:00+00:00,10.715,10.725,10.69,10.71,7358.0,,,,,,,,,,,,,,,,,,,,10.739261323990553,10.341405365451386,10.341976649974592,10.39322784887419,10.157941467651852,,,,10.394762531188515,#000000,0.29171067364276704,10.332201686282119,1.2951130961376451,51.12999211976468,5.181260700453606,False,True,False,False,True,4.841064795815903,0.0,0.0,0.0,0.0,1,0.9978186350888125,0.8996572140853847,False,False,False,False,0.1535506253178481,0.16144672321411835,False,False,False,False,-1180159.0,-1091250.842454922,False,False,False,False,30847.000562430512,False,False,False,False
2025-06-12 17:00:00+00:00,10.71,10.75,10.69,10.715,6544.0,,,,,,,,,,,,,,,,,,,,10.738977394605833,10.342961211549321,10.343186048361638,10.394111165547383,10.158535950337924,,,,10.39555435408042,#000000,0.2924669535501723,10.33281146302819,1.3067751153849467,50.8204889922788,5.181260700453606,False,True,False,False,True,4.956310671083518,0.0,0.0,0.0,0.0,1,0.9965742759265026,0.8962939894113983,False,False,False,False,0.15987159432560558,0.16065915876986198,False,False,False,False,-1173615.0,-1092527.8061377911,False,False,False,False,30470.20985603624,False,False,False,False
2025-06-12 18:00:00+00:00,10.715,10.715,10.65,10.695,11314.0,,,,,,,,,,,,,,,,,,,,10.737778510397805,10.345396661865097,10.345083797132126,10.395479013961952,10.159502815459081,,,,10.396648159763211,#000000,0.2927101231871147,10.333629635542572,1.2345673614657424,49.5010097944797,3.7199176954995465,False,True,False,False,False,4.423801627386638,0.0,0.0,0.0,0.0,1,0.9965732087227414,0.8971962616822429,False,False,False,False,0.14094460554510563,0.1508018821574838,False,False,False,False,-1184929.0,-1093960.3827868176,False,False,False,False,30173.21435439227,False,False,False,False
2025-06-12 19:00:00+00:00,10.695,10.74,10.69,10.725,28543.0,,,,,,,,,,,,,,,,,,,,10.73671566402722,10.351946286391225,10.350214862356514,10.399242818318386,10.162071949842383,,,,10.400038316187146,#000000,0.2925272452083545,10.336261441656688,1.3288969308360645,50.408994748027,3.7199176954995465,False,True,False,False,False,5.13598684230206,0.0,0.0,0.0,0.0,1,0.9993654822335024,0.9105329949238578,False,False,False,False,0.15734171402578911,0.15407179809163646,False,False,False,False,-1156386.0,-1094928.2218133784,False,False,False,False,30147.9397132389,False,False,False,False
2025-06-13 14:00:00+00:00,10.465,10.485,10.4,10.465,9121.0,,,,,,,,,,,,,,,,,,,,10.731793763778423,10.352493501039751,10.35065129107852,10.399431203135869,10.16249432266863,,,,10.399372816340238,"rgba(239, 83, 80, 1.0)",0.29156942523133195,10.335615725771941,0.44375117221363336,42.38029695435196,-3.1519433681690927,False,True,False,True,False,0.0,0.0,0.0,0.0,0.0,0,0.974671669793621,0.9146341463414633,False,False,False,False,0.021592113687972436,0.08783195588980444,False,False,False,False,-1165507.0,-1096022.4664364269,False,False,False,False,29821.940647917367,False,False,False,False
2025-06-13 15:00:00+00:00,10.465,10.515,10.435,10.485,15642.0,,,,,,,,,,,,,,,,,,,,10.724545390833347,10.353686458311868,10.351601856007587,10.399930238623295,10.163286890424281,,,,10.398610166840076,"rgba(239, 83, 80, 1.0)",0.29025814853814574,10.334859403793851,0.5172657407287791,38.038539069334476,-6.924866040103119,False,True,False,True,False,0.0,0.0,0.0,0.0,0.0,0,0.9799121155053359,0.9121155053358443,False,False,False,False,0.037643911943940254,0.06273793391687235,False,False,False,False,-1149865.0,-1096857.2343986528,False,False,False,False,29602.096606864383,False,False,False,False
2025-06-13 16:00:00+00:00,10.485,10.515,10.48,10.5,13464.0,,,,,,,,,,,,,,,,,,,,10.719110799050258,10.354857219146322,10.352536148643697,10.400463052293306,10.164009028759608,,,,10.398195249578638,"rgba(239, 83, 80, 1.0)",0.28791864153636104,10.33443563871133,0.575038699839659,35.93428198914328,-8.656106671524277,False,True,False,True,False,0.0,0.0,0.0,0.0,0.0,0,0.9818887451487709,0.9421086675291073,False,False,False,False,0.04876756780995815,0.055752750863415246,False,False,False,False,-1136401.0,-1097470.316035883,False,False,False,False,29351.89355869594,False,False,False,False
2025-06-13 17:00:00+00:00,10.505,10.505,10.47,10.47,6944.0,,,,,,,,,,,,,,,,,,,,10.716204768384047,10.355384372776248,10.35295881752823,10.400689186607758,10.164361746906392,,,,10.397919778440535,"rgba(239, 83, 80, 1.0)",0.28792036248784936,10.334172185943745,0.4717548035943037,33.788999903503274,-10.56451447496076,False,True,False,True,False,0.0,0.0,0.0,0.0,0.0,0,0.9860026041666666,0.9222005208333333,False,False,False,False,0.04382239525417087,0.049787573058793055,False,False,False,False,-1143345.0,-1098181.5514461794,False,False,False,False,29004.484356235538,False,False,False,False
2025-06-13 18:00:00+00:00,10.475,10.485,10.37,10.39,23575.0,,,,,,,,,,,,,,,,,,,,10.70418870882132,10.356214034841232,10.353640675532963,10.400823219293311,10.165303037568222,,,,10.39603393521141,"rgba(239, 83, 80, 1.0)",0.288165961941415,10.332515802294328,0.19948295530254026,30.648146979235253,-13.465541991053158,False,True,False,True,False,0.0,0.0,0.0,0.0,0.0,0,0.9769405651185449,0.922702176031179,False,False,False,False,0.014187842057509533,0.03198770755815129,False,False,False,False,-1166920.0,-1099247.263826859,False,False,False,False,28920.306304200876,False,False,False,False
2025-06-13 19:00:00+00:00,10.395,10.47,10.39,10.46,49847.0,,,,,,,,,,,,,,,,,,,,10.683637748037084,10.358609030130507,10.355601928987774,10.401583976600214,10.16746716363356,,,,10.393379969477829,"rgba(239, 83, 80, 1.0)",0.2881288187880825,10.330267203939114,0.45025970191584713,32.24053031474993,-13.465541991053158,False,True,False,True,False,0.0,0.0,0.0,0.0,0.0,0,0.9824046920821113,0.9224503095470836,False,False,False,False,0.015421757394143233,0.023704732476147263,False,False,False,False,-1117073.0,-1099523.6318295433,False,False,False,False,29244.751167701634,False,False,False,False
2025-06-16 14:00:00+00:00,10.595,10.67,10.52,10.575,12600.0,,,,,,,,,,,,,,,,,,,,10.681799916232782,10.360256984408576,10.356930317220227,10.40249615860494,10.168303614120061,,,,10.393957398117317,"rgba(239, 83, 80, 0.75)",0.28827362814639174,10.330747201978237,0.8472949800934442,37.881467885071295,-18.457123106236608,False,True,False,True,True,1.3618231181156304,0.0,0.0,0.0,0.0,0,0.9880568108457068,0.9076823757262749,False,False,False,False,0.09714553611595622,0.060425134296051744,False,False,False,False,-1104473.0,-1099600.366219783,False,False,False,False,28986.69301006285,False,False,False,False
2025-06-16 15:00:00+00:00,10.58,10.585,10.505,10.55,20124.0,,,,,,,,,,,,,,,,,,,,10.677762302740916,10.362368541826148,10.3586443659153,10.403612167536833,10.169500829624418,,,,10.394377641528724,"rgba(239, 83, 80, 0.75)",0.2883354996533722,10.33110703617668,0.7591606447574659,40.83160024754858,-15.788464057475323,False,True,False,True,True,0.7448381627980503,0.0,0.0,0.0,0.0,0,0.989654057549305,0.913029421273844,False,False,False,False,0.0722938771749105,0.06635950573548112,False,False,False,False,-1124597.0,-1099987.9109295537,False,False,False,False,28849.28691688358,False,False,False,False
2025-06-16 16:00:00+00:00,10.55,10.565,10.515,10.565,4656.0,,,,,,,,,,,,,,,,,,,,10.676873714078999,10.36285464349448,10.35904001172494,10.403870896376775,10.169777964820408,,,,10.394483446099121,"rgba(239, 83, 80, 0.75)",0.28821277487926,10.331198445150694,0.8112116298358095,43.37196607122179,-13.417475164746712,False,True,False,True,True,1.110354709639818,0.0,0.0,0.0,0.0,0,0.9900332225913622,0.9322259136212624,False,False,False,False,0.06981410888064994,0.06808680730806553,False,False,False,False,-1119941.0,-1100297.2611477003,False,False,False,False,28474.197197241974,False,False,False,False
2025-06-16 17:00:00+00:00,10.565,10.58,10.535,10.55,5919.0,,,,,,,,,,,,,,,,,,,,10.675819228364789,10.363491029869968,10.35955823538996,10.404213593413312,10.170135885866909,,,,10.394643594580987,"rgba(239, 83, 80, 0.75)",0.2873214761040846,10.331336184498783,0.7610423643445475,44.49915171897936,-12.239831668130705,False,True,False,True,True,0.7299708270171834,0.0,0.0,0.0,0.0,0,0.9856666666666667,0.9296666666666665,False,False,False,False,0.07849725027014974,0.07329202878910764,False,False,False,False,-1125860.0,-1100693.582680294,False,False,False,False,28124.50421743977,False,False,False,False
2025-06-16 18:00:00+00:00,10.55,10.58,10.55,10.57,12170.0,,,,,,,,,,,,,,,,,,,,10.673911358717273,10.364865253528444,10.360678278693383,10.404967490885094,10.17089196349082,,,,10.395062869063002,"rgba(239, 83, 80, 0.75)",0.2868589602279533,10.331694616709521,0.8307405949638416,46.137593887858216,-10.463381357385934,False,True,False,True,True,1.2315754499567007,0.0,0.0,0.0,0.0,0,0.9899699097291876,0.9247743229689066,False,False,False,False,0.08222213973754375,0.0777570842633257,False,False,False,False,-1113690.0,-1100895.07752246,False,False,False,False,27877.147562905822,False,False,False,False
2025-06-16 19:00:00+00:00,10.57,10.61,10.525,10.555,37127.0,,,,,,,,,,,,,,,,,,,,10.668313507700727,10.368877666946917,10.36396745493797,10.407178241653762,10.17316153897118,,,,10.39629968204211,"rgba(239, 83, 80, 0.75)",0.28580379775435155,10.332765197746031,0.7775781987508062,46.56345549055284,-9.727741694356823,False,True,False,True,True,0.8395817808236039,0.0,0.0,0.0,0.0,0,0.9889410187667561,0.9249329758713135,False,False,False,False,0.08346427054769831,0.080610677405512,False,False,False,False,-1150817.0,-1101669.0608166852,False,False,False,False,28020.55612782201,False,False,False,False
2025-06-17 14:00:00+00:00,10.36,10.395,10.31,10.355,28659.0,,,,,,,,,,,,,,,,,,,,10.65646785284838,10.36863881261915,10.36383587331988,10.40660420549333,10.173962282384602,,,,10.39390180533307,"rgba(239, 83, 80, 1.0)",0.28527172126755657,10.330885937329565,0.08453015449021123,40.87806829820499,-9.727741694356823,False,True,False,True,False,0.0,0.0,0.0,0.0,0.0,0,0.9781384564425307,0.9294468367008942,False,False,False,False,-0.022826416579293213,0.028892130413109396,False,False,False,False,-1179476.0,-1102875.36995131,False,False,False,False,28030.454482429417,False,False,False,False
2025-06-17 15:00:00+00:00,10.355,10.395,10.33,10.345,21687.0,,,,,,,,,,,,,,,,,,,,10.648172004321161,10.368501202402541,10.363769368119275,10.406204563952821,10.174574683318792,,,,10.392244364422918,"rgba(239, 83, 80, 1.0)",0.28462751065176295,10.329605490446554,0.054086512994459095,36.88319974221359,-6.487951507515071,False,True,False,True,False,0.0,0.0,0.0,0.0,0.0,0,0.9830226364846872,0.9300932090545938,False,False,False,False,-0.01788978206609111,0.005501174173509142,False,False,False,False,-1201163.0,-1104399.2091768712,False,False,False,False,27932.106350918883,False,False,False,False
2025-06-17 16:00:00+00:00,10.345,10.365,10.315,10.325,10246.0,,,,,,,,,,,,,,,,,,,,10.64413067316888,10.368320259346568,10.363643831482111,10.40593635871576,10.174828328989442,,,,10.391371890340553,"rgba(239, 83, 80, 1.0)",0.2846314987665451,10.328931876203498,-0.013813918067879414,33.789314145088774,-9.397430531970357,False,True,False,True,False,0.0,0.0,0.0,0.0,0.0,0,0.9760356042451217,0.9452242382745633,False,False,False,False,-0.028998802637378696,-0.011748814231934777,False,False,False,False,-1211409.0,-1106058.275701261,False,False,False,False,27657.903151679828,False,False,False,False
2025-06-17 17:00:00+00:00,10.325,10.365,10.315,10.345,14935.0,,,,,,,,,,,,,,,,,,,,10.638546320757321,10.368112058539609,10.363504929281236,10.405585414124102,10.175211949246414,,,,10.390192134389736,"rgba(239, 83, 80, 1.0)",0.2778665990126313,10.328028053557661,0.06107947663608157,32.88252232389793,-10.368053177451252,False,True,False,True,False,0.0,0.0,0.0,0.0,0.0,0,0.9659442724458206,0.9521843825249396,False,False,False,False,-0.028998802637378696,-0.020373808434656734,False,False,False,False,-1196474.0,-1107460.0698764352,False,False,False,False,27460.648839250684,False,False,False,False
2025-06-17 18:00:00+00:00,10.345,10.375,10.33,10.365,17248.0,,,,,,,,,,,,,,,,,,,,10.632661495408323,10.368009731459608,10.363455377611224,10.405278857260923,10.17569251822851,,,,10.389019595993718,"rgba(239, 83, 80, 1.0)",0.2677998109385782,10.327142192200062,0.14136607366246728,33.45270052987789,-10.368053177451252,False,True,False,True,False,0.0,0.0,0.0,0.0,0.0,0,0.9790867898222378,0.9463227605437433,False,False,False,False,-0.022826416579293213,-0.021600112506974974,False,False,False,False,-1179226.0,-1108572.7199558702,False,False,False,False,27302.313198332067,False,False,False,False
2025-06-17 19:00:00+00:00,10.365,10.4,10.34,10.37,48247.0,,,,,,,,,,,,,,,,,,,,10.618168817816692,10.368058291115746,10.363585398688446,10.40467109346723,10.177121422184284,,,,10.38632100465448,"rgba(239, 83, 80, 1.0)",0.25124048993699866,10.325152324852974,0.17850496613134018,34.141870506774346,-10.368053177451252,False,True,False,True,False,0.0,0.0,0.0,0.0,0.0,0,0.979406631762653,0.9340314136125653,False,False,False,False,-0.014187891413234099,-0.017894001960104537,False,False,False,False,-1130979.0,-1108920.104142601,False,False,False,False,27627.037024714515,False,False,False,False
2025-06-18 14:00:00+00:00,10.275,10.4,10.215,10.35,8216.0,,,,,,,,,,,,,,,,,,,10.321666666666667,10.615408820814714,10.367866338985495,10.363444060141182,10.404428298613398,10.177302207819249,,,,10.375019398840116,"rgba(239, 83, 80, 1.0)",0.23795122143788847,10.324527409396076,0.10704963164298244,33.89134809966895,-10.413165015361784,False,True,False,True,False,0.0,0.0,0.0,0.0,0.0,0,0.9688581314878895,0.9352941176470586,True,False,False,False,-0.045058527618298205,-0.031476264789201375,False,False,False,False,-1139195.0,-1109389.4823729482,False,False,False,False,27326.090714253824,False,False,False,False
2025-06-18 15:00:00+00:00,10.35,10.375,10.33,10.355,7592.0,,,,,,,,,,,,,,,,,,,10.336875000000001,10.61317379109078,10.367810985209168,10.363412656527537,10.404290565039094,10.177505417179592,,,,10.377178069174361,"rgba(239, 83, 80, 1.0)",0.22506179331643553,10.324972601527273,0.13341846268197527,34.092572959255975,-10.705576481147823,False,True,False,True,False,0.0,0.0,0.0,0.0,0.0,0,0.9784871616932688,0.9368494101318527,False,False,False,False,-0.022826416579293213,-0.027151340684247294,False,False,False,False,-1131603.0,-1109733.877995073,False,False,False,False,27020.13581945919,False,False,False,False
2025-06-18 16:00:00+00:00,10.355,10.365,10.28,10.295,9052.0,,,,,,,,,,,,,,,,,,,10.328303030303031,10.610155634458533,10.367564704303785,10.363227883443923,10.40399916225823,10.1776921128634,,,,10.375157087938483,"rgba(239, 83, 80, 1.0)",0.21146703361589322,10.324036978017933,-0.13731207896298117,32.12324184803243,-13.001975751871619,False,True,False,True,False,0.0,0.0,0.0,0.0,0.0,0,0.9947145877378436,0.9334038054968286,False,False,False,False,-0.03764396135968929,-0.03239765102196829,False,False,False,False,-1140655.0,-1110213.2752354594,False,False,False,False,26741.560070320284,False,False,False,False
2025-06-18 17:00:00+00:00,10.29,10.31,10.28,10.31,14652.0,,,,,,,,,,,,,,,,,,,10.317807585881084,10.605183251124084,10.367073888867404,10.362852517130067,10.403462634304015,10.177963623537794,,,,10.372390583474074,"rgba(239, 83, 80, 1.0)",0.20158006479441726,10.322639403793785,-0.06270165557628246,31.981749149256697,-13.533634098853781,False,True,False,True,False,0.0,0.0,0.0,0.0,0.0,0,0.9924865831842576,0.9384615384615383,False,False,False,False,-0.05124108250078966,-0.04181936676137897,False,False,False,False,-1126003.0,-1110458.0771697934,False,False,False,False,26554.125030470357,False,False,False,False
2025-06-18 18:00:00+00:00,10.315,10.355,10.3,10.305,5982.0,,,,,,,,,,,,,,,,,,,10.31809586612154,10.603328758610441,10.366934688055911,10.362748902490734,10.403287209772577,10.178092237493514,,,,10.372081277090787,"rgba(239, 83, 80, 1.0)",0.19425644794334745,10.322350969873392,-0.0893199173417033,31.697022833408855,-14.218978468044533,False,True,False,True,False,0.0,0.0,0.0,0.0,0.0,0,0.9812612612612615,0.9409009009009007,False,False,False,False,-0.0351733985082684,-0.03849638263482369,False,False,False,False,-1131985.0,-1110791.827911347,False,False,False,False,26235.177355579344,False,False,False,False
2025-06-18 19:00:00+00:00,10.305,10.375,10.3,10.37,25418.0,,,,,,,,,,,,,,,,,,,10.328934312951265,10.596472436022205,10.366703865422487,10.36260230303268,10.402800768818675,10.178744736904534,,,,10.372709737191975,"rgba(239, 83, 80, 0.75)",0.18808774548066348,10.321919669465064,0.25562712983806823,36.29542447253936,-17.828658887838976,False,True,False,True,True,0.0,0.0,0.0,0.0,0.0,0,0.9741818181818183,0.949090909090909,False,False,False,False,-0.03023352992898418,-0.03436495628190393,False,False,False,False,-1106567.0,-1110726.326703419,False,False,False,False,26222.50793921377,False,False,False,False
2025-06-19 14:00:00+00:00,10.37,10.37,10.37,10.37,0.0,,,,,,,,,,,,,,,,,,,10.328934312951265,10.596472436022205,10.366703865422487,10.36260230303268,10.402800768818675,10.178744736904534,,,,10.372709737191975,"rgba(239, 83, 80, 0.75)",0.18093662720152004,10.321919669465064,0.26573022432536636,39.36102556529302,-14.930308753517856,False,True,False,True,True,0.0,0.0,0.0,0.0,0.0,0,0.9804716285924835,0.9458364038319823,False,False,False,False,-0.014187891413234899,-0.024276423847569416,False,False,False,False,-1106567.0,-1110661.8410180947,False,False,False,False,25815.957428528283,False,False,False,False
2025-06-19 15:00:00+00:00,10.37,10.37,10.37,10.37,0.0,,,,,,,,,,,,,,,,,,,10.328934312951265,10.596472436022205,10.366703865422487,10.36260230303268,10.402800768818675,10.178744736904534,,,,10.372709737191975,"rgba(239, 83, 80, 0.75)",0.17579595051142374,10.321919669465064,0.27350078539955164,41.4047596271288,-13.026335338510044,False,True,False,True,True,0.0,0.0,0.0,0.0,0.0,1,0.9747587230883444,0.9450631031922792,False,False,False,False,-0.014187891413234899,-0.019232157630402157,False,False,False,False,-1106567.0,-1110598.3551108374,False,False,False,False,25415.710026535595,False,False,False,False
2025-06-19 16:00:00+00:00,10.37,10.37,10.37,10.37,0.0,,,,,,,,,,,,,,,,,,,10.328934312951265,10.596472436022205,10.366703865422487,10.36260230303268,10.402800768818675,10.178744736904534,,,,10.372709737191975,"rgba(239, 83, 80, 0.5)",0.17027799210289418,10.321919669465064,0.28236373909014334,42.76724900168598,-11.712297916752924,False,False,False,True,True,0.0,0.0,0.0,0.0,0.0,0,0.9732781332329696,0.9555890101618366,False,False,False,False,-0.014187891413234899,-0.01671002452181853,False,False,False,False,-1106567.0,-1110535.853481212,False,False,False,False,25021.668010620313,False,False,False,False
2025-06-19 17:00:00+00:00,10.37,10.37,10.37,10.37,0.0,,,,,,,,,,,,,,,,,,,10.328934312951265,10.596472436022205,10.366703865422487,10.36260230303268,10.402800768818675,10.178744736904534,,,,10.372709737191975,"rgba(239, 83, 80, 0.5)",0.1683572456479401,10.321919669465064,0.28558515762058845,43.67557525139078,-10.746631665073082,False,False,False,True,True,0.0,0.0,0.0,0.0,0.0,0,0.9693065555134521,0.9556650246305419,False,False,False,False,-0.014187891413234899,-0.015448957967526714,False,False,False,False,-1106567.0,-1110474.3208691,False,False,False,False,24633.735173246354,False,False,False,False
2025-06-19 18:00:00+00:00,10.37,10.37,10.37,10.37,0.0,,,,,,,,,,,,,,,,,,,10.328934312951265,10.596472436022205,10.366703865422487,10.36260230303268,10.402800768818675,10.178744736904534,,,,10.372709737191975,"rgba(239, 83, 80, 0.5)",0.16715693656393718,10.321919669465064,0.2876358679649796,44.281126084527315,-9.988050037327625,False,False,False,True,True,0.0,0.0,0.0,0.0,0.0,0,0.9691310975609756,0.9542682926829268,False,False,False,False,-0.014187891413234899,-0.014818424690380807,False,False,False,False,-1106567.0,-1110413.7422509743,False,False,False,False,24251.81679846734,False,False,False,False
2025-06-19 19:00:00+00:00,10.37,10.37,10.37,10.37,0.0,,,,,,,,,,,,,,,,,,,10.328934312951265,10.596472436022205,10.366703865422487,10.36260230303268,10.402800768818675,10.178744736904534,,,,10.372709737191975,"rgba(239, 83, 80, 0.5)",0.1664236155712839,10.321919669465064,0.28890329278023014,44.684826639951666,-9.3560127840218,False,False,False,True,True,0.0,0.0,0.0,0.0,0.0,0,0.9772727272727274,0.9503081664098614,False,False,False,False,-0.014187891413234899,-0.014503158051807852,False,False,False,False,-1106567.0,-1110354.1028362303,False,False,False,False,23875.81963880118,False,False,False,False
2025-06-20 14:00:00+00:00,10.5,10.57,10.49,10.535,14641.0,,,,,,,,,,,,,,,,,,,10.36362864734921,10.595484048616846,10.367874593574653,10.363586870426575,10.403454486825455,10.179522175294226,,,,10.378925137014493,"rgba(38, 166, 154, 1.0)",0.1645410488502957,10.351781463836321,1.1135126307015129,54.89253370383489,0.13869263707618273,True,False,True,False,True,1.9381189953196696,0.0,0.0,0.0,0.0,0,0.9778625954198474,0.9396946564885497,False,False,False,False,0.06485711216426288,0.025176977056227512,False,False,False,False,-1091926.0,-1110068.3958155133,False,False,False,False,23732.64414052519,False,False,False,False
2025-06-20 15:00:00+00:00,10.535,10.545,10.5,10.5,5522.0,,,,,,,,,,,,,,,,,,,10.372806496477263,10.595023730585437,10.368267349245121,10.363918711177577,10.403667496868014,10.179800669485417,,,,10.38058074230647,"rgba(38, 166, 154, 1.0)",0.1625125636168845,10.352135178291842,0.9098670183847564,58.79926427457305,3.388582742028319,True,False,True,False,True,0.849503707675435,0.0,0.0,0.0,0.0,0,0.9842851667305482,0.9371406669221924,False,False,False,False,0.06114146551784866,0.043159221287038085,False,False,False,False,-1097448.0,-1109872.7307641099,False,False,False,False,23450.30857245503,False,False,False,False
2025-06-20 16:00:00+00:00,10.5,10.505,10.475,10.495,16882.0,,,,,,,,,,,,,,,,,,,10.391393502351246,10.59324754785945,10.369266302102238,10.364768962741191,10.404178267521619,10.180590160205263,,,,10.383907457130167,"rgba(38, 166, 154, 1.0)",0.16014680764847783,10.352492915716883,0.8898527942930885,60.99922645895468,5.1645980711705235,True,False,True,False,True,0.6933807924921354,0.0,0.0,0.0,0.0,0,0.9806501547987616,0.9489164086687306,False,False,False,False,0.045058478172255355,0.044108849729646724,False,False,False,False,-1114330.0,-1109941.8357135034,False,False,False,False,23348.474331021618,False,False,False,False
2025-06-20 17:00:00+00:00,10.495,10.495,10.45,10.465,16840.0,,,,,,,,,,,,,,,,,,,10.402000595633977,10.59117042445738,10.370073225477514,10.3654629982838,10.404557170155092,10.181319139487464,,,,10.385763925582538,"rgba(38, 166, 154, 1.0)",0.16049425349651614,10.352493416639346,0.7010006957233268,60.07863812587447,5.1645980711705235,True,False,True,False,True,0.0,0.0,0.0,0.0,0.0,0,0.9770962732919255,0.9491459627329193,False,False,False,False,0.036408574990599345,0.04025871236012303,False,False,False,False,-1131170.0,-1110270.9545396506,False,False,False,False,23247.567752246086,False,False,False,False
2025-06-20 18:00:00+00:00,10.465,10.5,10.43,10.435,21920.0,,,,,,,,,,,,,,,,,,,10.409918880111599,10.588247342249572,10.370949612029037,10.366225123619836,10.404932328122934,10.182213521784583,,,,10.387081134652925,"rgba(38, 166, 154, 0.75)",0.16107865573480531,10.352303645539985,0.5133911385265347,57.335687335829945,5.1645980711705235,True,False,True,False,False,0.0,0.0,0.0,0.0,0.0,0,0.9712397979012826,0.9529731830547999,False,False,False,False,0.03270321538199978,0.03648096387106141,False,False,False,False,-1153090.0,-1110934.8157095786,False,False,False,False,23226.985306474828,False,False,False,False
2025-06-20 19:00:00+00:00,10.435,10.46,10.33,10.34,130686.0,,,,,,,,,,,,,,,,,,,10.3942535889422,10.564241285595507,10.371280958541197,10.366729411808185,10.403732220574687,10.1859297471865,,,,10.381027868774714,#000000,0.16295019412619424,10.345241568303194,-0.03216668952928834,50.65111723179274,7.235872799545973,True,False,False,False,False,0.0,0.0,0.0,0.0,0.0,0,0.965610510046368,0.9520865533230293,False,False,False,False,-0.0018504939364920295,0.01731523496728469,False,False,False,False,-1283776.0,-1113614.523993151,False,False,False,False,24893.016542033358,False,False,False,False
2025-06-23 14:00:00+00:00,10.3,10.35,10.25,10.335,16932.0,,,,,,,,,,,,,,,,,,10.311666666666667,10.389502669860308,10.560582171337892,10.370836643866719,10.366387005243034,10.403228540373155,10.186240314012775,,,,10.36977771590865,"rgba(239, 83, 80, 0.5)",0.16479162381406987,10.360008663736354,-0.1517593137171178,45.99138049039091,3.0994988633253513,True,False,False,True,False,0.0,0.0,0.0,0.0,0.0,0,0.9647969052224372,0.9597678916827853,False,False,False,False,-0.0487676172731989,-0.015726191152957106,False,False,False,False,-1300708.0,-1116515.1980397687,False,False,False,False,24769.589928978578,False,False,False,False
2025-06-23 15:00:00+00:00,10.34,10.445,10.335,10.415,12760.0,,,,,,,,,,,,,,,,,,10.348911266783421,10.389869589757785,10.55882992766607,10.37099022243194,10.366536015828757,10.403208440915993,10.186634365891338,,,,10.3749971184679,"rgba(239, 83, 80, 0.5)",0.1653002455266471,10.361701812286404,0.322432598595286,47.68787058767805,3.0994988633253513,True,False,False,True,False,0.0,0.0,0.0,0.0,0.0,0,0.9760432766615148,0.94629057187017,False,False,False,False,-0.004317808192190025,-0.010021999672573566,False,False,False,False,-1287948.0,-1119173.070938377,False,False,False,False,24583.394736281232,False,False,False,False
2025-06-23 16:00:00+00:00,10.415,10.45,10.31,10.435,11989.0,,,,,,,,,,,,,,,,,,10.363126884351784,10.39018759950358,10.557217700041893,10.371132966230038,10.366674761607188,10.403189705750522,10.187003276024223,,,,10.376933270501317,#000000,0.1657055621677558,10.362259741122376,0.43897294650848495,49.79958931112021,3.0994988633253513,True,False,False,False,True,0.0,0.0,0.0,0.0,0.0,0,0.9726669269816479,0.9590003904724717,False,False,False,False,-0.009252624463016466,-0.009637312067795016,False,False,False,False,-1275959.0,-1121603.8605362314,False,False,False,False,24388.1328023854,False,False,False,False
2025-06-23 17:00:00+00:00,10.435,10.525,10.41,10.505,11271.0,,,,,,,,,,,,,,,,,,10.388003695170472,10.393251804876572,10.556495304916867,10.371664656823851,10.367137736606363,10.403466212682762,10.187482494105362,,,,10.381071700740321,"rgba(38, 166, 154, 1.0)",0.16541833400570774,10.36396492234928,0.8525964095724341,54.14183671916278,-3.4220679021859084,True,False,True,False,True,1.2360550955197382,0.0,0.0,0.0,0.0,0,0.9785908913974312,0.9536784741144414,False,False,False,False,0.03668308437537737,0.013522886153791179,False,False,False,False,-1264688.0,-1123822.2192876076,False,False,False,False,24184.766402348418,False,False,False,False
2025-06-23 18:00:00+00:00,10.505,10.555,10.505,10.555,14774.0,,,,,,,,,,,,,,,,,,10.420797158156889,10.39946233630517,10.556275284361517,10.372724839829905,10.368049620727856,10.40409962111507,10.188233076727737,,,,10.387091705317735,"rgba(38, 166, 154, 1.0)",0.16539469582004152,10.366720234905516,1.1383664038376544,58.6889738159602,0.8599537441641374,True,False,True,False,True,2.7583132567842163,0.0,0.0,0.0,0.0,0,0.9875097580015615,0.9504293520686963,False,False,False,False,0.0678439826414091,0.04068343439760014,False,False,False,False,-1249914.0,-1125777.1306164819,False,False,False,False,24038.863047273248,False,False,False,False
2025-06-23 19:00:00+00:00,10.555,10.565,10.525,10.56,32527.0,,,,,,,,,,,,,,,,,,10.462716909552165,10.412427941477608,10.556112261648423,10.375173230408203,10.37015864963897,10.405592802305085,10.189929014947028,,,,10.396015829996784,"rgba(38, 166, 154, 1.0)",0.16539741928550444,10.37128320889357,1.140989937579822,61.87911524000131,3.8745679403866546,True,False,True,False,True,2.910120467410273,0.0,0.0,0.0,0.0,0,0.9874951152794063,0.9488081281750684,False,False,False,False,0.07999876321072859,0.06034109880416436,False,False,False,False,-1217387.0,-1127197.4386689393,False,False,False,False,24170.462069796144,False,False,False,False
2025-06-24 14:00:00+00:00,11.01,11.05,10.89,11.045,33759.0,,,,,,,,,,,,,,,,,,10.59680449014516,10.460231376266464,10.56763509097748,10.383932493437966,10.377586299014672,10.411787618005103,10.193827114960353,,,,10.42740064040103,"rgba(38, 166, 154, 1.0)",0.1751051678843842,10.388737446615162,3.747819446529102,70.53673792184516,11.874272820226807,True,False,True,False,True,15.322636193068924,0.0,0.0,0.0,0.0,0,0.9916855631141347,0.936885865457294,False,False,False,False,0.32826002953132133,0.19430056416774286,False,False,False,False,-1183628.0,-1128072.3310926766,False,False,False,False,24319.12157259,False,False,False,False
2025-06-24 15:00:00+00:00,11.045,11.19,11.03,11.065,20413.0,,,,,,,,,,,,,,,,,,10.662659532674976,10.490237610036095,10.575876353626631,10.389957118621506,10.382706158988979,10.416102159444371,10.196457834355453,,,,10.444856681106858,"rgba(38, 166, 154, 1.0)",0.18467473231808196,10.455497846252227,3.300409027792563,76.42121640890309,17.09573466936132,True,False,True,False,True,15.751897888451133,0.0,0.0,0.0,0.0,0,1.0086726998491706,0.9257164404223229,False,False,False,False,0.3428282007445571,0.26856438245615,False,False,False,False,-1163215.0,-1128617.178672635,False,True,False,False,24258.56154820876,False,True,False,False
2025-06-24 16:00:00+00:00,11.07,11.085,11.005,11.01,13134.0,,,,,,,,,,,,,,,,,,10.691714550297705,10.506268235639599,10.580430196400625,10.393445414275112,10.38568002353013,10.41859994926394,10.198026760448514,,,,10.453452161407947,"rgba(38, 166, 154, 1.0)",0.19166299252255528,10.459590808710235,2.871755178428571,78.01311259491953,18.477129858086798,True,False,True,False,True,13.956353701316218,0.0,0.0,0.0,0.0,0,1.001874062968516,0.9291604197901049,False,False,False,False,0.3083255237400566,0.2884449530981033,False,False,False,False,-1176349.0,-1129357.2069102684,False,False,False,False,24086.08772575591,False,False,False,False
2025-06-24 17:00:00+00:00,11.015,11.065,11.01,11.015,13476.0,,,,,,,,,,,,,,,,,,10.71689606061443,10.521663576463267,10.58497563248988,10.396967002915837,10.38868764089961,10.421128070992063,10.199624038012857,,,,10.461420288912564,"rgba(38, 166, 154, 1.0)",0.19831822184841066,10.464050592465757,2.778107843037113,79.12479871221652,19.724366034861163,True,False,True,False,True,14.068185608323912,0.0,0.0,0.0,0.0,0,1.0022396416573351,0.9309443822321762,False,False,False,False,0.3043912433146656,0.29641809820638443,False,False,False,False,-1162873.0,-1129876.831609334,False,False,False,False,23921.590241635666,False,False,False,False
2025-06-24 18:00:00+00:00,11.01,11.03,10.995,11.025,11068.0,,,,,,,,,,,,,,,,,,10.734167321697214,10.533332637566579,10.588530865878623,10.399770005775872,10.391085990345832,10.423143735097929,10.200910330218907,,,,10.467277269511566,"rgba(38, 166, 154, 1.0)",0.20499841792401624,10.467447335474445,2.719790085073806,79.9764588284979,20.953629484674153,True,False,True,False,True,14.295147317298223,0.0,0.0,0.0,0.0,0,1.0011169024571855,0.9337304542069993,False,False,False,False,0.2913419995692062,0.2938800488877953,False,False,False,False,-1151805.0,-1130216.8032122902,False,False,False,False,23722.309772773096,False,False,False,False
2025-06-24 19:00:00+00:00,11.025,11.06,11.0,11.0,26314.0,,,,,,,,,,,,,,,,,,10.768603290952626,10.55916089172146,10.596816795306305,10.406368842810513,10.39674513402525,10.427908209620579,10.203964699813787,,,,10.479938266321502,"rgba(38, 166, 154, 1.0)",0.21060481330536018,10.475407267581991,2.4908867189915145,79.24765317699922,20.953629484674153,True,False,True,False,True,13.454637055148545,0.0,0.0,0.0,0.0,0,1.0014825796886584,0.9318013343217197,False,False,False,False,0.3004660841854101,0.2971730665366027,False,False,False,False,-1178119.0,-1130959.4729299292,False,False,False,False,23762.49101660607,False,False,False,False
2025-06-25 14:00:00+00:00,10.825,10.925,10.775,10.825,33830.0,,,,,,,,,,,,,,,,,,10.778402154766294,10.577205204694925,10.60271628375494,10.41224260208857,10.40183331716341,10.432111340924171,10.207007307481653,,,,10.487359744410567,"rgba(38, 166, 154, 0.75)",0.2123746689226335,10.478248312661568,1.632735622838098,71.68966469557257,20.953629484674153,True,False,True,False,False,7.882161222434473,0.0,0.0,0.0,0.0,0,0.9905213270142182,0.937294932555596,False,False,False,False,0.20862720408940907,0.25290013531300587,False,False,False,False,-1211949.0,-1132215.124512411,False,False,False,False,23918.576427201322,False,False,False,False
2025-06-25 15:00:00+00:00,10.825,10.85,10.69,10.7,29349.0,,,,,,,,,,,,,,,,,,10.775094562186016,10.586102402091358,10.605663650559443,10.416112183693789,10.40522091876105,10.43485925919973,10.20923187344661,,,,10.490326407134,"rgba(38, 166, 154, 0.75)",0.2127352963339758,10.478687958496932,1.0403165121956368,63.26098790772717,22.380567250844493,True,False,True,False,False,4.24353601486904,0.0,0.0,0.0,0.0,0,0.9845045045045047,0.9434234234234236,False,False,False,False,0.16898151558223548,0.21094082544762066,False,False,False,False,-1241298.0,-1133906.3318843115,False,False,False,False,24002.769040733085,False,False,False,False
2025-06-25 16:00:00+00:00,10.7,10.74,10.67,10.715,29405.0,,,,,,,,,,,,,,,,,,10.768782319027913,10.592210791111777,10.607727473874661,10.419461068513273,10.408175262129834,10.43723208666163,10.211284700366638,,,,10.492124814526532,"rgba(38, 166, 154, 0.75)",0.21317004589873,10.478805354859555,1.1080104812317464,58.06516471214689,17.691147880908844,True,False,True,False,False,4.621864623649262,0.0,0.0,0.0,0.0,0,1.0011307953260462,0.9491142103279306,False,False,False,False,0.1371579770193265,0.17404940123347357,False,False,False,False,-1211893.0,-1135115.4275140122,False,False,False,False,24086.524559481408,False,False,False,False
2025-06-25 17:00:00+00:00,10.715,10.735,10.68,10.695,21444.0,,,,,,,,,,,,,,,,,,10.764560604009684,10.596118177534951,10.609108745703816,10.421813850232146,10.410258412007776,10.438905264744356,10.21275618395994,,,,10.493360176884668,#000000,0.2112996036970271,10.479132494220263,1.021618128963744,54.055890349526635,14.021860076212704,False,False,False,False,False,4.0468218679281875,0.0,0.0,0.0,0.0,0,1.0056839712012127,0.9359605911330051,False,False,False,False,0.13837646643016044,0.156212933831817,False,False,False,False,-1233337.0,-1136638.2425913143,False,False,False,False,24045.55518646619,False,False,False,False
2025-06-25 18:00:00+00:00,10.695,10.715,10.68,10.705,21056.0,,,,,,,,,,,,,,,,,,10.760715104059111,10.59958516403975,10.610380107441161,10.424059511130501,10.412252514446362,10.440507367484223,10.214182745146347,,,,10.494526073392494,#000000,0.20928714272048893,10.479581529236794,1.0770774918756512,51.72371819019578,11.74185774081893,False,False,False,False,False,4.3073089767392005,0.0,0.0,0.0,0.0,0,1.0083841463414636,0.9333079268292684,False,False,False,False,0.13350492121064234,0.14485892752122967,False,False,False,False,-1212281.0,-1137810.998520131,False,False,False,False,23999.20549365276,False,False,False,False
2025-06-25 19:00:00+00:00,10.705,10.795,10.705,10.755,45680.0,,,,,,,,,,,,,,,,,,10.759679652421667,10.609853043623065,10.61454127444659,10.429698124769375,10.417245729956397,10.444595096347797,10.217575167813855,,,,10.49902686991125,#000000,0.20852175983412988,10.482678646955565,1.3059613215477182,51.86794821886323,11.533173877647933,False,False,False,False,False,5.607099457022233,0.0,0.0,0.0,0.0,0,1.0145371078806429,0.9250191277735272,False,False,False,False,0.15915642495073254,0.1520076762359811,False,False,False,False,-1166601.0,-1138257.355132222,False,False,False,False,24335.341842588376,False,False,False,False
2025-06-26 14:00:00+00:00,10.65,10.755,10.61,10.75,35352.0,,,,,,,,,,,,,,,,,,10.755231117851427,10.61457767505319,10.616557155452675,10.433316964689638,10.420484972497068,10.447215952760343,10.219944488337443,,,,10.50104690380597,#000000,0.2068691539278997,10.517111640774907,1.1257761478845802,51.7778119113938,10.83957728379744,False,False,False,False,False,5.456149842582956,0.0,0.0,0.0,0.0,0,1.0026585643752375,0.92631978731485,False,False,False,False,0.1262093236625928,0.13910849994928695,False,False,False,False,-1201953.0,-1139244.884510017,False,False,False,False,24506.14274425367,False,False,False,False
2025-06-26 15:00:00+00:00,10.745,10.765,10.705,10.735,16305.0,,,,,,,,,,,,,,,,,,10.75449943956218,10.617273878656473,10.617762161003048,10.435134960395263,10.422109476980287,10.448545660785783,10.221096626199976,,,,10.502346029083286,#000000,0.2051269218168407,10.518495600106302,1.0554655526250993,51.11743899346056,9.49655645947751,False,False,False,False,False,4.997553487495463,0.0,0.0,0.0,0.0,0,1.016412213740458,0.9244274809160307,False,False,False,False,0.15180765276273403,0.1454580763560105,False,False,False,False,-1218258.0,-1140469.8940524973,False,False,False,False,24378.99324434276,False,False,False,False
2025-06-26 16:00:00+00:00,10.735,10.765,10.73,10.745,15326.0,,,,,,,,,,,,,,,,,,10.754241922728196,10.619940852673668,10.6189831815291,10.436889645467637,10.423677582834083,10.449834824518833,10.222199375615522,,,,10.503681055052434,#000000,0.204063075392725,10.519837946283149,1.103394395500117,51.10406266351667,8.712458403799843,False,False,False,False,False,5.2679409233915955,0.0,0.0,0.0,0.0,0,1.0165354330708662,0.9425196850393703,False,False,False,False,0.15793046612394937,0.15169427123997992,False,False,False,False,-1202932.0,-1141438.2987958696,False,False,False,False,24238.636759934343,False,False,False,False
2025-06-26 17:00:00+00:00,10.745,10.82,10.745,10.805,12990.0,,,,,,,,,,,,,,,,,,10.755211334282228,10.622860749421394,10.620345257094996,10.438567364944765,10.425171591513,10.451077039671274,10.22320735296455,,,,10.505205812841742,"rgba(38, 166, 154, 0.5)",0.20526969734631284,10.52156834853334,1.3807768761332542,53.49057937172849,8.712458403799843,False,False,True,False,False,6.878884083871782,0.0,0.0,0.0,0.0,0,1.0225742574257426,0.931881188118812,False,False,False,False,0.17513853152136882,0.16341640138067437,False,False,False,False,-1189942.0,-1142190.2941633754,False,False,False,False,24064.239290788075,False,False,False,False
2025-06-26 18:00:00+00:00,10.805,10.805,10.73,10.74,13105.0,,,,,,,,,,,,,,,,,,10.75529444865406,10.62516743496929,10.621445164604921,10.44009279489229,10.426536769830584,10.452204856515852,10.224164021994788,,,,10.50641507020883,"rgba(38, 166, 154, 0.5)",0.20595803386056571,10.522661060758244,1.0552583706877654,52.13266677185426,8.678204241297912,False,False,True,False,False,4.839946205178485,0.0,0.0,0.0,0.0,0,1.0191463901076987,0.9361786996410055,False,False,False,False,0.16775164836116427,0.16558402487091933,False,False,False,False,-1203047.0,-1143133.8089825478,False,False,False,False,23894.328604109192,False,False,False,False
2025-06-26 19:00:00+00:00,10.735,10.815,10.735,10.8,19355.0,,,,,,,,,,,,,,,,,,10.756355194866963,10.629047327243901,10.623328826589347,10.44249420109591,10.428683071155323,10.453990284924176,10.225636537843952,,,,10.50850506338851,"rgba(38, 166, 154, 0.5)",0.2070273733913744,10.524691120475977,1.329818733697438,53.52393056067096,8.678204241297912,False,False,True,False,False,6.447867787264162,0.0,0.0,0.0,0.0,0,1.0139776357827477,0.9353035143769972,False,False,False,False,0.17144277384086512,0.1685133993558922,False,False,False,False,-1183692.0,-1143762.618145609,False,False,False,False,23823.951416448584,False,False,False,False
2025-06-27 14:00:00+00:00,10.76,10.785,10.68,10.715,12468.0,,,,,,,,,,,,,,,,,,10.755648899726888,10.630565905787382,10.624097616744663,10.443769170535948,10.429833305572773,10.454934109329855,10.226485030349494,,,,10.509333434006715,#000000,0.20658473383154544,10.525215165372137,0.9186779250717466,51.103874820176614,6.917278072496558,False,True,False,False,False,3.8360585463199293,0.0,0.0,0.0,0.0,0,1.0111287758346583,0.931240063593005,False,False,False,False,0.1505844587160395,0.15954892903596585,False,False,False,False,-1196160.0,-1144574.9806549794,False,False,False,False,23647.890154178065,False,False,False,False
2025-06-27 15:00:00+00:00,10.715,10.795,10.71,10.775,13844.0,,,,,,,,,,,,,,,,,,10.755760879129596,10.63276365123772,10.625211058473319,10.445336746535624,10.431242382242148,10.456102091435232,10.227486366041948,,,,10.510557596442226,#000000,0.20664549441098054,10.526250854559098,1.2037482169641938,51.71276416176072,6.917278072496558,False,True,False,False,False,5.442670100845916,0.0,0.0,0.0,0.0,1,1.0220352564102566,0.9314903846153848,False,False,False,False,0.16038285837864794,0.1599658937073069,False,False,False,False,-1182316.0,-1145160.112737848,False,False,False,False,23495.891857214065,False,False,False,False
2025-06-27 16:00:00+00:00,10.775,10.795,10.715,10.755,7460.0,,,,,,,,,,,,,,,,,,10.755750471531478,10.633871934359842,10.625781540827418,10.446161706323345,10.43198523198575,10.456717477391747,10.228019338788577,,,,10.51118395731545,#000000,0.20578848583168866,10.526764111175867,1.1090799754987497,51.33432959807098,6.384582931970456,False,True,False,False,False,4.829659704669279,0.0,0.0,0.0,0.0,1,1.0188139059304704,0.9513292433537834,False,False,False,False,0.16160977037494945,0.16078783204112818,False,False,False,False,-1189776.0,-1145851.8319202068,False,False,False,False,23247.273378807644,False,False,False,False
2025-06-27 17:00:00+00:00,10.755,10.8,10.67,10.68,19309.0,,,,,,,,,,,,,,,,,,10.754414052423579,10.635770387373759,10.62680390411419,10.448014192207367,10.433665929292603,10.458095403462256,10.229293879009717,,,,10.512293963983353,"rgba(239, 83, 80, 1.0)",0.2051918899754811,10.52743093160805,0.7435433652381703,48.419483417932454,3.2981781865793636,False,True,False,True,False,2.567788032854377,0.0,0.0,0.0,0.0,1,1.0126478988168095,0.9514483884128929,False,False,False,False,0.15180765276273403,0.15629774240193112,False,False,False,False,-1209085.0,-1146832.1911152422,False,False,False,False,23186.214876810624,False,False,False,False
2025-06-27 18:00:00+00:00,10.685,10.715,10.64,10.66,10779.0,,,,,,,,,,,,,,,,,,10.75286414040136,10.636224058881488,10.627083865717434,10.448865947716598,10.434447734204833,10.458725512549258,10.229937060022074,,,,10.512592617070435,"rgba(239, 83, 80, 1.0)",0.2050796373549941,10.52741355271469,0.6465120038017375,45.83406079312949,0.6663525517491777,False,True,False,True,False,1.9743269560504402,0.0,0.0,0.0,0.0,1,1.00939158840343,0.9579420171498573,False,False,False,False,0.12378046229588667,0.1400391023489089,False,False,False,False,-1219864.0,-1147964.4672219825,False,False,False,False,22993.854956239917,False,False,False,False
2025-06-27 19:00:00+00:00,10.665,10.735,10.66,10.68,47355.0,,,,,,,,,,,,,,,,,,10.748211167645264,10.63914051229757,10.628807203832347,10.452861459404073,10.438106947484876,10.461706179928349,10.23286764730848,,,,10.514528731128708,"rgba(239, 83, 80, 1.0)",0.2050796373549941,10.528369495458072,0.739373769612504,45.068253828222296,-0.24586331342950984,False,True,False,True,False,2.5400227515212137,0.0,0.0,0.0,0.0,1,1.0085679314565483,0.9571603427172585,False,False,False,False,0.13350492121064234,0.1367720117797756,False,False,False,False,-1172509.0,-1148345.0026138898,False,False,False,False,23371.547127461003,False,False,False,False
2025-06-30 14:00:00+00:00,10.29,10.29,10.145,10.155,27760.0,,,,,,,,,,,,,,,,,,10.724677300108054,10.625904327120637,10.622151540235802,10.450413653646748,10.436110116195131,10.45973291208327,10.232733454874957,,,,10.507389043466372,"rgba(239, 83, 80, 1.0)",0.21052116796693016,10.519277506272687,-1.7303604658411835,36.01743237271545,-8.672739633893357,False,True,False,True,False,0.0,0.0,0.0,0.0,0.0,0,0.9941222570532916,0.961598746081505,False,False,False,False,-0.09715235345482587,0.019809829162474868,False,False,False,False,-1200269.0,-1149150.0258291783,False,False,False,False,23439.585156492616,False,False,False,False
2025-06-30 15:00:00+00:00,10.155,10.19,10.105,10.145,30963.0,,,,,,,,,,,,,,,,,,10.69841819846468,10.610430571125166,10.614121284417244,10.447210789891098,10.433464474392704,10.457154551557794,10.232379070195762,,,,10.499025562863492,"rgba(239, 83, 80, 1.0)",0.21588049329984788,10.507834766876874,-1.6807204825723363,29.90918031569136,-13.983234718523157,False,True,False,True,False,0.0,0.0,0.0,0.0,0.0,0,0.9964650432050276,0.9705420267085627,False,False,False,False,-0.1310715716241799,-0.055630871230852516,False,False,False,False,-1231232.0,-1150422.6145760128,False,False,False,False,23556.22724708963,False,False,False,False
2025-06-30 16:00:00+00:00,10.145,10.215,10.145,10.17,15065.0,,,,,,,,,,,,,,,,,,10.687134829229452,10.603721619337042,10.610555970921721,10.445829870656718,10.43232748191521,10.456035085804382,10.23226767969683,,,,10.495410362508764,"rgba(239, 83, 80, 1.0)",0.2201582559379864,10.504124262360886,-1.5176549293477382,26.765440257233927,-16.54633970743393,False,True,False,True,False,0.0,0.0,0.0,0.0,0.0,0,1.0112500000000002,0.9583333333333336,False,False,False,False,-0.11529073598875002,-0.08546080360980127,False,False,False,False,-1216167.0,-1151441.907373284,False,False,False,False,23424.580313026225,False,False,False,False
2025-06-30 17:00:00+00:00,10.175,10.205,10.155,10.205,14782.0,,,,,,,,,,,,,,,,,,10.676770345005638,10.597511812273842,10.607206231369595,10.44454666589802,10.431272057617878,10.45499081163792,10.232181656949148,,,,10.492068511536004,"rgba(239, 83, 80, 1.0)",0.22256388899523427,10.500697252545015,-1.3285949211255312,26.010915381864272,-17.121334452170032,False,True,False,True,False,0.0,0.0,0.0,0.0,0.0,0,1.0134510298444726,0.9600672551492226,False,False,False,False,-0.11529073598875002,-0.10037576979927565,False,False,False,False,-1201385.0,-1152216.2188868765,False,False,False,False,23290.586819801014,False,False,False,False
2025-06-30 18:00:00+00:00,10.205,10.225,10.165,10.165,26498.0,,,,,,,,,,,,,,,,,,10.659110792789056,10.5867457943465,10.60128596572183,10.442248626181769,10.429377149443967,10.453115964380206,10.232016635428069,,,,10.486271561184484,"rgba(239, 83, 80, 1.0)",0.2262622252931162,10.494542852686735,-1.4564642960610068,25.009003829581218,-18.182865572257942,False,True,False,True,False,0.0,0.0,0.0,0.0,0.0,0,1.032037590773174,0.9483126868859464,False,False,False,False,-0.10802697818925457,-0.1042013739942651,False,False,False,False,-1227883.0,-1153389.347276227,False,False,False,False,23340.31415592813,False,False,False,False
2025-06-30 19:00:00+00:00,10.165,10.26,10.165,10.22,75850.0,,,,,,,,,,,,,,,,,,10.617714875344136,10.560904325711407,10.586379424552517,10.436631476397736,10.42475725023608,10.448475088582848,10.231847957927926,,,,10.472387199821807,"rgba(239, 83, 80, 1.0)",0.22858373197259857,10.480715321664672,-1.1405681384881945,26.55678262932583,-18.182865572257942,False,True,False,True,False,0.0,0.0,0.0,0.0,0.0,0,1.029639175257732,0.9398625429553268,False,False,False,False,-0.1308188717246064,-0.11751012285943575,False,False,False,False,-1152033.0,-1153368.3186362856,False,False,False,False,24154.417812425367,False,False,False,False
2025-07-01 14:00:00+00:00,10.38,10.395,10.21,10.23,35488.0,,,,,,,,,,,,,,,,,,10.603532732400335,10.552003614589012,10.580916333758772,10.434821709000031,10.423295628460647,10.446937620934447,10.232062551268697,,,,10.467652884344563,"rgba(239, 83, 80, 0.75)",0.23046076056925704,10.476622878937473,-1.0701295887781228,27.995537870596955,-18.182865572257942,False,True,False,True,True,0.0,0.0,0.0,0.0,0.0,0,1.0208777162334899,0.9352364720920326,False,False,False,False,-0.08413976182156374,-0.10082494234049974,False,False,False,False,-1116545.0,-1152797.4144713818,False,False,False,False,24330.1322649459,False,False,False,False
2025-07-01 15:00:00+00:00,10.23,10.26,10.205,10.225,29153.0,,,,,,,,,,,,,,,,,,10.591135477715996,10.543881582685222,10.575877308734196,10.432915963588334,10.421723456801146,10.445339094991793,10.232054759025058,,,,10.463275377648822,"rgba(239, 83, 80, 0.75)",0.23243292164205423,10.472307131294723,-1.0639935580019757,28.855230622323113,-18.182865572257942,False,True,False,True,True,0.0,0.0,0.0,0.0,0.0,0,1.0213401621852327,0.9445155783183955,False,False,False,False,-0.15279981351198282,-0.12681237792624128,False,False,False,False,-1145698.0,-1152687.346029965,False,False,False,False,24404.905408125032,False,False,False,False
2025-07-01 16:00:00+00:00,10.225,10.29,10.205,10.275,30712.0,,,,,,,,,,,,,,,,,,10.579836163971692,10.53644717712471,10.571120403082311,10.431205141220312,10.42032118955543,10.443885779691955,10.232152325998687,,,,10.459281168663585,"rgba(239, 83, 80, 0.75)",0.23310520379441188,10.468569849849958,-0.8303969482409211,31.69813598932655,-18.182865572257942,False,True,False,True,True,0.0,0.0,0.0,0.0,0.0,0,1.018470790378007,0.953178694158076,False,False,False,False,-0.1755422402499762,-0.15117730908810872,False,False,False,False,-1114986.0,-1152102.8290372523,False,False,False,False,24502.689820402164,False,False,False,False
2025-07-01 17:00:00+00:00,10.275,10.3,10.265,10.29,14467.0,,,,,,,,,,,,,,,,,,10.575217771603647,10.533418220271948,10.56912592886335,10.430539669974802,10.419781804333967,10.443311354005091,10.232250827667736,,,,10.457663653817221,"rgba(239, 83, 80, 0.75)",0.23456221441747754,10.467146747315208,-0.7552228638152295,34.262182664372745,-21.60942195068138,False,True,False,True,True,0.0,0.0,0.0,0.0,0.0,0,1.016890428757038,0.9575573841489825,False,False,False,False,-0.18992903213191967,-0.17055317061001418,False,False,False,False,-1100519.0,-1151303.0797498531,False,False,False,False,24347.097730163372,False,False,False,False
2025-07-01 18:00:00+00:00,10.285,10.32,10.285,10.315,16380.0,,,,,,,,,,,,,,,,,,10.570537861886537,10.530367174600567,10.567070688117118,10.429904563785444,10.41927360533631,10.442754292847528,10.232407539924868,,,,10.456045103785481,"rgba(239, 83, 80, 0.75)",0.23572741549173423,10.465799280081555,-0.6397188878815123,37.116535004218036,-18.75135788650133,False,True,False,True,True,0.0,0.0,0.0,0.0,0.0,0,1.0100000000000002,0.9600000000000004,False,False,False,False,-0.18966935753460892,-0.18011126407231154,False,False,False,False,-1084139.0,-1150261.77618784,False,False,False,False,24223.576835122076,False,False,False,False
2025-07-01 19:00:00+00:00,10.315,10.315,10.265,10.305,30848.0,,,,,,,,,,,,,,,,,,10.561782365655638,10.52455030371784,10.563116678303258,10.428614425858706,10.418230937580605,10.441628543351996,10.232654799843283,,,,10.452939722044475,"rgba(239, 83, 80, 0.75)",0.23700207168288692,10.463087839801677,-0.6670314680337545,38.66443199643304,-17.12115937430481,False,True,False,True,True,0.0,0.0,0.0,0.0,0.0,0,1.004344048653345,0.9609035621198961,False,False,False,False,-0.2033453875486653,-0.19172832581048843,False,False,False,False,-1114987.0,-1149714.8804329897,False,False,False,False,24326.281070236462,False,False,False,False
2025-07-02 14:00:00+00:00,10.07,10.155,10.03,10.115,51998.0,,,,,,,,,,,,,,,,,,10.538305709627135,10.507571504603922,10.552042913862332,10.423401150214326,10.413793113513073,10.437296693798844,10.231777330336588,,,,10.443455487993745,"rgba(239, 83, 80, 1.0)",0.24142739941685876,10.452740463145483,-1.3989317863724575,34.86504241473463,-17.12115937430481,False,True,False,True,False,0.0,0.0,0.0,0.0,0.0,0,0.9931359931359934,0.9669669669669673,False,False,False,False,-0.34282825441539394,-0.2672782901129412,False,False,False,False,-1166985.0,-1149982.6342247264,False,False,False,False,24755.299968372332,False,False,False,False
2025-07-02 15:00:00+00:00,10.115,10.12,9.92,9.925,50787.0,,,,,,,,,,,,,,,,,,10.512288601377321,10.488051977708084,10.539178201302324,10.416762662174463,10.408076001234733,10.431804441654608,10.230214624398394,,,,10.432339501407132,"rgba(239, 83, 80, 1.0)",0.2503764193196907,10.440405283443276,-2.0585216644750606,29.77986953899966,-14.00409772863506,False,True,False,True,False,0.0,0.0,0.0,0.0,0.0,0,0.9766652524395422,0.9724225710649134,False,False,False,False,-0.34282825441539394,-0.30505327226416756,False,False,False,False,-1217772.0,-1151033.6321437228,False,False,False,False,25158.892216924698,False,False,False,False
2025-07-02 16:00:00+00:00,9.925,9.95,9.865,9.915,44482.0,,,,,,,,,,,,,,,,,9.909999999999998,10.488326601446667,10.469625927558198,10.526848433904682,10.410079484565145,10.402282193448261,10.42627284386123,10.228424363902736,,,,10.357732481085865,"rgba(239, 83, 80, 1.0)",0.25943328743750066,10.412715433483418,-1.9184717520234273,26.28284848875283,-17.18591460326364,False,True,False,True,False,0.0,0.0,0.0,0.0,0.0,0,0.9701746910950152,0.9965913932680021,True,False,False,False,-0.34282825441539394,-0.3239407633397807,False,False,False,False,-1262254.0,-1152757.978932192,False,False,False,False,25458.475283328968,False,False,False,False
2025-07-02 17:00:00+00:00,9.915,10.025,9.9,10.015,24878.0,,,,,,,,,,,,,,,,,9.935107554786619,10.477262023086658,10.461049890765821,10.520919926667679,10.406930527338737,10.399552674471575,10.423642532525172,10.227650000966854,,,,10.35651439132614,"rgba(239, 83, 80, 1.0)",0.2651630978633087,10.408711293473782,-1.4847891605065635,28.1324064814028,-17.18591460326364,False,True,False,True,False,0.0,0.0,0.0,0.0,0.0,0,0.9706007669365151,0.9944610140605029,False,False,False,False,-0.30931400405083165,-0.3166273836953062,False,False,False,False,-1237376.0,-1154069.886235569,False,False,False,False,25449.475666533166,False,False,False,False
2025-07-02 18:00:00+00:00,10.015,10.03,9.99,9.995,20420.0,,,,,,,,,,,,,,,,,9.9510042325685,10.46897259375143,10.454586274772463,10.51636948590152,10.404529444736827,10.397470435498766,10.42162697888757,10.227081797852069,,,,10.355205155496144,"rgba(239, 83, 80, 0.75)",0.27113920496391997,10.405596815500438,-1.5143395273843785,29.006976969961883,-17.18591460326364,False,True,False,True,True,0.0,0.0,0.0,0.0,0.0,0,0.9701492537313436,0.9957356076759065,False,False,False,False,-0.28090471543063117,-0.2987660495629687,False,False,False,False,-1257796.0,-1155678.0430381182,False,False,False,False,25371.49929961017,False,False,False,False
2025-07-02 19:00:00+00:00,9.995,10.04,9.99,10.03,60993.0,,,,,,,,,,,,,,,,,9.978915455685037,10.4466063436498,10.436935790501252,10.503628377912035,10.39778837293523,10.391612558890099,10.41593324406427,10.225515230116429,,,,10.349616921719269,"rgba(239, 83, 80, 0.75)",0.2759337138053495,10.39642066525349,-1.3279300314566616,31.029482341064774,-17.18591460326364,False,True,False,True,True,0.0,0.0,0.0,0.0,0.0,0,0.9680170575692967,0.9970149253731346,False,False,False,False,-0.2779405310991585,-0.2883532903310636,False,False,False,False,-1196803.0,-1156315.6392700851,False,False,False,False,25923.77062829838,False,False,False,False
2025-07-03 14:00:00+00:00,10.075,10.13,9.98,10.035,14469.0,,,,,,,,,,,,,,,,,9.984993857493857,10.441954656655003,10.433227443156524,10.500872772197916,10.396341112048354,10.39035343798572,10.414701132099307,10.225197830471812,,,,10.348455280263561,"rgba(239, 83, 80, 0.75)",0.28042194719469893,10.394537169873082,-1.2821292108903768,32.59258069875599,-17.18591460326364,False,True,False,True,True,0.0,0.0,0.0,0.0,0.0,0,0.9660873251377706,0.9932174650275541,False,False,False,False,-0.2543929817699903,-0.27137313605052693,False,False,False,False,-1182334.0,-1156719.024707758,False,False,False,False,25746.177285223985,False,False,False,False
2025-07-03 15:00:00+00:00,10.035,10.075,10.035,10.075,14451.0,,,,,,,,,,,,,,,,,9.991159922757147,10.437569704818234,10.429719565081049,10.498233801451253,10.3949624914128,10.38915373579077,10.413523255347721,10.224905771415077,,,,10.347403531009256,"rgba(239, 83, 80, 0.75)",0.2838047165166836,10.392790771860932,-1.1197515522693982,35.391419610314614,-20.77823839935765,False,True,False,True,True,0.0,0.0,0.0,0.0,0.0,0,0.9720220432386607,0.9932174650275544,False,False,False,False,-0.2543929817699903,-0.26288305891025865,False,False,False,False,-1167883.0,-1156892.1095960098,False,False,False,False,25571.058257546094,False,False,False,False
2025-07-03 16:00:00+00:00,10.075,10.075,10.005,10.055,24751.0,,,,,,,,,,,,,,,,,9.997678068321887,10.429966958106156,10.423597648748542,10.493617046451147,10.392510690283649,10.387015616099692,10.411429298227894,10.224357136224329,,,,10.345021557807911,"rgba(239, 83, 80, 0.75)",0.2874367615526759,10.389493411762732,-1.1637113149893077,36.6549723709232,-19.339563739539308,False,True,False,True,True,0.0,0.0,0.0,0.0,0.0,0,0.9689521345407507,1.004312203536007,False,False,False,False,-0.26318967281644967,-0.26303636586335416,False,False,False,False,-1192634.0,-1157446.2474317306,False,False,False,False,25558.344176033752,False,False,False,False
2025-07-03 17:00:00+00:00,10.055,10.055,10.055,10.055,0.0,,,,,,,,,,,,,,,,,9.997678068321887,10.429966958106156,10.423597648748542,10.493617046451147,10.392510690283649,10.387015616099692,10.411429298227894,10.224357136224329,,,,10.345021557807911,"rgba(239, 83, 80, 0.75)",0.29091635279633604,10.389493411762732,-1.1497924009686171,37.49734087799558,-18.22957262326141,False,True,False,True,True,0.0,0.0,0.0,0.0,0.0,0,0.9704861111111114,1.0073784722222225,False,False,False,False,-0.2543929817699903,-0.25871467381667224,False,False,False,False,-1192634.0,-1157991.7939831766,False,False,False,False,25162.09077795571,False,False,False,False
2025-07-03 18:00:00+00:00,10.055,10.055,10.055,10.055,0.0,,,,,,,,,,,,,,,,,9.997678068321887,10.429966958106156,10.423597648748542,10.493617046451147,10.392510690283649,10.387015616099692,10.411429298227894,10.224357136224329,,,,10.345021557807911,"rgba(239, 83, 80, 0.75)",0.29425505269414487,10.389493411762732,-1.1367465357015034,38.05891988271051,-17.323796509076168,False,True,False,True,True,0.0,0.0,0.0,0.0,0.0,0,0.9717022202873314,1.002612102742708,False,False,False,False,-0.2543929817699903,-0.25655382779333125,False,False,False,False,-1192634.0,-1158528.8824485536,False,False,False,False,24771.98084341376,False,False,False,False
2025-07-03 19:00:00+00:00,10.055,10.055,10.055,10.055,0.0,,,,,,,,,,,,,,,,,9.997678068321887,10.429966958106156,10.423597648748542,10.493617046451147,10.392510690283649,10.387015616099692,10.411429298227894,10.224357136224329,,,,10.345021557807911,"rgba(239, 83, 80, 0.75)",0.29740668912910595,10.389493411762732,-1.1247003648177092,38.4333058858538,-16.551254300514742,False,True,False,True,True,0.0,0.0,0.0,0.0,0.0,0,0.9724529951902059,1.0030607783121996,False,False,False,False,-0.2543929817699903,-0.2554734047816608,False,False,False,False,-1192634.0,-1159057.643960979,False,False,False,False,24387.91912491122,False,False,False,False
2025-07-04 14:00:00+00:00,10.055,10.055,10.055,10.055,0.0,,,,,,,,,,,,,,,,,9.997678068321887,10.429966958106156,10.423597648748542,10.493617046451147,10.392510690283649,10.387015616099692,10.411429298227894,10.224357136224329,,,,10.345021557807911,"rgba(239, 83, 80, 0.5)",0.30057599359883325,10.389493411762732,-1.1128414074517456,38.682896554615986,-15.872420319706428,False,False,False,True,True,0.0,0.0,0.0,0.0,0.0,0,0.975395430579965,1.0004393673110723,False,False,False,False,-0.2543929817699903,-0.25493319327582553,False,False,False,False,-1192634.0,-1159578.2076204987,False,False,False,False,24009.81185165678,False,False,False,False
2025-07-04 15:00:00+00:00,10.055,10.055,10.055,10.055,0.0,,,,,,,,,,,,,,,,,9.997678068321887,10.429966958106156,10.423597648748542,10.493617046451147,10.392510690283649,10.387015616099692,10.411429298227894,10.224357136224329,,,,10.345021557807911,"rgba(239, 83, 80, 0.5)",0.3037342959274115,10.389493411762732,-1.1012698145970055,38.849290333790776,-15.265737523766695,False,False,False,True,True,0.0,0.0,0.0,0.0,0.0,0,0.9743362831858409,1.0035398230088497,False,False,False,False,-0.2543929817699903,-0.2546630875229079,False,False,False,False,-1192634.0,-1160090.7005256072,False,False,False,False,23637.566706669855,False,False,False,False
2025-07-04 16:00:00+00:00,10.055,10.055,10.055,10.055,0.0,,,,,,,,,,,,,,,,,9.997678068321887,10.429966958106156,10.423597648748542,10.493617046451147,10.392510690283649,10.387015616099692,10.411429298227894,10.224357136224329,,,,10.345021557807911,"rgba(239, 83, 80, 0.5)",0.3068177702548241,10.389493411762732,-1.0902022118370873,38.96021951990731,-14.71951517122995,False,False,False,True,True,0.0,0.0,0.0,0.0,0.0,0,0.9743820224719104,1.011685393258427,False,False,False,False,-0.2543929817699903,-0.25452803464644913,False,False,False,False,-1192634.0,-1160595.24780428,False,False,False,False,23271.092804240863,False,False,False,False
2025-07-04 17:00:00+00:00,10.055,10.055,10.055,10.055,0.0,,,,,,,,,,,,,,,,,9.997678068321887,10.429966958106156,10.423597648748542,10.493617046451147,10.392510690283649,10.387015616099692,10.411429298227894,10.224357136224329,,,,10.345021557807911,"rgba(239, 83, 80, 0.5)",0.30975400003960946,10.389493411762732,-1.07986793300477,39.03417231065167,-14.227180645405603,False,False,False,True,True,0.0,0.0,0.0,0.0,0.0,0,0.970789593792789,1.014605203103606,False,False,False,False,-0.2543929817699903,-0.25446050820821975,False,False,False,False,-1192634.0,-1161091.9726445235,False,False,False,False,22910.300667741005,False,False,False,False
2025-07-04 18:00:00+00:00,10.055,10.055,10.055,10.055,0.0,,,,,,,,,,,,,,,,,9.997678068321887,10.429966958106156,10.423597648748542,10.493617046451147,10.392510690283649,10.387015616099692,10.411429298227894,10.224357136224329,,,,10.345021557807911,"rgba(239, 83, 80, 0.5)",0.31262787653884455,10.389493411762732,-1.0699410924769888,39.0834741711479,-13.78459054226552,False,False,False,True,True,0.0,0.0,0.0,0.0,0.0,0,0.9691954022988508,1.0078160919540233,False,False,False,False,-0.2543929817699903,-0.254426744989105,False,False,False,False,-1192634.0,-1161580.9963244533,False,False,False,False,22555.102207776028,False,False,False,False
2025-07-04 19:00:00+00:00,10.055,10.055,10.055,10.055,0.0,,,,,,,,,,,,,,,,,9.997678068321887,10.429966958106156,10.423597648748542,10.493617046451147,10.392510690283649,10.387015616099692,10.411429298227894,10.224357136224329,,,,10.345021557807911,"rgba(239, 83, 80, 0.5)",0.3151798714247932,10.389493411762732,-1.0612778355757018,39.116342078145394,-13.38858236213916,False,False,False,True,True,0.0,0.0,0.0,0.0,0.0,0,0.9690531177829101,1.005080831408776,False,False,False,False,-0.2543929817699903,-0.25440986337954763,False,False,False,False,-1192634.0,-1162062.4382419034,False,False,False,False,22205.410700678724,False,False,False,False
2025-07-07 14:00:00+00:00,10.165,10.21,10.12,10.165,21285.0,,,,,,,,,,,,,,,,,10.013455603843546,10.425626326506368,10.42010668086499,10.490763415864041,10.391148186381836,10.385835757872188,10.41023101581148,10.224201877879453,,,,10.345171108127987,#000000,0.3163089207299269,10.388401492487034,-0.7062762946157353,48.06877315295502,-4.99878764239665,True,False,False,False,True,0.0,0.0,0.0,0.0,0.0,0,0.9707495429616091,0.9945155393053016,False,False,False,False,-0.19095714894054033,-0.22268350616004398,False,False,False,False,-1171349.0,-1162206.4159435793,False,False,False,False,22191.140767334866,False,False,False,False
2025-07-07 15:00:00+00:00,10.165,10.235,10.165,10.225,35534.0,,,,,,,,,,,,,,,,,10.039960639917119,10.419841908998533,10.415439183391781,10.486727535413603,10.389338524574937,10.38427482218911,10.408605252385899,10.224132886115319,,,,10.346040094123287,"rgba(38, 166, 154, 1.0)",0.31683118533376387,10.387349294887475,-0.512415767142522,56.45062433231749,2.3074935836006887,True,False,True,False,True,0.0,0.0,0.0,0.0,0.0,0,0.9776051188299819,0.9922303473491774,False,False,False,False,-0.17111010279248007,-0.196896804476262,False,False,False,False,-1135815.0,-1161797.246704144,False,False,False,False,22398.00680194983,False,False,False,False
2025-07-07 16:00:00+00:00,10.225,10.235,10.135,10.155,26153.0,,,,,,,,,,,,,,,,,10.05224834966274,10.415137008729879,10.41160116471425,10.483483122182358,10.38778824157582,10.382929044596281,10.407228931327953,10.223976166858893,,,,10.345549003706022,"rgba(38, 166, 154, 1.0)",0.3182353936408765,10.385884664291414,-0.7255153540588387,56.710481473586825,2.3074935836006887,True,False,True,False,True,0.0,0.0,0.0,0.0,0.0,0,0.9785290086797628,0.9908634079488353,False,False,False,False,-0.17959875539519857,-0.18824777993573028,False,False,False,False,-1161968.0,-1161799.8940420642,False,False,False,False,22456.223750756806,False,False,False,False
2025-07-07 17:00:00+00:00,10.155,10.235,10.125,10.225,30271.0,,,,,,,,,,,,,,,,,10.06585052793053,10.410347297343595,10.407671847439376,10.480049234145703,10.386187667140955,10.381540579752238,10.405791472404585,10.223869581921225,,,,10.345163526009776,"rgba(38, 166, 154, 1.0)",0.31894924615308223,10.384476388466483,-0.5000055350183886,59.69484038676585,4.541198569748701,True,False,True,False,True,0.0,0.0,0.0,0.0,0.0,0,0.9717796995903509,0.994538006372326,False,False,False,False,-0.1824339477653597,-0.185340863850545,False,False,False,False,-1131697.0,-1161333.1825065282,False,False,False,False,22577.383072450495,False,False,False,False
2025-07-07 18:00:00+00:00,10.225,10.235,10.14,10.185,24426.0,,,,,,,,,,,,,,,,,10.074476493634169,10.406487969731666,10.40448344433314,10.477258141993751,10.384859936975834,10.380385694468,10.404600392535695,10.223759486227262,,,,10.34453894498744,"rgba(38, 166, 154, 1.0)",0.3199968046011597,10.383178040655315,-0.619312561268607,59.22206067629591,4.541198569748701,True,False,True,False,True,0.0,0.0,0.0,0.0,0.0,0,0.9687782805429869,0.9954751131221721,False,False,False,False,-0.1781822325066074,-0.1817615481785762,False,False,False,False,-1156123.0,-1161252.4044831712,False,False,False,False,22606.0438000094,False,False,False,False
2025-07-07 19:00:00+00:00,10.185,10.235,10.18,10.22,43262.0,,,,,,,,,,,,,,,,,10.089877392150504,10.400710986059654,10.39967934319996,10.472857141215592,10.382842417709886,10.378633151455126,10.402760677086146,10.223696433365086,,,,10.343882192780246,"rgba(38, 166, 154, 1.0)",0.3207189699061399,10.381410051707949,-0.5032756614153061,60.29348428806291,5.0200630316600225,True,False,True,False,True,0.0,0.0,0.0,0.0,0.0,0,0.9728874830546773,0.9959331224582016,False,False,False,False,-0.16687499104028605,-0.17431826960943114,False,False,False,False,-1112861.0,-1160502.1501500988,False,False,False,False,22926.29118295499,False,False,False,False
2025-07-08 14:00:00+00:00,10.505,10.55,10.435,10.45,17588.0,,,,,,,,,,,,,,,,,10.106832207092628,10.401635592958234,10.400468059830041,10.472893785812861,10.38329251532043,10.379052408433342,10.403052511644612,10.22423506121934,,,,10.346432767788937,"rgba(38, 166, 154, 1.0)",0.32072346428120657,10.385687108040868,0.20052443653683785,66.3207356516897,10.666380368329264,True,False,True,False,True,2.869709615710864,0.0,0.0,0.0,0.0,0,0.9752759381898458,0.9889624724061813,False,False,False,False,-0.008919182124879984,-0.09161872586715557,False,False,False,False,-1095273.0,-1159490.8454966089,False,False,False,False,22843.52697856809,False,False,False,False
2025-07-08 15:00:00+00:00,10.45,10.51,10.45,10.45,20194.0,,,,,,,,,,,,,,,,,10.124163387741822,10.402557966652344,10.401259501317067,10.472871722050302,10.383759242515756,10.379489416655543,10.403348034373446,10.224830503678882,,,,10.349034971873145,"rgba(38, 166, 154, 1.0)",0.3207243631486622,10.387215507786804,0.19575841260332752,70.3389032274409,14.265107620586917,True,False,True,False,True,2.869709615710864,0.0,0.0,0.0,0.0,0,0.97355663287792,0.9929484354341123,False,False,False,False,-0.01578096180342558,-0.05369984383529057,False,False,False,False,-1095273.0,-1158495.2199850336,False,False,False,False,22802.44904091587,False,False,False,False
2025-07-08 16:00:00+00:00,10.455,10.49,10.43,10.475,15407.0,,,,,,,,,,,,,,,,,10.136137169641525,10.403194178817182,10.40180827140425,10.472826196034502,10.384091516478668,10.379801754628033,10.403554971816403,10.225273633937999,,,,10.350835961594822,"rgba(38, 166, 154, 1.0)",0.3207753837919062,10.388310167104265,0.2702508898001099,73.41523852317442,17.008319403985396,True,False,True,False,True,3.5833869366612277,0.0,0.0,0.0,0.0,0,0.9681185451279751,1.0094297260889091,False,False,False,False,-0.02676317000517234,-0.040231506920231454,False,False,False,False,-1079866.0,-1157276.162310847,False,False,False,False,22687.79091625051,False,False,False,False
2025-07-08 17:00:00+00:00,10.475,10.485,10.45,10.47,22653.0,,,,,,,,,,,,,,,,,10.152453219778687,10.404155607115031,10.402639853033143,10.472788313129476,10.384595079568388,10.380274671319341,10.40387309236147,10.22593122755682,,,,10.353338882982795,"rgba(38, 166, 154, 1.0)",0.32052537109176144,10.389998446658847,0.2495950728288849,75.1410322434937,18.604611469145865,True,False,True,False,True,3.4250279123102736,0.0,0.0,0.0,0.0,0,0.9603960396039606,1.0103510351035105,False,False,False,False,-0.022644227766066477,-0.03143786734314896,False,False,False,False,-1102519.0,-1156427.2140579657,False,False,False,False,22687.251522200113,False,False,False,False
2025-07-08 18:00:00+00:00,10.475,10.49,10.45,10.45,13215.0,,,,,,,,,,,,,,,,,10.161112586559648,10.40466079289652,10.40307924042843,10.472742033359369,10.384868695626029,10.380532696181637,10.40404295092731,10.22630532586313,,,,10.354668040230258,"rgba(38, 166, 154, 1.0)",0.3203893042944851,10.390872994584006,0.18454737603115082,74.92209580726905,18.604611469145865,True,False,True,False,True,2.7852295445869046,0.0,0.0,0.0,0.0,0,0.9639314697926062,1.0063119927862942,False,False,False,False,-0.02127142461381667,-0.02635464597848282,False,False,False,False,-1115734.0,-1155796.3115144311,False,False,False,False,22540.394909452825,False,False,False,False
2025-07-08 19:00:00+00:00,10.45,10.475,10.4,10.445,33818.0,,,,,,,,,,,,,,,,,10.17966923102148,10.405416311065872,10.403750800285206,10.472336981326666,10.38535464364611,10.38100172195985,10.40430390390829,10.227163603555148,,,,10.357374649596078,"rgba(38, 166, 154, 1.0)",0.32026232209698474,10.392322961922217,0.1644809096894999,74.41639914781445,18.604611469145865,True,False,True,False,True,2.623683389565766,0.0,0.0,0.0,0.0,0,0.9590274651058085,1.0081044574515985,False,False,False,False,-0.039126006354430524,-0.03274032616645667,False,False,False,False,-1149552.0,-1155699.5004831995,False,False,False,False,22715.241500003944,False,False,False,False
2025-07-09 14:00:00+00:00,10.475,10.505,10.44,10.46,21997.0,,,,,,,,,,,,,,,,,10.191644299732012,10.40627923813894,10.4045059562095,10.472305022125482,10.385827675964137,10.381447463544074,10.404604738723929,10.227792008162325,,,,10.359300800325048,"rgba(38, 166, 154, 1.0)",0.3202511261241428,10.393774507615177,0.20679237942523893,74.49256520549201,18.848233806251514,True,False,True,False,True,3.0809176918883168,0.0,0.0,0.0,0.0,0,0.9591378536147286,1.006735518634935,False,False,False,False,-0.019898701620609336,-0.026319513893533,False,False,False,False,-1127555.0,-1155263.1516384988,False,False,False,False,22704.1059728721,False,False,False,False
2025-07-09 15:00:00+00:00,10.465,10.495,10.46,10.48,16813.0,,,,,,,,,,,,,,,,,10.200455221243253,10.407026748691871,10.405159924371224,10.472341579562883,10.386228991619225,10.381823961761773,10.4048685597267,10.228289990132211,,,,10.360774372138643,"rgba(38, 166, 154, 1.0)",0.3203418781847243,10.394951255912732,0.2654936799684541,75.09575449701948,19.892404339923317,True,False,True,False,True,3.6938072704096925,0.0,0.0,0.0,0.0,0,0.9634970707525916,1.0085624155024788,False,False,False,False,-0.017153475392948214,-0.02173649464324061,False,False,False,False,-1110742.0,-1154572.9012254989,False,False,False,False,22612.770996548505,False,False,False,False
2025-07-09 16:00:00+00:00,10.485,10.52,10.48,10.505,19262.0,,,,,,,,,,,,,,,,,10.210700161156847,10.408138372496238,10.406129469055086,10.472543913473682,10.386799902552806,10.382355140945338,10.405263762237622,10.228911093733005,,,,10.362605226956328,"rgba(38, 166, 154, 1.0)",0.32042121770687193,10.3965521975523,0.338453874009403,76.16281852235372,21.34312396398036,True,False,True,False,True,4.460557753547683,0.0,0.0,0.0,0.0,0,0.9765840220385679,1.0101010101010104,False,False,False,False,-0.004802558768588553,-0.01326952670591458,False,False,False,False,-1091480.0,-1153594.716710375,False,False,False,False,22560.82105861752,False,False,False,False
2025-07-09 17:00:00+00:00,10.505,10.53,10.505,10.51,9140.0,,,,,,,,,,,,,,,,,10.215533322211835,10.408730665036625,10.406646004254814,10.47268245966746,10.38710005091491,10.382633530059126,10.40547594356833,10.229219185770324,,,,10.363502645185427,"rgba(38, 166, 154, 1.0)",0.32048861907242954,10.39736315308602,0.35145350009612514,77.00866491374614,22.542713081751074,True,False,True,False,True,4.615015874304731,0.0,0.0,0.0,0.0,0,0.9884312818139753,0.9870430356316523,False,False,False,False,0.004802503881673214,-0.004233511412120684,False,False,False,False,-1082340.0,-1152489.9924202915,False,False,False,False,22352.74631352267,False,False,False,False
2025-07-09 18:00:00+00:00,10.51,10.525,10.505,10.52,8512.0,,,,,,,,,,,,,,,,,10.219922639249921,10.409284946372784,10.407129992208267,10.4728157255492,10.387381941297408,10.382894993759564,10.405675805344684,10.22950718282078,,,,10.364326653325326,"rgba(38, 166, 154, 1.0)",0.32071993901108986,10.398106999799058,0.38006056179976605,77.85757696416945,23.71176734529395,True,False,True,False,True,4.928147005865338,0.0,0.0,0.0,0.0,0,0.9832635983263601,0.9888423988842401,False,False,False,False,0.0034303391573900824,-0.0004015861273653006,False,False,False,False,-1073828.0,-1151270.4266463334,False,False,False,False,22138.161099359528,False,False,False,False
2025-07-09 19:00:00+00:00,10.52,10.55,10.49,10.535,22483.0,,,,,,,,,,,,,,,,,10.231232681514657,10.41083349652418,10.408483837733638,10.473230033000736,10.388168256459599,10.383623442956695,10.406239644617854,10.23028710508273,,,,10.36651231223626,"rgba(38, 166, 154, 1.0)",0.3210080125855772,10.400105567295588,0.4202213883008623,78.85588332796132,24.980966473858174,True,False,True,False,True,5.402069952369054,0.0,0.0,0.0,0.0,0,0.9762680316426249,0.9920893438808749,False,False,False,False,0.0061746866907216825,0.002886550281678191,False,False,False,False,-1051345.0,-1149721.19522546,False,False,False,False,22143.50743890434,False,False,False,False
2025-07-10 14:00:00+00:00,10.53,10.565,10.48,10.545,35568.0,,,,,,,,,,,,,,,,,10.247784304868711,10.413304061832411,10.41065246267618,10.473934217030104,10.38943880670142,10.384800937459365,10.407157933044495,10.231533355670356,,,,10.36982575991038,"rgba(38, 166, 154, 1.0)",0.32118892310340075,10.403132561463236,0.4416946797729142,79.81132663524599,26.169233494032824,True,False,True,False,True,5.720819474216281,0.0,0.0,0.0,0.0,0,0.9717330861909178,0.9916589434661726,False,False,False,False,0.007546892752342251,0.005216721517010222,False,False,False,False,-1015777.0,-1147644.541035918,False,False,False,False,22351.639106518225,False,False,False,False
2025-07-10 15:00:00+00:00,10.545,10.59,10.51,10.53,25492.0,,,,,,,,,,,,,,,,,10.259071112296267,10.415207865117983,10.412328113285442,10.47454575302797,10.390420569572791,10.3857097057046,10.40787827259888,10.232459818788627,,,,10.37220265129907,"rgba(38, 166, 154, 1.0)",0.32105755707497824,10.40534297328179,0.3882700281342301,78.50894789090677,26.169233494032824,True,False,True,False,True,5.158905052749422,0.0,0.0,0.0,0.0,0,0.9722479185938948,0.9935245143385756,False,False,False,False,0.022644172852269173,0.013930447184639698,False,False,False,False,-1041269.0,-1145995.3078415627,False,False,False,False,22400.32687230864,False,False,False,False
2025-07-10 16:00:00+00:00,10.535,10.565,10.53,10.565,21665.0,,,,,,,,,,,,,,,,,10.268321485954848,10.41690547844802,10.413825481435731,10.475131405966527,10.391299076227323,10.386522376172666,10.40852926235933,10.233268068176063,,,,10.374225329342565,"rgba(38, 166, 154, 1.0)",0.3210880713286426,10.407245104739056,0.4913134723696316,78.90536705186645,26.169233494032824,True,False,True,False,True,6.297599589568907,0.0,0.0,0.0,0.0,0,0.9751523675574311,1.0056258790436008,False,False,False,False,0.02127136970332851,0.017600908443984105,False,False,False,False,-1019604.0,-1144035.7526812283,False,False,False,False,22388.9264556837,False,False,False,False
2025-07-10 17:00:00+00:00,10.565,10.595,10.52,10.525,16595.0,,,,,,,,,,,,,,,,,10.27486624198106,10.418115683549352,10.414897312601695,10.475536406434367,10.39193819085122,10.387114891306235,10.40900120463416,10.233871585847185,,,,10.375667689650658,"rgba(38, 166, 154, 0.75)",0.31286487887334097,10.408580241989196,0.37210874684958095,74.6969965712075,28.12882632682272,True,False,True,False,False,4.780689451461534,0.0,0.0,0.0,0.0,0,0.985862393967955,0.9863336475023564,False,False,False,False,0.026763115080201894,0.022182011762093,False,False,False,False,-1036199.0,-1142363.8650427598,False,False,False,False,22299.098138541318,False,False,False,False
2025-07-10 18:00:00+00:00,10.525,10.55,10.51,10.535,15132.0,,,,,,,,,,,,,,,,,10.280256525673375,10.419073200411551,10.415750134015992,10.475824686918903,10.392460342155664,10.387600926567641,10.409382154759502,10.234393582364953,,,,10.376842694108447,"rgba(38, 166, 154, 0.75)",0.3037366094627478,10.409634466253141,0.41274423247367653,72.39957671473283,26.02557335722517,True,False,True,False,False,5.113341605126152,0.0,0.0,0.0,0.0,0,0.9853358561967838,0.9853358561967834,False,False,False,False,0.011663702139269523,0.016922856950681263,False,False,False,False,-1021067.0,-1140483.2934917093,False,False,False,False,22187.980337943776,False,False,False,False
2025-07-10 19:00:00+00:00,10.535,10.575,10.535,10.565,38448.0,,,,,,,,,,,,,,,,,10.29433619715979,10.421994344777438,10.418347838105074,10.476887518332038,10.394020470861953,10.389047176047482,10.410548302803836,10.235829937393847,,,,10.380126473185182,"rgba(38, 166, 154, 0.75)",0.29597680698032414,10.412718262789328,0.5145056423991858,72.28868649924806,25.90499910519054,True,False,True,False,False,6.112352697128909,0.0,0.0,0.0,0.0,0,0.9820075757575761,0.9862689393939398,False,False,False,False,0.0253900403559173,0.021156448653299284,False,False,False,False,-982619.0,-1138035.7850654812,False,False,False,False,22440.073666037668,False,False,False,False
2025-07-11 14:00:00+00:00,10.595,10.595,10.5,10.525,8394.0,,,,,,,,,,,,,,,,,10.297022096573846,10.422532292311011,10.418829799619331,10.477064511189436,10.394319615375727,10.3893258274798,10.410769190243574,10.236124101055804,,,,10.380748429231067,"rgba(38, 166, 154, 0.75)",0.28744951769871335,10.413282938145377,0.388649327885525,68.23480185635995,22.105652638961644,True,False,True,False,False,4.564925043401338,0.0,0.0,0.0,0.0,0,0.9815340909090914,0.9862689393939396,False,False,False,False,0.02127136970332851,0.021213909178313894,False,False,False,False,-991013.0,-1135756.3620412103,False,False,False,False,22222.30508206809,False,False,False,False
2025-07-11 15:00:00+00:00,10.525,10.525,10.45,10.465,9368.0,,,,,,,,,,,,,,,,10.48,10.299227855279135,10.422823186446486,10.419099073571974,10.477073670055155,10.3945151196736,10.389512245446316,10.410900777656835,10.236387037548965,,,,10.392170996186497,"rgba(38, 166, 154, 0.75)",0.27787387767094895,10.415823250650693,0.17697507142985563,61.15307674960061,15.74017044463605,True,False,True,False,False,2.3075160145551017,0.0,0.0,0.0,0.0,0,0.9781472684085514,0.9928741092636582,False,False,False,False,-0.011663757032385015,0.00477507607296444,False,False,False,False,-1000381.0,-1133657.519218866,False,False,False,False,22023.01353040812,False,False,False,False
2025-07-11 16:00:00+00:00,10.465,10.5,10.46,10.495,11717.0,,,,,,,,,,,,,,,,10.48277851553237,10.301987227594413,10.423214358839983,10.419459927062366,10.477104481457705,10.394772622963467,10.389757155194658,10.411076516155605,10.236721841093523,,,,10.392985849543788,"rgba(38, 166, 154, 0.5)",0.26870280645760986,10.416398327992095,0.29252270582556955,58.36594131867464,13.506660272958868,False,False,True,False,False,3.3447589597714824,0.0,0.0,0.0,0.0,0,0.9741750358680062,1.0000000000000004,False,False,False,False,-0.01578096180342558,-0.00550294286523057,False,False,False,False,-988664.0,-1131409.557680589,False,False,False,False,21863.230374897917,False,False,False,False
2025-07-11 17:00:00+00:00,10.495,10.52,10.485,10.495,8685.0,,,,,,,,,,,,,,,,10.4878026536782,10.304143585769737,10.423570771077204,10.41978549803336,10.477170261424934,10.394994122981053,10.389966343465181,10.411232564917064,10.236984384553955,,,,10.393961131766742,"rgba(38, 166, 154, 0.5)",0.26392486304501667,10.417032727863248,0.29541465414515683,56.507851031390665,11.983070422151144,False,False,True,False,False,3.3447589597714824,0.0,0.0,0.0,0.0,0,0.9745192307692311,0.9980769230769234,False,False,False,False,-0.0034303940436853117,-0.004466668454457941,False,False,False,False,-988664.0,-1129196.4482591844,False,False,False,False,21658.916725674695,False,False,False,False
2025-07-11 18:00:00+00:00,10.495,10.52,10.485,10.515,15692.0,,,,,,,,,,,,,,,,10.494313895854413,10.308051531394604,10.424261859497392,10.420415449894556,10.477322586760007,10.395417231055255,10.39036507542855,10.411534199472865,10.237469411065245,,,,10.395461248935876,"rgba(38, 166, 154, 0.5)",0.2616772821625856,10.418089222172958,0.37034463605759377,56.59948592481724,11.983070422151144,False,False,True,False,False,4.047531973599433,0.0,0.0,0.0,0.0,0,0.9764423076923081,0.9908653846153849,False,False,False,False,-0.0034303940436853117,-0.003948531249071626,False,False,False,False,-972972.0,-1126774.3637900497,False,False,False,False,21566.40638884253,False,False,False,False
2025-07-11 19:00:00+00:00,10.515,10.565,10.49,10.515,63706.0,,,,,,,,,,,,,,,,10.5112484580341,10.323691222716501,10.427497671108775,10.423358347150517,10.478267415955854,10.397355003555784,10.392184257902912,10.412950582629598,10.239541531275034,,,,10.400677165592121,"rgba(38, 166, 154, 0.5)",0.2591205674362147,10.422223808017453,0.3580425625819366,56.660575853768286,11.929671450684708,False,False,True,False,False,4.047531973599433,0.0,0.0,0.0,0.0,1,0.9769563130100821,0.9889582333173311,False,False,False,False,0.010291395307262108,0.003171432029095241,False,False,False,False,-972972.0,-1124389.8310181107,False,False,False,False,22219.733421573652,False,False,False,False
2025-07-14 14:00:00+00:00,10.675,10.68,10.59,10.595,10054.0,,,,,,,,,,,,,,,,10.52056003366269,10.327068828476175,10.428493397866143,10.42424924574031,10.478730643380676,10.397890000023722,10.392678681879588,10.413367057989648,10.239978170967193,,,,10.40255733999846,"rgba(38, 166, 154, 0.5)",0.2576649301247914,10.423629446876902,0.665090717002509,61.018947392085394,11.929671450684708,False,False,True,False,True,6.832081755384706,0.0,0.0,0.0,0.0,1,0.9833571088920594,0.9724203518782696,False,False,False,False,0.06940433110897824,0.03628788156903674,False,False,False,False,-962918.0,-1121886.3917775198,False,False,False,False,22031.11739953375,False,False,False,False
2025-07-14 15:00:00+00:00,10.595,10.63,10.555,10.58,18857.0,,,,,,,,,,,,,,,,10.529815612801366,10.332507668841465,10.430016125175346,10.425620264801145,10.479390696645524,10.398738125551995,10.393466131165436,10.414019435721267,10.240723149602196,,,,10.404921912256192,"rgba(38, 166, 154, 0.5)",0.2558403394292555,10.425535849931128,0.603752130776015,62.54231534630807,7.186936847704665,False,False,True,False,True,6.222211452597495,0.0,0.0,0.0,0.0,1,0.9762808349146115,0.9796015180265658,False,False,False,False,0.04599912073855758,0.04114350115379716,False,False,False,False,-981775.0,-1119714.1221375582,False,False,False,False,21981.906277060356,False,False,False,False
2025-07-14 16:00:00+00:00,10.575,10.6,10.57,10.58,9109.0,,,,,,,,,,,,,,,,10.53312765533422,10.335004852782534,10.43071844003837,10.426254270888407,10.479692197145656,10.399134384980261,10.39383454586729,10.414323842259757,10.241076716437496,,,,10.405907433970443,"rgba(38, 166, 154, 0.5)",0.2530115903765324,10.426364340319301,0.6072277536853469,63.55789398245653,8.317835675159294,False,False,True,False,True,6.222211452597495,0.0,0.0,0.0,0.0,1,0.9887750122010742,0.9804782820888243,False,False,False,False,0.04187473947095381,0.04150912031237548,False,False,False,False,-981775.0,-1117575.5310966657,False,False,False,False,21782.326334780348,False,False,False,False
2025-07-14 17:00:00+00:00,10.58,10.585,10.535,10.535,2975.0,,,,,,,,,,,,,,,,10.533494946602469,10.335707063334183,10.430899118952905,10.42641871285181,10.479760317643624,10.399241249329917,10.393934505240548,10.414404441077904,10.241181363867858,,,,10.406115746544579,"rgba(38, 166, 154, 0.5)",0.24975308527343748,10.426555680142094,0.43420612698008393,60.20806974720595,8.317835675159294,False,False,True,False,False,4.3743759212781335,0.0,0.0,0.0,0.0,1,0.9818893783651498,0.9848262359275579,False,False,False,False,0.028136290702707942,0.03482270550754171,False,False,False,False,-984750.0,-1115516.2205370273,False,False,False,False,21490.73987997755,False,False,False,False
2025-07-14 18:00:00+00:00,10.535,10.535,10.455,10.485,16517.0,,,,,,,,,,,,,,,,10.529350011999039,10.338463804889463,10.431398965609914,10.426890268750723,10.479822554272435,10.399599362838979,10.39427694599971,10.414655353076265,10.241649051598037,,,,10.406234035448286,"rgba(38, 166, 154, 0.5)",0.24631341274338797,10.426863788204402,0.2360253595128585,54.63688972595709,10.306983973162872,False,True,True,False,False,2.378470043609248,0.0,0.0,0.0,0.0,1,0.9697855750487334,0.9897660818713455,False,False,False,False,-0.007546947641116706,0.013637878933212503,False,False,False,False,-1001267.0,-1113744.9147922671,False,False,False,False,21413.62763377635,False,False,False,False
2025-07-14 19:00:00+00:00,10.485,10.505,10.475,10.5,38123.0,,,,,,,,,,,,,,,,10.522645696921755,10.344534512565197,10.432552909535737,10.427980420941578,10.479983617124246,10.400430199303681,10.395071618504339,10.415240709154533,10.242729037631051,,,,10.406796524631346,#000000,0.24267982094828727,10.427708036306088,0.29789029599340616,52.04175505762599,7.986773895287904,False,True,False,False,False,2.9332108144774196,0.0,0.0,0.0,0.0,1,0.9726962457337888,0.9917113603120433,False,False,False,False,-0.01029145019872487,0.0016732143672438162,False,False,False,False,-963144.0,-1111410.016888511,False,False,False,False,21672.687670461986,False,False,False,False
2025-07-15 14:00:00+00:00,10.505,10.7,10.505,10.53,19637.0,,,,,,,,,,,,,,,,10.52751799293055,10.349161754138064,10.433938682780745,10.429240455467669,10.480583846916481,10.401238758578616,10.395825797744802,10.415863336474356,10.243469185968715,,,,10.408537756777777,#000000,0.23777910105999253,10.429235987527033,0.4237715258564435,52.40057878473717,7.986773895287904,False,True,False,False,False,4.039441337808594,0.0,0.0,0.0,0.0,1,0.9850096711798845,0.9705029013539656,False,False,False,False,0.05150075376951358,0.0265869840683787,False,False,False,False,-943507.0,-1108806.8693398517,False,False,False,False,21641.126621307536,False,False,False,False
2025-07-15 15:00:00+00:00,10.525,10.55,10.505,10.515,57001.0,,,,,,,,,,,,,,,,10.526670462607317,10.358624230201272,10.436339121676749,10.431475037584065,10.481327989765235,10.402828549046376,10.3973309790726,10.417041219681405,10.245249409243964,,,,10.410765222097664,#000000,0.23416956972968242,10.43148678291594,0.3566356515941238,51.5384934675299,7.290373454760562,False,True,False,False,False,3.4252407139641505,0.0,0.0,0.0,0.0,1,0.9830179524502674,0.983503153808831,False,False,False,False,0.010291395307262108,0.018439189687820403,False,False,False,False,-1000508.0,-1107127.8171020246,False,False,False,False,22189.341712450052,False,False,False,False
2025-07-15 16:00:00+00:00,10.515,10.7,10.505,10.695,52659.0,,,,,,,,,,,,,,,,10.543482076224683,10.371752962363635,10.441107610399959,10.43580865983321,10.483733715029931,10.405568359965164,10.399876923417313,10.419209276154408,10.247516653660437,,,,10.416450693005416,"rgba(38, 166, 154, 0.5)",0.2317188611887859,10.436561310371555,1.1153114092766487,58.599175082531225,2.4782923461074517,False,True,True,False,True,9.644042875363983,0.0,0.0,0.0,0.0,0,0.9761904761904766,0.9844509232264339,False,False,False,False,0.05150075376951358,0.03496997172866699,False,False,False,False,-947849.0,-1104658.3780771869,False,False,False,False,22661.739515357804,False,False,False,False
2025-07-15 17:00:00+00:00,10.695,10.765,10.695,10.755,23355.0,,,,,,,,,,,,,,,,10.556213052458817,10.379361777606352,10.444264673779074,10.438662021894666,10.48550837187115,10.407313386666454,10.401488569345446,10.420621716985849,10.24878510973068,,,,10.42024652003761,"rgba(38, 166, 154, 0.5)",0.23262747159468883,10.45303623846641,1.2980571875866307,64.63522816068158,7.919413666416133,False,False,True,False,True,11.520056742131452,0.0,0.0,0.0,0.0,0,0.9961089494163426,0.9698443579766541,False,False,False,False,0.1220367157906255,0.07850334375964624,False,False,False,False,-924494.0,-1101865.1319054475,False,False,False,False,22672.4877399259,False,False,False,False
2025-07-15 18:00:00+00:00,10.755,10.755,10.605,10.61,55364.0,,,,,,,,,,,,,,,,10.569685092013689,10.392366265165697,10.449481462339829,10.443429691840013,10.488290548641714,10.41037507962766,10.404336851764866,10.423072586222013,10.251268730254234,,,,10.425811811985525,"rgba(38, 166, 154, 0.5)",0.22926180007356253,10.455280683575747,0.6748586828447123,61.38862757545475,7.919413666416133,False,True,True,False,False,5.800583430453091,0.0,0.0,0.0,0.0,0,0.9865125240847787,0.969171483622351,False,False,False,False,0.09426991275901352,0.08638662825932988,False,False,False,False,-979858.0,-1099973.548465053,False,False,False,False,23179.332891244874,False,False,False,False
2025-07-15 19:00:00+00:00,10.605,10.73,10.605,10.66,71982.0,,,,,,,,,,,,,,,,10.583837203306098,10.408034055006631,10.456150669150901,10.449555622131703,10.491947845632867,10.414376052129066,10.408065560199569,10.426295015279683,10.254518415502409,,,,10.432531159815436,"rgba(38, 166, 154, 0.5)",0.22720685499111185,10.46120923597087,0.8749329505789205,60.71793867622434,7.919413666416133,False,True,True,False,False,7.373593417160492,0.0,0.0,0.0,0.0,0,0.9847036328871897,0.9732313575525816,False,False,False,False,0.08735244588299337,0.08686953707116163,False,False,False,False,-907876.0,-1096995.2918997034,False,False,False,False,23935.963389055032,False,False,False,False
2025-07-16 14:00:00+00:00,10.655,10.665,10.505,10.555,38864.0,,,,,,,,,,,,,,,,10.583181346853426,10.413058744561525,10.458103721246601,10.45140063883867,10.492865647373169,10.415727283241843,10.409344962198814,10.427356797205169,10.255871770602077,,,,10.434101212457923,"rgba(38, 166, 154, 0.5)",0.22513955631966803,10.461834816944169,0.4138108139626463,56.50839873064518,13.892657639181621,False,True,True,False,False,3.5475078672508964,0.0,0.0,0.0,0.0,0,0.9740321057601514,0.979697828139755,False,False,False,False,0.04187473947095381,0.06437213827105773,False,False,False,False,-946740.0,-1094665.7524904057,False,False,False,False,24167.405817131697,False,False,False,False
2025-07-16 15:00:00+00:00,10.555,10.625,10.5,10.59,78677.0,,,,,,,,,,,,,,,,10.581677316762459,10.422166736126671,10.461760017263627,10.45487800230497,10.494589981009554,10.418338492039,10.411824961053561,10.429413035563467,10.258548578074798,,,,10.437021902244233,"rgba(38, 166, 154, 0.5)",0.2239363648349518,10.463675457144966,0.564109107282059,54.85345970259978,12.217380729173946,False,True,True,False,False,4.658802185040379,0.0,0.0,0.0,0.0,1,0.9760112888052683,0.9863593603010352,False,False,False,False,0.029509572413699687,0.046940855342378705,False,False,False,False,-868063.0,-1091152.531521562,False,False,False,False,25012.51580446299,False,False,False,False
2025-07-16 16:00:00+00:00,10.59,10.6,10.505,10.555,41883.0,,,,,,,,,,,,,,,,10.57983458936448,10.426057489645716,10.463303078533198,10.456370461885246,10.495266388535688,10.419531212786735,10.412966600763768,10.43034592049588,10.259872772523035,,,,10.438172057170416,#000000,0.2218187922079049,10.464395252807403,0.4084629002382952,52.553557328989946,9.839895507406275,False,True,False,False,False,3.414341623976867,0.0,0.0,0.0,0.0,0,0.9871183206106872,0.9833015267175577,False,False,False,False,0.024017061341877435,0.03547895834212807,False,False,False,False,-909946.0,-1088343.1279320803,False,False,False,False,25274.073698967437,False,False,False,False
2025-07-16 17:00:00+00:00,10.555,10.625,10.495,10.5,43071.0,,,,,,,,,,,,,,,,10.577338262311045,10.429430313934876,10.464609484382894,10.457654128786935,10.495789890681728,10.420615926592419,10.414011859415282,10.431188301169295,10.261160866767797,,,,10.439088781560251,#000000,0.2215650312279901,10.464923826051017,0.15831096520321383,49.26794420914868,6.541737149591469,False,True,False,False,False,1.4980297732372705,0.0,0.0,0.0,0.0,0,0.9843527738264581,0.981033665244192,False,False,False,False,0.028136290702707102,0.03180762452241759,False,False,False,False,-953017.0,-1086245.0484292572,False,False,False,False,25549.995036967943,False,False,False,False
2025-07-16 18:00:00+00:00,10.5,10.53,10.485,10.5,86543.0,,,,,,,,,,,,,,,,10.569248245866818,10.43367270480478,10.465946115039046,10.45907067168227,10.496001484209273,10.42211547697785,10.415491704080685,10.432310328148994,10.263393146199416,,,,10.439694430778793,"rgba(239, 83, 80, 1.0)",0.22109396314810983,10.46474698343073,0.15944811910424553,47.07753546258783,4.271388607765928,False,True,False,True,False,1.4980297732372705,0.0,0.0,0.0,0.0,0,0.9848197343453512,0.9871916508538905,False,False,False,False,-0.0006860981794972872,0.01556076317146015,False,False,False,False,-953017.0,-1084179.497290819,False,False,False,False,26495.62302089092,False,False,False,False
2025-07-16 19:00:00+00:00,10.495,10.505,10.48,10.495,65009.0,,,,,,,,,,,,,,,,10.563364995803768,10.436086796809077,10.466610404877185,10.459823780597349,10.495956219618767,10.423053626491617,10.416431234987208,10.432999269444462,10.264963600256143,,,,10.439921103209507,"rgba(239, 83, 80, 1.0)",0.22077059962244727,10.464929843087475,0.1362054411409348,45.439982784301975,2.458675602532132,False,True,False,True,False,1.3214777823564035,0.0,0.0,0.0,0.0,0,0.9843081312410844,0.9895387541607231,False,False,False,False,-0.008919182124879984,0.003320790523290083,False,False,False,False,-1018026.0,-1083153.8616739071,False,False,False,False,27092.729640722067,False,False,False,False
2025-07-17 14:00:00+00:00,10.485,10.58,10.485,10.565,23802.0,,,,,,,,,,,,,,,,10.562812287718078,10.437652474248155,10.467285764335374,10.460490482496272,10.496248680343035,10.423630958838881,10.416989567523208,10.433453469000892,10.265657965024912,,,,10.440469072169869,"rgba(239, 83, 80, 1.0)",0.22146730179817306,10.466073013693345,0.44668890397557875,47.51011655584852,2.458675602532132,False,True,False,True,False,3.673153069414937,0.0,0.0,0.0,0.0,0,0.9834358731661146,0.9834358731661149,False,False,False,False,0.013036052901491901,0.008178421712390992,False,False,False,False,-994224.0,-1081775.1041285752,False,False,False,False,27041.710576524827,False,False,False,False
2025-07-17 15:00:00+00:00,10.565,10.615,10.545,10.605,16909.0,,,,,,,,,,,,,,,,10.56330291468035,10.439199154986008,10.468038015747297,10.461211457652738,10.496650739830958,10.424190664235946,10.417523445019578,10.433905083953487,10.266228742796686,,,,10.44113891321145,#000000,0.22217317326562244,10.467387342239867,0.6193936726807626,50.4273762629107,2.458675602532132,False,True,False,False,True,4.9763706824690885,0.0,0.0,0.0,0.0,0,0.9881796690307331,0.982505910165485,False,False,False,False,0.03912595138471704,0.023652186548554017,False,False,False,False,-977315.0,-1080155.5676304577,False,False,False,False,26884.614288516692,False,False,False,False
2025-07-17 16:00:00+00:00,10.605,10.615,10.57,10.605,30235.0,,,,,,,,,,,,,,,,10.564411685502433,10.442037248876582,10.469451650991259,10.462563760898584,10.497425534844126,10.42523238031353,10.418515995989289,10.434749310116116,10.267270608361011,,,,10.442406463988105,"rgba(38, 166, 154, 0.5)",0.2233021425039274,10.469506338882116,0.6067727770032536,52.37221606761882,2.458675602532132,False,True,True,False,True,4.9763706824690885,0.0,0.0,0.0,0.0,0,1.002395783421179,0.9822712026832778,False,False,False,False,0.04599912073855758,0.0348256536435558,False,False,False,False,-977315.0,-1078561.1402253343,False,False,False,False,26936.55825303581,False,False,False,False
2025-07-17 17:00:00+00:00,10.605,10.645,10.6,10.63,13241.0,,,,,,,,,,,,,,,,10.565280829004317,10.443470079398969,10.47019670996291,10.46327085543533,10.497856876441404,10.425759378825504,10.419015797041208,10.435180490071202,10.267763882075023,,,,10.443088322028428,"rgba(38, 166, 154, 0.5)",0.22476428092999898,10.470595519931596,0.7092073500684486,54.691563626541225,-1.7807784555605082,False,True,True,False,True,5.799187153114573,0.0,0.0,0.0,0.0,0,0.9942501197891712,0.9770004791566848,False,False,False,False,0.06251370646364249,0.048669680053599146,False,False,False,False,-964074.0,-1076786.1458032362,False,False,False,False,26724.224016554635,False,False,False,False
2025-07-17 18:00:00+00:00,10.635,10.655,10.61,10.615,11784.0,,,,,,,,,,,,,,,,10.566054637314817,10.444738038181494,10.470860882277012,10.463901418009337,10.498243308861825,10.426229958866422,10.419462153590407,10.435565938795063,10.268203777553547,,,,10.443695568161102,"rgba(38, 166, 154, 0.5)",0.2258247546656863,10.471516838834388,0.6353739269108315,55.34364131661732,-0.8576738703590081,False,True,True,False,True,5.222052298776763,0.0,0.0,0.0,0.0,0,1.0000000000000002,0.9749879749879755,False,False,False,False,0.06802570051932712,0.05834769028646313,False,False,False,False,-975858.0,-1075221.3683489223,False,False,False,False,26492.59263645301,False,False,False,False
2025-07-17 19:00:00+00:00,10.615,10.685,10.595,10.635,66642.0,,,,,,,,,,,,,,,,10.570864407101226,10.45203031161142,10.4747868462882,10.467626983783598,10.50058042739748,10.429002804364655,10.422090874122386,10.437848206747711,10.270751674113383,,,,10.447286948392229,"rgba(38, 166, 154, 0.5)",0.22744184485883515,10.476482728650996,0.6969573758399181,56.69614498744351,0.7810892537438718,False,True,True,False,True,5.893637329207742,0.0,0.0,0.0,0.0,1,0.9985652797704451,0.9670014347202299,False,False,False,False,0.07216238796048723,0.06525503912347518,False,False,False,False,-909216.0,-1072647.6417078539,False,False,False,False,27115.064068445983,False,False,False,False
2025-07-18 14:00:00+00:00,10.91,10.995,10.885,10.905,36156.0,,,,,,,,,,,,,,,,10.583320493014284,10.4615692045426,10.480482825092126,10.472904374914787,10.504417373087225,10.432519454218983,10.42536824833342,10.440825233262789,10.273198432681891,,,,10.452733959905347,"rgba(38, 166, 154, 0.5)",0.23503722151074977,10.508328042868104,1.6876984614700812,64.24228748221991,7.9924257784877,False,False,True,False,True,13.983444919213028,0.0,0.0,0.0,0.0,0,1.0004646840148699,0.9572490706319706,False,False,False,False,0.2412693445891976,0.15326219185633638,False,False,False,False,-873060.0,-1069553.2596658715,False,False,False,False,27255.233617772403,False,False,False,False
2025-07-18 15:00:00+00:00,10.905,10.92,10.8,10.815,81531.0,,,,,,,,,,,,,,,,10.602384094865023,10.478136861944739,10.490521555239313,10.482273872755915,10.511169812272039,10.43896773509256,10.431406121124434,10.446282368202795,10.277956169853585,,,,10.4621220657056,"rgba(38, 166, 154, 1.0)",0.23991396731267978,10.517790646121849,1.2388163857538046,65.16112454742732,8.855097784502817,True,False,True,False,True,10.576030442311655,0.0,0.0,0.0,0.0,0,0.9925960203609442,0.9662193428968073,False,False,False,False,0.19522891908545742,0.1742455554708969,False,False,False,False,-954591.0,-1067770.8990508968,False,False,False,False,28096.71836788446,False,False,False,False
2025-07-18 16:00:00+00:00,10.815,10.845,10.685,10.705,38576.0,,,,,,,,,,,,,,,,10.607136135210121,10.483483341340015,10.493794839818985,10.485367128669637,10.513342904811536,10.441214727552856,10.433526585713937,10.448178572688194,10.279787643907811,,,,10.465092431079233,"rgba(38, 166, 154, 0.5)",0.24227705457011223,10.519565852678586,0.7653805584290359,61.8399446058589,8.855097784502817,False,False,True,False,False,6.675431602039797,0.0,0.0,0.0,0.0,0,0.9758321933424535,0.9730962152302783,False,False,False,False,0.14158297194040728,0.1579142637056521,False,False,False,False,-993167.0,-1066614.2494532084,False,False,False,False,28259.187850552917,False,False,False,False
2025-07-18 17:00:00+00:00,10.705,10.77,10.705,10.755,50266.0,,,,,,,,,,,,,,,,10.61280347381463,10.4900943392884,10.497908313577568,10.489264936015129,10.516094705246672,10.444077809040348,10.436232423049999,10.450599901501212,10.282144208364663,,,,10.46880223443318,"rgba(38, 166, 154, 0.5)",0.24329111691051467,10.522441549919186,0.9558854964949344,60.8598228350817,8.855097784502817,False,False,True,False,False,8.089991935865527,0.0,0.0,0.0,0.0,0,0.9777878513145968,0.9800543970988217,False,False,False,False,0.12621689542624026,0.14206557956594618,False,False,False,False,-942901.0,-1064696.214577965,False,False,False,False,28600.378736590854,False,False,False,False
2025-07-18 18:00:00+00:00,10.755,10.77,10.705,10.715,49923.0,,,,,,,,,,,,,,,,10.617454671613483,10.496006874782788,10.501646874743216,10.492824152184102,10.518606734362677,10.446743820297751,10.438758752839144,10.4528579473465,10.28439411265958,,,,10.47214377120325,"rgba(38, 166, 154, 0.5)",0.23903852077523569,10.525103729147952,0.7944170263277529,58.84742109989975,15.07806005444668,False,False,True,False,False,6.709039890985441,0.0,0.0,0.0,0.0,0,0.9779179810725555,0.9801712483100499,False,False,False,False,0.12621689542624026,0.13414123749609322,False,False,False,False,-992824.0,-1063581.9166775313,False,False,False,False,28930.962011992546,False,False,False,False
2025-07-18 19:00:00+00:00,10.715,10.725,10.67,10.685,73879.0,,,,,,,,,,,,,,,,10.621663917238328,10.502950424608276,10.50610986085317,10.497117241931615,10.521591427892753,10.450100094019017,10.44195786457082,10.45570001146995,10.287411896785693,,,,10.476066971041071,"rgba(38, 166, 154, 0.5)",0.23346850010341683,10.527685198882867,0.6738159582446845,56.49743697212937,12.645704772711468,False,True,True,False,False,5.682806678630193,0.0,0.0,0.0,0.0,0,0.9748878923766818,0.9843049327354263,False,False,False,False,0.10396965126740959,0.1190554443817514,False,False,False,False,-1066703.0,-1063630.3055662517,False,False,False,False,29627.830818008166,False,False,False,False
2025-07-21 14:00:00+00:00,10.69,10.795,10.67,10.745,16359.0,,,,,,,,,,,,,,,,10.623059406302904,10.504757391095302,10.50729239732345,10.498247590656549,10.52240187983587,10.45096116137025,10.442775644476837,10.456433373998287,10.288144803611194,,,,10.477119294296738,"rgba(38, 166, 154, 0.5)",0.231070267383035,10.528684987587665,0.9361438616148664,56.70534345749445,12.575753656052271,False,True,True,False,False,7.415131590590342,0.0,0.0,0.0,0.0,0,0.9751662971175168,0.9782705099778273,False,False,False,False,0.12342963041150379,0.1212425373966276,False,False,False,False,-1050344.0,-1063424.3163326664,False,False,False,False,29422.112510752224,False,False,False,False
2025-07-21 15:00:00+00:00,10.745,10.765,10.68,10.685,10425.0,,,,,,,,,,,,,,,,10.623726542840936,10.505763658803811,10.507952799878247,10.498882425879007,10.52285129011646,10.451456229514852,10.443247350455751,10.456854443275093,10.288582917999497,,,,10.477701962084849,"rgba(38, 166, 154, 0.5)",0.22675527547325988,10.52916798906117,0.6872255148798379,54.73964506259043,10.393979827400798,False,True,True,False,False,5.365701789632489,0.0,0.0,0.0,0.0,0,0.9762323943661974,0.981073943661972,False,False,False,False,0.1178607757436381,0.11955165657013285,False,False,False,False,-1060769.0,-1063383.1486375863,False,False,False,False,29127.58363461653,False,False,False,False
2025-07-21 16:00:00+00:00,10.685,10.685,10.6,10.635,22678.0,,,,,,,,,,,,,,,,10.623993727197654,10.507180226818148,10.508882043452694,10.499796790255662,10.52345861821024,10.452236848575183,10.44399997807205,10.457513648344499,10.289375046467526,,,,10.478492991932628,#000000,0.22231059353975732,10.52938746989696,0.4750674649435997,51.83916563995218,7.419086678835598,False,True,False,False,False,3.701515783380863,0.0,0.0,0.0,0.0,0,0.9688750555802581,0.9951089373054692,False,False,False,False,0.07354182486963638,0.09654674071988462,False,False,False,False,-1083447.0,-1063694.2161005693,False,False,False,False,29027.59008989379,False,False,False,False
2025-07-21 17:00:00+00:00,10.63,10.63,10.595,10.595,11584.0,,,,,,,,,,,,,,,,10.6238496209418,10.50771362346101,10.509232283985984,10.500149333403956,10.523678382156998,10.452562756124678,10.444317200746774,10.457787371950305,10.289739956155968,,,,10.478781169880829,"rgba(239, 83, 80, 1.0)",0.21723740490553056,10.529316701535448,0.30235722293366596,48.70987367738371,4.331902286375389,False,True,False,True,False,2.393243668975657,0.0,0.0,0.0,0.0,0,0.9670818505338081,0.9973309608540928,False,False,False,False,0.05700550348923928,0.07677612210456194,False,False,False,False,-1095031.0,-1064180.0577114131,False,False,False,False,28757.146832686132,False,False,False,False
2025-07-21 18:00:00+00:00,10.595,10.595,10.5,10.5,18224.0,,,,,,,,,,,,,,,,10.622659069315642,10.507913971200527,10.509357989640243,10.50031205438879,10.523711436536965,10.452824518286503,10.444584366413787,10.458000056552612,10.290176884992713,,,,10.478837816369754,"rgba(239, 83, 80, 1.0)",0.21238747948370423,10.528543149689108,-0.13439186602945785,44.185528608086415,0.06205942451744306,False,True,False,True,False,0.0,0.0,0.0,0.0,0.0,0,0.9610791685095094,0.9969040247678022,False,False,False,False,0.02127136970332851,0.049023745903945225,False,False,False,False,-1113255.0,-1064940.9095298408,False,False,False,False,28593.842230628983,False,False,False,False
2025-07-21 19:00:00+00:00,10.505,10.525,10.47,10.485,52719.0,,,,,,,,,,,,,,,,10.618001321008176,10.507569509795662,10.509102384427516,10.500209358044092,10.523352107836837,10.453208618309445,10.445011913095794,10.45829187912848,10.291232773013549,,,,10.478442207184393,"rgba(239, 83, 80, 1.0)",0.2067139512893535,10.525651104236315,-0.196653897730461,40.82147446457751,-3.0377691245366307,False,True,False,True,False,0.0,0.0,0.0,0.0,0.0,0,0.9606716747680075,1.0022094564737076,False,False,False,False,-0.006174741578463666,0.02142450216274078,False,False,False,False,-1165974.0,-1066507.314033254,False,False,False,False,28967.87568441768,False,False,False,False
2025-07-22 14:00:00+00:00,10.43,10.505,10.38,10.385,86291.0,,,,,,,,,,,,,,,,10.607164343548774,10.504433453287847,10.506920073098557,10.498401219633854,10.521452416368826,10.452752038517534,10.444705111844444,10.45782559039359,10.292347096424496,,,,10.476222371457546,"rgba(239, 83, 80, 1.0)",0.20103410584204698,10.519178340375374,-0.6674406803430595,36.50864265133977,-6.995843632434941,False,True,False,True,False,0.0,0.0,0.0,0.0,0.0,0,0.9547053649956029,1.004397537379068,False,False,False,False,-0.03637780908827695,-0.007476653462768086,False,False,False,False,-1252265.0,-1069387.2781567695,False,False,False,False,29856.606293961588,False,False,False,False
2025-07-22 15:00:00+00:00,10.385,10.6,10.35,10.56,78901.0,,,,,,,,,,,,,,,,10.602135180673141,10.504397236950659,10.506838524809353,10.498505056113865,10.521143118288574,10.453449121925715,10.445454084890708,10.458373916894466,10.293961978684202,,,,10.47602869102563,"rgba(239, 83, 80, 0.75)",0.19490739311758204,10.516912407574429,0.2210669987237379,39.97878633194139,-6.995843632434941,False,True,False,True,True,1.2711563994953359,0.0,0.0,0.0,0.0,0,0.961270670147955,0.9926022628372502,False,False,False,False,-0.018526053606427735,-0.013001353534597911,False,False,False,False,-1173364.0,-1070999.3203558894,False,False,False,False,30616.98449095443,False,False,False,False
2025-07-22 16:00:00+00:00,10.565,10.57,10.42,10.465,38231.0,,,,,,,,,,,,,,,,10.599449129600618,10.504092682753205,10.506600559777798,10.498368679923793,10.520846619877661,10.45365841215266,10.445697369278566,10.458528465895025,10.294667860537295,,,,10.475767753310736,"rgba(239, 83, 80, 0.75)",0.1882165467446163,10.515688403747502,-0.26930896684805977,40.121027188563914,-6.995843632434941,False,True,False,True,True,0.0,0.0,0.0,0.0,0.0,0,0.9744367417677646,0.9857019064124786,False,False,False,False,-0.007546947641116706,-0.010274150587857309,False,False,False,False,-1211595.0,-1073179.098334868,False,False,False,False,30735.031243032656,False,False,False,False
2025-07-22 17:00:00+00:00,10.465,10.52,10.445,10.52,15408.0,,,,,,,,,,,,,,,,10.598492668937741,10.504035507528204,10.506549837781144,10.498355025649685,10.520761447724102,10.453768641125034,10.445819306941425,10.458613585342128,10.294965744547502,,,,10.475706862841884,"rgba(239, 83, 80, 0.75)",0.1810813863114275,10.515285562117807,0.02603491158436696,41.863076921295566,-6.995843632434941,False,True,False,True,True,0.11814853833071837,0.0,0.0,0.0,0.0,0,0.9691438504997829,0.9982616253802697,False,False,False,False,-0.014408507662579327,-0.012341329125218318,False,False,False,False,-1196187.0,-1075086.1975854903,False,False,False,False,30497.402851667808,False,False,False,False
2025-07-22 18:00:00+00:00,10.515,10.515,10.455,10.495,22010.0,,,,,,,,,,,,,,,,10.597070296718764,10.503895720831766,10.506436766552367,10.498297333546757,10.520609515532046,10.453899789856935,10.4459689794829,10.458712337861703,10.295375601701918,,,,10.475585149120572,"rgba(239, 83, 80, 0.75)",0.1734264649317941,10.514675840434823,-0.11345350574124657,42.409563134805,-6.995843632434941,False,True,False,True,True,0.0,0.0,0.0,0.0,0.0,0,0.97156605424322,0.998687664041995,False,False,False,False,-0.013036107796469945,-0.012688718460844132,False,False,False,False,-1218197.0,-1077304.9697159478,False,False,False,False,30365.815210556677,False,False,False,False
2025-07-22 19:00:00+00:00,10.495,10.53,10.47,10.475,143002.0,,,,,,,,,,,,,,,,10.58891228951345,10.503227067501472,10.505864204993916,10.498058273274037,10.519754510676739,10.454808422047448,10.446990869772023,10.45940874233216,10.298042039773057,,,,10.475007379987142,"rgba(239, 83, 80, 0.75)",0.16525061502386587,10.511481799974215,-0.22076650043902285,42.26175535898514,-6.995843632434941,False,True,False,True,True,0.0,0.0,0.0,0.0,0.0,0,0.9639560439560444,1.0039560439560444,False,False,False,False,-0.004802558768588553,-0.008745638614716342,False,False,False,False,-1361199.0,-1081706.427549809,False,False,False,False,32112.112649152696,False,False,False,False
2025-07-23 14:00:00+00:00,10.555,10.565,10.455,10.46,42235.0,,,,,,,,,,,,,,,,10.586776269199625,10.503069835303148,10.505722362481317,10.498008490759723,10.519525983875926,10.455080237425468,10.447294930747912,10.459619164708776,10.298822418341961,,,,10.474879965871539,"rgba(239, 83, 80, 0.75)",0.15651002328089927,10.510717066756369,-0.32404995982489065,41.75842887081787,-6.995843632434941,False,True,False,True,True,0.0,0.0,0.0,0.0,0.0,0,0.9545255793616094,1.0034980323567997,False,False,False,False,0.0006860432938221609,-0.004029797660447091,False,False,False,False,-1403434.0,-1086694.4519288817,False,False,False,False,32269.056639088314,False,False,False,False
2025-07-23 15:00:00+00:00,10.46,10.5,10.42,10.435,29018.0,,,,,,,,,,,,,,,,10.58473308954491,10.50251463482601,10.505305207850203,10.497675435630953,10.519125102189653,10.455063769607369,10.447314549758378,10.459585418188757,10.299240899414066,,,,10.474506456334476,"rgba(239, 83, 80, 0.75)",0.14722257464970112,10.509801984135597,-0.5080877325612562,40.72379263731702,-6.995843632434941,False,True,False,True,True,0.0,0.0,0.0,0.0,0.0,0,0.9498910675381267,1.010021786492375,False,False,False,False,-0.02676317000517234,-0.015396483832809716,False,False,False,False,-1432452.0,-1092055.0340695193,False,False,False,False,32218.65266018772,False,False,False,False
2025-07-23 16:00:00+00:00,10.435,10.45,10.385,10.415,18289.0,,,,,,,,,,,,,,,,10.583146355724464,10.501934183193052,10.504876172104057,10.497310148179194,10.518745032772747,10.45494737587087,10.447228108813285,10.459470936769964,10.299443184479792,,,,10.47412238865638,"rgba(239, 83, 80, 0.75)",0.1373199066295822,10.509022946149818,-0.6847000442801336,39.46365710132669,-6.995843632434941,False,True,False,True,True,0.0,0.0,0.0,0.0,0.0,0,0.9416289592760184,1.0298642533936655,False,False,False,False,-0.05012512146706273,-0.03276080264993622,False,False,False,False,-1450741.0,-1097616.0567971237,False,False,False,False,32002.689053053025,False,False,False,False
2025-07-23 17:00:00+00:00,10.415,10.44,10.38,10.395,14550.0,,,,,,,,,,,,,,,,10.58181827854736,10.50141555495985,10.504493050485971,10.496980181552406,10.51841034418324,10.454827212865814,10.447133567791113,10.45935559007078,10.299587650244948,,,,10.47378015896683,"rgba(239, 83, 80, 1.0)",0.13157438892056572,10.508357812080824,-0.8615492195009248,38.03938922823642,-7.5257079156393445,False,True,False,True,False,0.0,0.0,0.0,0.0,0.0,0,0.9278538812785393,1.0438356164383564,False,False,False,False,-0.038458535674297495,-0.03560966916211686,False,False,False,False,-1465291.0,-1103316.4435134474,False,False,False,False,31732.1047266491,False,False,False,False
2025-07-23 18:00:00+00:00,10.4,10.4,10.345,10.355,6447.0,,,,,,,,,,,,,,,,10.581109919518108,10.501096863290623,10.504259186003889,10.496774110309872,10.518212761948195,10.4547333347538,10.447053823425644,10.459268702923117,10.299628303632508,,,,10.47357077842286,"rgba(239, 83, 80, 1.0)",0.12831717459988662,10.507982420759324,-1.1922209262816732,35.95858112102404,-9.742608045851192,False,True,False,True,False,0.0,0.0,0.0,0.0,0.0,0,0.9267734553775747,1.0379862700228837,False,False,False,False,-0.05847365642153508,-0.047041662791825964,False,False,False,False,-1471738.0,-1109028.405629518,False,False,False,False,31340.08759910415,False,False,False,False
2025-07-23 19:00:00+00:00,10.355,10.395,10.32,10.39,32505.0,,,,,,,,,,,,,,,,10.57763555667411,10.499532387936712,10.503106192529449,10.49575815532284,10.517235232105184,10.454271941869498,10.446662443610377,10.458840937897453,10.299837602105997,,,,10.472542272227958,"rgba(239, 83, 80, 1.0)",0.12168993977088655,10.5061503428069,-0.9544777738043286,36.54253759026349,-9.742608045851192,False,True,False,True,False,0.0,0.0,0.0,0.0,0.0,1,0.9241662859753316,1.0365463682046598,False,False,False,False,-0.06550558417767911,-0.05627362348475254,False,False,False,False,-1439233.0,-1114147.8567050293,False,False,False,False,31358.14825648238,False,False,False,False
2025-07-24 14:00:00+00:00,10.065,10.095,9.93,9.995,69158.0,,,,,,,,,,,,,,,,10.558465458571098,10.487477682600097,10.494305530384958,10.487663359706051,10.51024729057358,10.449243446868921,10.442056892934657,10.454360241135282,10.297949676237684,,,,10.464641064334703,"rgba(239, 83, 80, 1.0)",0.13206205884881503,10.494329425276417,-3.7810210565326074,30.345104268561567,-15.229343089261583,False,True,False,True,False,0.0,0.0,0.0,0.0,0.0,0,0.9076517150395781,1.0325417766051013,False,False,False,False,-0.2749909806147117,-0.16563230204973212,False,False,False,False,-1508391.0,-1120260.1535003001,False,False,False,False,31944.19246956017,False,False,False,False
2025-07-24 15:00:00+00:00,9.995,10.02,9.945,9.965,31360.0,,,,,,,,,,,,,,,,10.549740643985439,10.481874539382995,10.490177600418932,10.483856908207278,10.5069561846424,10.446848245313763,10.439858387850439,10.452223383177051,10.297014229472737,,,,10.460950013605672,"rgba(239, 83, 80, 1.0)",0.14194425374481215,10.488924817420843,-3.691060424064484,25.957072620743155,-19.14605928427465,False,True,False,True,False,0.0,0.0,0.0,0.0,0.0,0,0.9086517347386915,1.0417215634606942,False,False,False,False,-0.28991667226461326,-0.2277744871571727,False,False,False,False,-1539751.0,-1126763.8875545592,False,False,False,False,31935.13522197009,False,False,False,False
2025-07-24 16:00:00+00:00,9.965,9.965,9.875,9.885,36834.0,,,,,,,,,,,,,,,,10.538638494155759,10.474579136264573,10.484778316824753,10.47886513440618,10.502650591564036,10.443661388726083,10.436925444175479,10.449380661498106,10.295689538231,,,,10.456129856205107,"rgba(239, 83, 80, 1.0)",0.1563381066906082,10.481981367349196,-3.818527548952714,22.37932559629676,-22.260264440280267,False,True,False,True,False,0.0,0.0,0.0,0.0,0.0,0,0.914666666666667,1.0417777777777781,False,False,False,False,-0.3338876727342285,-0.28083107994570056,False,False,False,False,-1576585.0,-1133737.8582901475,False,False,False,False,32011.086613877527,False,False,False,False
2025-07-24 17:00:00+00:00,9.885,9.9,9.87,9.885,18336.0,,,,,,,,,,,,,,,,10.533054557740344,10.470869415570533,10.482020443597166,10.476312055548648,10.500447025453418,10.442020452719277,10.435413538121777,10.447916049540673,10.294993946148224,,,,10.453671942715562,"rgba(239, 83, 80, 1.0)",0.17272829259580877,10.478476442077314,-3.435895956350783,19.994160913332493,-24.32466225768293,False,True,False,True,False,0.0,0.0,0.0,0.0,0.0,0,0.9208633093525183,1.0413669064748203,False,False,False,False,-0.34282825441539394,-0.3118296671805473,False,False,False,False,-1576585.0,-1140603.7054484398,False,False,False,False,31799.069767150744,False,False,False,False
2025-07-24 18:00:00+00:00,9.885,9.89,9.835,9.84,86750.0,,,,,,,,,,,,,,,,10.50671401103814,10.453065610923813,10.468670372536538,10.463926760864366,10.489733327261426,10.433974685802239,10.427987546476785,10.44072472495257,10.291496215550646,,,,10.441810361711838,"rgba(239, 83, 80, 1.0)",0.1894726679283638,10.461846133425542,-3.281983307801688,18.023382662130842,-26.120318962964376,False,True,False,True,False,0.0,0.0,0.0,0.0,0.0,0,0.9194056731202165,1.0324178298063937,False,False,False,False,-0.34282825441539394,-0.3273289607979706,False,False,False,False,-1663335.0,-1148708.0666042778,False,False,False,False,32651.022173861584,False,False,False,False
2025-07-24 19:00:00+00:00,9.845,9.895,9.81,9.815,103418.0,,,,,,,,,,,,,,,9.839999999999998,10.477204265110625,10.432641512108303,10.453108359832175,10.449443815599452,10.477125779175235,10.42442542041366,10.419153949201812,10.43216256599904,10.287257599920643,,9.839999999999998,,10.369252326736094,"rgba(239, 83, 80, 1.0)",0.20569591831344347,10.413453158985497,-2.9094070698746832,16.499315649419373,-27.614153420011952,False,True,False,True,False,0.0,1.0,9.895,9.81,0.0,0,0.9164795689268077,1.031432420296363,True,False,False,False,-0.34282825441539394,-0.3350786076066823,False,False,False,False,-1766753.0,-1158290.1585949091,False,False,False,False,33748.184620778455,True,False,False,False
2025-07-25 14:00:00+00:00,9.955,10.0,9.9,9.99,38505.0,,,,,,,,,,,,,,,9.873461454450652,10.468873166741684,10.426891599157434,10.448635594841676,10.445278557191374,10.473440436691845,10.421681832798992,10.416618459043367,10.42968773894045,10.286129314353413,,9.873461454450652,,10.369069815421089,"rgba(239, 83, 80, 0.75)",0.213943917885038,10.409987549444647,-1.963073096896009,23.00507895822093,-33.31591590163004,False,True,False,True,True,0.0,0.0,0.0,0.0,0.0,0,0.9180327868852463,1.0132919805050955,False,False,False,False,-0.2777567051729922,-0.30641765638983726,False,False,False,False,-1728248.0,-1167126.7142756083,False,False,False,False,33821.9336964253,False,False,False,False
2025-07-25 15:00:00+00:00,9.985,10.065,9.985,10.025,26873.0,,,,,,,,,,,,,,,9.897586998507071,10.46390701757746,10.423484275723556,10.445952650176563,10.442780203935902,10.471206734429991,10.420041345995516,10.415104035220798,10.428202308883755,10.285496063566727,,9.897586998507071,,10.369376163401736,"rgba(239, 83, 80, 0.75)",0.22063803875158047,10.408151981518989,-1.7365635757412838,28.524079369900896,-28.374032651464702,False,True,False,True,True,0.0,0.0,0.0,0.0,0.0,0,0.9232815964523283,1.0146341463414636,False,False,False,False,-0.2292434748386318,-0.2678305656142345,False,False,False,False,-1701375.0,-1175409.6334341262,False,False,False,False,33714.19829027917,False,False,False,False
2025-07-25 16:00:00+00:00,10.025,10.035,9.95,9.98,14046.0,,,,,,,,,,,,,,,9.904558170442238,10.46114209549764,10.421564455370937,10.444442831129145,10.441372572542019,10.469952839641655,10.419110196715792,10.414243163475108,10.42736002285759,10.285119879124368,,9.904558170442238,,10.368886622679648,"rgba(239, 83, 80, 0.75)",0.22826237471758543,10.40679336636919,-1.8697490854427217,31.22487463397258,-26.036747416314928,False,True,False,True,True,0.0,0.0,0.0,0.0,0.0,0,0.9282211324119485,1.013820775746768,False,False,False,False,-0.250123223228038,-0.25897689442113625,False,False,False,False,-1715421.0,-1183781.9026832094,False,False,False,False,33409.26498345314,False,False,False,False
2025-07-25 17:00:00+00:00,9.975,9.995,9.96,9.98,5414.0,,,,,,,,,,,,,,,9.906679849070768,10.460062568091843,10.420812003734788,10.443850830527396,10.440820404825503,10.469461266623227,10.418744052085012,10.413904499838544,10.427028850879443,10.284970256755246,,9.906679849070768,,10.368633458243176,"rgba(239, 83, 80, 0.75)",0.23549449602412628,10.406231302032383,-1.8099416726440838,33.02540481002037,-24.35845179437044,False,True,False,True,True,0.0,0.0,0.0,0.0,0.0,0,0.9204647006255589,1.0183199285075963,False,False,False,False,-0.2598315169744358,-0.259404205697786,False,False,False,False,-1715421.0,-1192024.3693082759,False,False,False,False,32975.22986743061,False,False,False,False
2025-07-25 18:00:00+00:00,9.975,9.985,9.95,9.95,10658.0,,,,,,,,,,,,,,,9.909626094694188,10.457878415199435,10.41928265335238,10.442648233591543,10.439698212647835,10.468463680400799,10.417997824211483,10.413213890342803,10.426354167701062,10.284660149846422,,9.909626094694188,,10.367982332198794,"rgba(239, 83, 80, 0.75)",0.2431792428315863,10.405022578195112,-1.871140698099132,33.50641826447739,-23.7084155358096,False,True,False,True,True,0.0,0.0,0.0,0.0,0.0,0,0.9173369079535301,1.0192135835567475,False,False,False,False,-0.26633032333742723,-0.2628672645176066,False,False,False,False,-1726079.0,-1200304.2860631864,False,False,False,False,32629.226303594474,False,False,False,False
2025-07-25 19:00:00+00:00,9.955,10.005,9.955,10.005,32863.0,,,,,,,,,,,,,,,9.920785769655026,10.451618215414957,10.414901616865173,10.439181115940821,10.43646207751069,10.46557279945602,10.41584572676219,10.411222649196384,10.424404781283311,10.283786332205619,,9.920785769655026,,10.36637810842902,"rgba(239, 83, 80, 0.75)",0.24894393160123518,10.401700631116336,-1.5935340482682685,36.19397198047577,-20.89284924477313,False,True,False,True,True,0.0,0.0,0.0,0.0,0.0,0,0.9158460161145929,1.0219337511190691,False,False,False,False,-0.25821018401359624,-0.26053872426560143,False,False,False,False,-1693216.0,-1207946.328139726,False,False,False,False,32632.85070198836,False,False,False,False
2025-07-28 14:00:00+00:00,10.27,10.41,10.215,10.215,76856.0,,,,,,,,,,,,,,,10.010237542107724,10.44642889835135,10.411768808285666,10.436389916200287,10.43388185669852,10.46299598480355,10.41427286234593,10.409799985611496,10.422917276164029,10.283760399109793,,10.010237542107724,,10.373245352967833,"rgba(239, 83, 80, 0.5)",0.2504945558740186,10.396426838905901,-0.7242745786345409,44.17170045876034,-13.347492717282691,False,False,False,True,True,0.0,0.0,0.0,0.0,0.0,0,0.9239130434782611,1.0030434782608695,False,False,False,False,-0.05087144998242629,-0.15570508712401387,False,False,False,False,-1616360.0,-1214278.3230522885,False,False,False,False,33318.48092366296,False,False,False,False
2025-07-28 15:00:00+00:00,10.215,10.375,10.19,10.375,41537.0,,,,,,,,,,,,,,,10.046190621698033,10.444288828732713,10.41054867060158,10.435234694667043,10.432816945306367,10.461881195948804,10.413645158503735,10.409238044630742,10.422310581629695,10.283869463452424,,10.046190621698033,,10.376002420517114,"rgba(38, 166, 154, 1.0)",0.250566511283084,10.39771176630427,-0.09064166710854528,52.334203090701095,-5.977190670002528,True,False,True,False,True,0.0,0.0,0.0,0.0,0.0,0,0.9220163722533393,1.006893580353296,False,False,False,False,-0.06914448878497158,-0.11242478795449273,False,False,False,False,-1574823.0,-1219868.1630049662,False,False,False,False,33445.89982407128,False,False,False,False
2025-07-28 16:00:00+00:00,10.375,10.4,10.335,10.345,31178.0,,,,,,,,,,,,,,,10.071846843303229,10.443283663944108,10.410082700486813,10.434708262778985,10.432337292539403,10.461314741554503,10.41339592024131,10.409023690122213,10.422052713858646,10.284079628176212,,10.071846843303229,,10.378212545700542,"rgba(38, 166, 154, 1.0)",0.25071470811435076,10.399263727740863,-0.21643615625499055,56.78746757936538,-2.1438052539593144,True,False,True,False,True,0.0,0.0,0.0,0.0,0.0,0,0.9402597402597407,1.0034632034632036,False,False,False,False,-0.01745007559930569,-0.06493743177689922,False,False,False,False,-1606001.0,-1225854.7186172924,False,False,False,False,33410.73858648878,False,False,False,False
2025-07-28 17:00:00+00:00,10.345,10.345,10.265,10.275,27223.0,,,,,,,,,,,,,,,10.086715491309956,10.441755571681673,10.409163808415956,10.433859886412572,10.43155191221934,10.460511241072707,10.41291756513376,10.40859190572874,10.421595267198205,10.28410588731776,,10.086715491309956,,10.379076853649067,"rgba(38, 166, 154, 1.0)",0.2513164797082996,10.399106484688456,-0.49382549378578333,57.52658013589022,-1.518075646231452,True,False,True,False,True,0.0,0.0,0.0,0.0,0.0,0,0.9315721091381554,1.0090948462537896,False,False,False,False,-0.05543605375826645,-0.06018674276758283,False,False,False,False,-1633224.0,-1232170.5214294274,False,False,False,False,33314.80465491531,False,False,False,False
2025-07-28 18:00:00+00:00,10.275,10.275,10.2,10.215,27612.0,,,,,,,,,,,,,,,10.095785931592934,10.439565102667164,10.40772446785606,10.432611947285883,10.430389584594723,10.459387188983404,10.412171022087577,10.407908575531586,10.420898127098104,10.283974246198623,,10.095785931592934,,10.379041619389605,"rgba(38, 166, 154, 1.0)",0.2525836227598409,10.397805886434323,-0.723744019651413,56.26081718076454,-1.518075646231452,True,False,True,False,True,0.0,0.0,0.0,0.0,0.0,0,0.9254766031195844,1.0151646447140381,False,False,False,False,-0.0966446219649778,-0.07841568236628033,False,False,False,False,-1660836.0,-1238816.4978413743,False,False,False,False,33226.38907887011,False,False,False,False
2025-07-28 19:00:00+00:00,10.215,10.28,10.195,10.255,87593.0,,,,,,,,,,,,,,,10.120460829947664,10.433330331149463,10.403639074384953,10.42900631143736,10.427029020879957,10.456095936799423,10.410013011200332,10.40593494783479,10.418871940346252,10.283662972152575,,10.120460829947664,,10.378804437613276,"rgba(38, 166, 154, 1.0)",0.2531358642424357,10.39472078285057,-0.5519596492923426,56.386226262805714,-1.518075646231452,True,False,True,False,True,0.0,0.0,0.0,0.0,0.0,0,0.9286646367986084,1.0152240104393218,False,False,False,False,-0.0966446219649778,-0.08753015216562907,False,False,False,False,-1573243.0,-1244001.4048515854,False,False,False,False,34069.282271445765,False,False,False,False
2025-07-29 14:00:00+00:00,10.33,10.37,10.28,10.29,31767.0,,,,,,,,,,,,,,,10.13148964466597,10.431963380834231,10.402832432141114,10.428212661465777,10.426293033714028,10.455311554702378,10.409566926082151,10.405533950617288,10.418436982462499,10.283745159397375,,10.13148964466597,,10.37933857260828,"rgba(38, 166, 154, 1.0)",0.2535395024040205,10.394720407520035,-0.41303389226173404,57.311890693372874,-0.5924746743903597,True,False,True,False,True,0.0,0.0,0.0,0.0,0.0,0,0.936714347637625,0.9978326831382751,False,False,False,False,-0.04326838715874008,-0.06539926966218457,False,False,False,False,-1541476.0,-1248613.4140786927,False,False,False,False,34033.58797266366,False,False,False,False
2025-07-29 15:00:00+00:00,10.295,10.32,10.195,10.265,31637.0,,,,,,,,,,,,,,,10.138413726057882,10.43003435467183,10.401573027721469,10.427071052455256,10.425227840070832,10.454248659771373,10.408882784301172,10.404909012107218,10.417789344032236,10.283679834408996,,10.138413726057882,,10.379182963559826,"rgba(38, 166, 154, 1.0)",0.25406183187250586,10.39386986734992,-0.5072382041809007,57.04707788518771,-0.2278736151730385,True,False,True,False,True,0.0,0.0,0.0,0.0,0.0,0,0.9279240397065175,1.0038843331894693,False,False,False,False,-0.08440680186366363,-0.07490303576292409,False,False,False,False,-1573113.0,-1253644.415410806,False,False,False,False,33996.43156998671,False,False,False,False
2025-07-29 16:00:00+00:00,10.265,10.305,10.2,10.235,31165.0,,,,,,,,,,,,,,,10.143869746392927,10.428030233262527,10.400239126838823,10.425872977905213,10.424108191814451,10.453141776202228,10.408155132028783,10.404242459690908,10.417103050042098,10.283579798256604,,10.143869746392927,,10.378834249243457,"rgba(38, 166, 154, 1.0)",0.2546287352063623,10.392849812317621,-0.6199214404835076,55.79793848304083,-0.2278736151730385,True,False,True,False,True,0.0,0.0,0.0,0.0,0.0,0,0.9403854773644109,1.0004482294935009,False,False,False,False,-0.08746375115281126,-0.08118339345786768,False,False,False,False,-1604278.0,-1259080.59501684,False,False,False,False,33952.53340611094,False,False,False,False
2025-07-29 17:00:00+00:00,10.235,10.28,10.22,10.275,22958.0,,,,,,,,,,,,,,,10.147967427253576,10.426674858495549,10.399344637522786,10.425057331758461,10.423345974669658,10.45237954914471,10.407661686653235,10.403791107604862,10.416635362253313,10.283529632841931,,10.147967427253576,,10.378638756819809,"rgba(38, 166, 154, 1.0)",0.25500614724969684,10.392222820701232,-0.45968625449036393,56.190006601199215,0.07710074093679253,True,False,True,False,True,0.0,0.0,0.0,0.0,0.0,0,0.9456424079065592,0.9937106918238997,False,False,False,False,-0.0889928339180162,-0.08508811368794195,False,False,False,False,-1581320.0,-1264076.5547840206,False,False,False,False,33782.07552384565,False,False,False,False
2025-07-29 18:00:00+00:00,10.275,10.285,10.255,10.26,19562.0,,,,,,,,,,,,,,,10.151480995866528,10.425593271897565,10.398635832631019,10.424403004285677,10.422734536210152,10.45176245372455,10.407267111282206,10.403430625373094,10.416259888589943,10.283501130383572,,10.151480995866528,,10.37850688502443,"rgba(38, 166, 154, 1.0)",0.2556889121956967,10.391758339572776,-0.5153072084405939,55.8412380906552,0.31757906665190916,True,False,True,False,True,0.0,0.0,0.0,0.0,0.0,0,0.9449954914337245,0.995491433724076,False,False,False,False,-0.07677118326647948,-0.08092964847721071,False,False,False,False,-1600882.0,-1269298.3446323304,False,False,False,False,33561.60923665424,False,False,False,False
2025-07-29 19:00:00+00:00,10.255,10.265,10.195,10.195,59524.0,,,,,,,,,,,,,,,10.157004842753938,10.421416206900638,10.395751764776275,10.421844811122096,10.42033583197183,10.449425903457605,10.405671848885497,10.401961740649979,10.414763426422363,10.283167679143004,,10.157004842753938,,10.377134405608322,"rgba(38, 166, 154, 0.75)",0.2569079303654979,10.38920128712396,-0.7559178373656017,53.11966240809352,0.31757906665190916,True,False,True,False,False,0.0,0.0,0.0,0.0,0.0,0,0.9387938793879392,0.9963996399639966,False,False,False,False,-0.10124105908450132,-0.09108535378085601,False,False,False,False,-1660406.0,-1275362.0292116741,False,False,False,False,33964.12692290767,False,False,False,False
2025-07-30 14:00:00+00:00,10.355,10.385,10.2,10.25,149951.0,,,,,,,,,,,,,,,10.177908545319454,10.414502788727972,10.391203556247154,10.417492807056815,10.416258336237608,10.44521773516456,10.403019694936342,10.39953866686918,10.412213456619055,10.283106156931431,,10.177908545319454,,10.376046174410956,"rgba(38, 166, 154, 0.75)",0.25749919968387597,10.386381695969359,-0.5296393003814784,53.29678612273599,0.31757906665190916,True,False,True,False,False,0.0,0.0,0.0,0.0,0.0,0,0.9386120996441285,0.9870996441281142,False,False,False,False,-0.06304895261382938,-0.0770671531973427,False,False,False,False,-1510455.0,-1279006.8814719582,False,False,False,False,35762.373017126156,False,False,False,False
2025-07-30 15:00:00+00:00,10.255,10.28,10.16,10.165,39927.0,,,,,,,,,,,,,,,10.178950646715013,10.411799352691096,10.389268654824884,10.415764060413613,10.414630090823563,10.443633081524068,10.401909210148697,10.398511385422044,10.411170815607678,10.282831128587912,,10.178950646715013,,10.374846842675858,#000000,0.2588633853063252,10.384574058304324,-0.8482236993250024,50.45259617496387,0.31757906665190916,True,False,False,False,False,0.0,0.0,0.0,0.0,0.0,1,0.9351975144252113,0.9995561473590772,False,False,False,False,-0.10737631466847637,-0.09222173393290953,False,False,False,False,-1550382.0,-1283214.2476506876,False,False,False,False,35826.94087732575,False,False,False,False
2025-07-30 16:00:00+00:00,10.165,10.19,10.08,10.09,44440.0,,,,,,,,,,,,,,,10.17620659357618,10.407731497006464,10.386243473328536,10.41315054311429,10.412162693241632,10.441306218518589,10.400189270063706,10.39691126343622,10.409574737206958,10.28222137011751,,10.17620659357618,,10.372569765961007,"rgba(239, 83, 80, 0.5)",0.26122214494373874,10.381423135051667,-1.1156142030547735,46.44948228240396,1.196396228299058,True,False,False,True,False,0.0,0.0,0.0,0.0,0.0,0,0.9235924932975874,1.019660411081323,False,False,False,False,-0.15990073878933664,-0.1260612363611231,False,False,False,False,-1594822.0,-1288045.3755940879,False,False,False,False,35960.47667767729,False,False,False,False
2025-07-30 17:00:00+00:00,10.095,10.14,10.09,10.105,35393.0,,,,,,,,,,,,,,,10.173899491633843,10.404480503262901,10.383808444106677,10.41104365380948,10.4101717581378,10.439429406338158,10.398794116243318,10.39561202685162,10.408279825618557,10.281714222803593,,10.173899491633843,,10.370723344880597,"rgba(239, 83, 80, 0.5)",0.262567228628304,10.378907023150118,-1.0431881563478227,44.41257756676001,-0.7558480675971211,True,False,False,True,False,0.0,0.0,0.0,0.0,0.0,0,0.9248994188645511,1.0120697362539117,False,False,False,False,-0.1723769438153053,-0.1492190900882142,False,False,False,False,-1559429.0,-1292252.8736468926,False,False,False,False,35951.67858965128,False,False,False,False
2025-07-30 18:00:00+00:00,10.105,10.12,10.06,10.06,29114.0,,,,,,,,,,,,,,,10.171217238643374,10.401575830484086,10.381608214548113,10.409151493365624,10.408382049718107,10.437753883481411,10.397531088170094,10.394433919933975,10.407110228003406,10.281222035429971,,10.171217238643374,,10.368998598177816,"rgba(239, 83, 80, 0.5)",0.26460577509989197,10.376600855931223,-1.1965001739349845,41.788779049130824,-3.2563470394505316,False,False,False,True,False,0.0,0.0,0.0,0.0,0.0,0,0.9220430107526886,1.0165770609319,False,False,False,False,-0.18804775040167784,-0.16863342024494604,False,False,False,False,-1588543.0,-1296846.5190167082,False,False,False,False,35845.66806888149,False,False,False,False
2025-07-30 19:00:00+00:00,10.065,10.13,10.035,10.1,100600.0,,,,,,,,,,,,,,10.088333333333333,10.163771251297092,10.392177397114557,10.37444834833938,10.402938026419331,10.40249774108523,10.4322147533828,10.393355380939568,10.390536065189815,10.403233535781352,10.279609346660838,,10.163771251297092,,10.338465016322118,"rgba(239, 83, 80, 0.5)",0.26582375791164453,10.354195038129633,-0.9562540238187593,41.85962408446588,-3.297700747742219,False,False,False,True,False,0.0,0.0,0.0,0.0,0.0,0,0.9148841354723711,1.0164884135472374,False,False,False,False,-0.19276650807248627,-0.18069996415871614,False,False,False,False,-1487943.0,-1299809.255155984,False,False,False,False,36849.611199596504,False,False,False,False
2025-07-31 14:00:00+00:00,10.77,11.065,10.73,11.015,149096.0,,,,,,,,,,,,,,10.594881722841643,10.254585899183816,10.415358665313542,10.394080450603818,10.417830715467284,10.416667104627194,10.443794405459894,10.404016523948727,10.400652003468144,10.41267772373124,10.287651395347876,,10.254585899183816,,10.403836055453924,"rgba(38, 166, 154, 1.0)",0.27506264642706013,10.404663891443484,2.2188985545093383,55.22498634444962,-0.6887108467078704,True,False,True,False,True,14.147905507259342,0.0,0.0,0.0,0.0,0,0.9251028806584365,0.9868312757201648,False,False,False,False,0.31414895669437043,0.06672449626782714,False,False,False,False,-1338847.0,-1300414.491510155,False,False,False,False,38589.86528952524,False,False,False,False
2025-07-31 15:00:00+00:00,11.015,11.085,10.905,11.015,39557.0,,,,,,,,,,,,,,10.650511887517156,10.277171317019587,10.421907333266885,10.399657726285293,10.42212111312654,10.420755368333667,10.447171404459935,10.407111835087093,10.403591162118664,10.415431406627349,10.289962503669532,,10.277171317019587,,10.414126641591972,"rgba(38, 166, 154, 1.0)",0.28411728323111424,10.414205339504269,2.114600891797973,64.13522785110544,6.8816003019747,True,False,True,False,True,14.147905507259342,0.0,0.0,0.0,0.0,0,0.9417752442996745,0.9849348534201955,False,False,False,False,0.34282818958760086,0.20477634292771402,False,False,False,False,-1338847.0,-1301010.3443549587,False,False,False,False,38604.859626121746,False,False,False,False
2025-07-31 16:00:00+00:00,11.015,11.095,10.95,11.015,63446.0,,,,,,,,,,,,,,10.716978032259803,10.311524449193694,10.432433376911469,10.4086584823045,10.429085965524306,10.427397806415936,10.452679551200742,10.412161082888257,10.40838843639052,10.419931160505843,10.293732926491769,,10.311524449193694,,10.428451933644258,"rgba(38, 166, 154, 1.0)",0.2926600894005306,10.458886222116517,1.9002036766359145,70.07538885554266,11.66033487883054,True,False,True,False,True,14.147905507259342,0.0,0.0,0.0,0.0,0,0.9584362139917697,0.9831275720164611,False,False,False,False,0.342828191111331,0.2738022670195225,False,False,False,False,-1338847.0,-1301596.9591711608,False,False,False,False,38989.99358540668,False,False,False,False
2025-07-31 17:00:00+00:00,11.015,11.055,10.94,10.97,55501.0,,,,,,,,,,,,,,10.753872913604443,10.337840269186096,10.440861961779566,10.415923740891191,10.4347274829265,10.432784744363195,10.4571476598629,10.416283725647524,10.412310027493053,10.423608019661268,10.296856982284403,,10.337840269186096,,10.438383411609102,"rgba(38, 166, 154, 1.0)",0.2994908291697018,10.468196616712946,1.6755217002077725,72.77832854145632,13.686269841569242,True,False,True,False,True,12.98806259443737,0.0,0.0,0.0,0.0,0,0.9664318276004975,0.9834231247409865,False,False,False,False,0.32708309802545166,0.30044268252248707,False,False,False,False,-1394348.0,-1303034.959804166,False,False,False,False,39245.978180981765,False,False,False,False
2025-07-31 18:00:00+00:00,10.965,11.07,10.95,11.03,59548.0,,,,,,,,,,,,,,10.787328625670234,10.365025062285834,10.450079002588126,10.423894882272803,10.440958525603596,10.438739561928395,10.462110739836938,10.420857731843306,10.41666309880305,10.427695742969657,10.300313805099005,,10.365025062285834,,10.44851516171827,"rgba(38, 166, 154, 1.0)",0.3076582578179927,10.478868198735084,1.7913765915913076,75.0498439735334,15.661033055602118,True,False,True,False,True,14.066650977592971,0.0,0.0,0.0,0.0,0,0.9719008264462812,0.9681818181818184,False,False,False,False,0.3349356288985733,0.3176891557105302,False,False,False,False,-1334800.0,-1303527.4410475122,False,False,False,False,39560.7382091836,False,False,False,False
2025-07-31 19:00:00+00:00,11.035,11.085,10.91,10.93,79061.0,,,,,,,,,,,,,,10.814463304371362,10.395819775103346,10.461002764054605,10.433435514326334,10.448444059231573,10.445903851891577,10.46808068568247,10.42640672270241,10.421951939443607,10.432658826096425,10.30458841090053,,10.395819775103346,,10.459341441254931,"rgba(38, 166, 154, 1.0)",0.3116707809142118,10.490001062018155,1.411742662213033,73.69896355256692,15.661033055602118,True,False,True,False,True,11.507723396445375,0.0,0.0,0.0,0.0,0,0.9658436213991771,0.9732510288065845,False,False,False,False,0.3270830980254527,0.32238612686799145,False,False,False,False,-1413861.0,-1305238.038860729,False,False,False,False,40173.14536873114,False,False,False,False
2025-08-01 14:00:00+00:00,10.8,10.8,10.6,10.665,55698.0,,,,,,,,,,,,,,10.802803378218012,10.405866151863773,10.464287440136744,10.436506808898983,10.450789737281394,10.448164285367914,10.46987210991898,10.428241556161902,10.42371780151688,10.434281838264218,10.30629362943458,,10.405866151863773,,10.46098406700576,"rgba(38, 166, 154, 0.75)",0.3105456836306384,10.489847240544789,0.5640160810077024,67.03462578628465,15.661033055602118,True,False,True,False,False,5.271468218128785,0.0,0.0,0.0,0.0,0,0.9417202572347269,0.9867363344051449,False,False,False,False,0.14917362989641902,0.23577987838220524,False,False,False,False,-1469559.0,-1307785.650661338,False,False,False,False,40413.84078937097,False,False,False,False
2025-08-01 15:00:00+00:00,10.665,10.68,10.55,10.625,24479.0,,,,,,,,,,,,,,10.795601236178586,10.409025539626617,10.465259492720262,10.437464604659102,10.451506667876318,10.448858773588256,10.470400913928486,10.428825000474365,10.424283156216712,10.43479389468796,10.30690184005847,,10.409025539626617,,10.461174647274104,"rgba(38, 166, 154, 0.75)",0.31067346201437757,10.489275245301545,0.4368727017056043,61.88076070797942,21.777773328742697,True,False,True,False,False,4.389967519993853,0.0,0.0,0.0,0.0,0,0.9380990415335465,0.9972044728434507,False,False,False,False,0.10046481240295171,0.16812234539257848,False,False,False,False,-1494038.0,-1310673.2839844178,False,False,False,False,40166.78899418692,False,False,False,False
2025-08-01 16:00:00+00:00,10.625,10.645,10.54,10.565,15083.0,,,,,,,,,,,,,,10.790614798928672,10.410608102292027,10.465716793657062,10.437936520567803,10.451853327335826,10.44919608246829,10.470648224278655,10.429116650149291,10.424567337231473,10.435048091709183,10.30723343237163,,10.410608102292027,,10.461139941908174,"rgba(38, 166, 154, 0.75)",0.30988181414651883,10.48877273185756,0.2459881950555423,57.36509557458709,17.508635242602566,True,False,True,False,False,3.077607075475722,0.0,0.0,0.0,0.0,0,0.9378757515030061,1.0072144288577158,False,False,False,False,0.08765970602905673,0.12789102571081762,False,False,False,False,-1509121.0,-1313749.9927598531,False,False,False,False,39777.89304078867,False,False,False,False
2025-08-01 17:00:00+00:00,10.565,10.605,10.545,10.555,6086.0,,,,,,,,,,,,,,10.788527636136418,10.411183809142829,10.465876908581647,10.438106519835724,10.45197678976498,10.449316541702844,10.470734465055273,10.429222603436788,10.424670910649015,10.435140063612918,10.307359748179294,,10.411183809142829,,10.461101454190702,"rgba(38, 166, 154, 0.75)",0.30988181414651883,10.488548356914745,0.21444189381773565,54.167122558236954,14.38249525140823,True,False,True,False,False,2.858721345684536,0.0,0.0,0.0,0.0,0,0.9339735894357745,1.0060024009603843,False,False,False,False,0.07772017821524814,0.10280560196303287,False,False,False,False,-1515207.0,-1316873.3572131887,False,False,False,False,39255.538109923735,False,False,False,False
2025-08-01 18:00:00+00:00,10.555,10.585,10.54,10.56,12719.0,,,,,,,,,,,,,,10.784161532052,10.412323030103188,10.466188252699286,10.438442255783816,10.452219232980418,10.449553444603445,10.47090192944342,10.429432926285696,10.42487686305705,10.435322264353143,10.3076166051285,,10.412323030103188,,10.461003485135452,#000000,0.3096794041155017,10.48807652929998,0.23225138560779363,52.14838521493432,12.202989870808722,True,False,False,False,False,2.961759478420543,0.0,0.0,0.0,0.0,0,0.9358460304731355,1.0076182838813152,False,False,False,False,0.07063000059517491,0.08671780127910389,False,False,False,False,-1502488.0,-1319751.103612984,False,False,False,False,38844.11891442104,False,False,False,False
2025-08-01 19:00:00+00:00,10.555,10.64,10.535,10.635,41116.0,,,,,,,,,,,,,,10.773570309643537,10.416885870781927,10.467614255500116,10.439877997834698,10.453291281326772,10.450594572233184,10.471685676251942,10.430321081172035,10.42573992999639,10.436100743697317,10.308578995434797,,10.416885870781927,,10.461296428533883,#000000,0.31028739947066686,10.496196008692257,0.4473400838852455,52.51334545534648,12.099370405157124,True,False,False,False,False,4.502928962299077,0.0,0.0,0.0,0.0,0,0.9320079522862825,1.0015904572564616,False,False,False,False,0.08481816294055858,0.08576798210983123,False,False,False,False,-1461372.0,-1321946.7764251858,False,False,False,False,38879.34187698815,False,False,False,False
2025-08-04 14:00:00+00:00,10.73,10.965,10.725,10.955,137406.0,,,,,,,,,,,,,,10.791265280828913,10.451246855625083,10.481518760507,10.452369987970554,10.463212212038767,10.460132028006553,10.479636969610057,10.437895375096401,10.43299161520122,10.442895010599775,10.314744851130463,,10.451246855625083,,10.473446267874072,"rgba(38, 166, 154, 1.0)",0.3162398308730728,10.520383831871005,1.3743245654069252,57.77407817538757,12.099370405157124,True,False,True,False,True,10.50974127938142,0.0,0.0,0.0,0.0,0,0.9414955443626504,0.9825648973266178,False,False,False,False,0.23405405446197583,0.15991101828590354,False,False,False,False,-1323966.0,-1321978.0822170435,False,False,False,False,40406.886964166624,False,False,False,False
2025-08-04 15:00:00+00:00,10.955,10.96,10.885,10.935,34022.0,,,,,,,,,,,,,,10.796539532045367,10.459793013996736,10.48518957578014,10.455667537347411,10.465854656336855,10.462673866848412,10.481773376918792,10.439917891095913,10.434928180853609,10.444714663557791,10.316370650567459,,10.459793013996736,,10.4766748132135,"rgba(38, 166, 154, 1.0)",0.3215365278451858,10.524903456581848,1.2754275421410495,60.77733741760376,12.099370405157124,True,False,True,False,True,10.047584938199137,0.0,0.0,0.0,0.0,0,0.9541602465331281,0.9830508474576272,False,False,False,False,0.28073985187563505,0.2203254350807693,False,False,False,False,-1357988.0,-1322536.375516004,False,False,False,False,40307.89646859815,False,False,False,False
2025-08-04 16:00:00+00:00,10.935,10.955,10.89,10.935,32945.0,,,,,,,,,,,,,,10.801269467457667,10.467780828811316,10.48868694808749,10.458817293604252,10.46838489237969,10.465108983519809,10.483822782914533,10.441860494246365,10.436789017889028,10.446463715248901,10.317936771645673,,10.467780828811316,,10.479720108709522,"rgba(38, 166, 154, 1.0)",0.32665513401227286,10.528948756091895,1.2430578969343553,62.779510245747886,3.8116299058572594,True,False,True,False,True,10.047584938199137,0.0,0.0,0.0,0.0,0,0.9547719432732851,0.9835185894978921,False,False,False,False,0.28073985187563505,0.25053264347820214,False,False,False,False,-1357988.0,-1323086.013104903,False,False,False,False,40193.74303497647,False,False,False,False
2025-08-04 17:00:00+00:00,10.935,10.985,10.925,10.975,32274.0,,,,,,,,,,,,,,10.806784548588361,10.475922240762962,10.492329301716369,10.46209011399743,10.471024052841416,10.467648870602375,10.48596945660748,10.443884861432975,10.438727619171653,10.448288868016265,10.319550986568157,,10.475922240762962,,10.482929174573222,"rgba(38, 166, 154, 1.0)",0.3321774598988685,10.53326051962718,1.3298297858840473,64.70172373051045,6.081723211296705,True,False,True,False,True,10.770497425755433,0.0,0.0,0.0,0.0,0,0.9576497520030526,0.981304845478825,False,False,False,False,0.3006671460819092,0.27559989478005564,False,False,False,False,-1325714.0,-1323126.7570877727,False,False,False,False,40070.95632125591,False,False,False,False
2025-08-04 18:00:00+00:00,10.975,10.98,10.92,10.95,19082.0,,,,,,,,,,,,,,10.809638034051046,10.48049819341374,10.494403693964196,10.463960481458633,10.472534424711535,10.469103216373847,10.487198721982722,10.445047566121174,10.439841673813097,10.449337533588498,10.320484316793628,,10.48049819341374,,10.484731623297465,"rgba(38, 166, 154, 1.0)",0.3367882886196475,10.535584272494345,1.2304932846809145,65.16149157812069,7.0629573801476795,True,False,True,False,True,10.165977666010331,0.0,0.0,0.0,0.0,0,0.9574629699962023,0.9817698442840868,False,False,False,False,0.29758664347041075,0.2865932691252332,False,False,False,False,-1344796.0,-1323462.7143422258,False,False,False,False,39745.546145732565,False,False,False,False
2025-08-04 19:00:00+00:00,10.955,10.995,10.92,10.995,85597.0,,,,,,,,,,,,,,10.822794645470148,10.500812994235236,10.5038806647801,10.472515123769913,10.47947295979702,10.475787467826143,10.492868574410059,10.450402105668564,10.444973477741682,10.454173922528685,10.324769161919775,,10.500812994235236,,10.492950099831575,"rgba(38, 166, 154, 1.0)",0.34219683761787667,10.54604284099169,1.3119851198322554,66.2354942562579,8.687239603984153,True,False,True,False,True,10.994560413591625,0.0,0.0,0.0,0.0,0,0.9577039274924474,0.9807401812688824,False,False,False,False,0.30220947418357436,0.2944013716544038,False,False,False,False,-1259199.0,-1322466.3776857571,False,False,False,False,40456.4213992871,False,False,False,False
2025-08-05 14:00:00+00:00,11.035,11.15,10.985,11.13,67362.0,,,,,,,,,,,,,,10.838899418493328,10.51939447399211,10.512904253757013,10.480600248618666,10.486083513892742,10.482153407453435,10.49832138709009,10.455482065295643,10.449837315620103,10.458776028814624,10.328712814096725,,10.51939447399211,,10.501014993374953,"rgba(38, 166, 154, 1.0)",0.35043927389019147,10.556812600864832,1.6356254616449581,68.9158997846221,11.753713674850417,True,False,True,False,True,13.404344758198459,0.0,0.0,0.0,0.0,0,0.9630734800447596,0.9694143976128311,False,False,False,False,0.34282819345592563,0.31861478255516473,False,False,False,False,-1191837.0,-1320441.1160162103,False,False,False,False,40873.56215278653,False,False,False,False
2025-08-05 15:00:00+00:00,11.125,11.525,11.105,11.225,108024.0,,,,,,,,,,,,,,10.878441135185906,10.556350182491212,10.53155879647502,10.497187048379454,10.49975546070802,10.495314243805078,10.509706463757803,10.465941461689393,10.459841183746235,10.468280682823046,10.336568144850043,,10.556350182491212,,10.518085891264656,"rgba(38, 166, 154, 1.0)",0.3609849513970566,10.618974032072776,1.6788122761955249,71.80541368070477,14.887847492917004,True,False,True,False,True,15.025743849477596,0.0,0.0,0.0,0.0,0,0.9728752260397833,0.9432188065099458,False,False,False,False,0.34282820377214257,0.3307214931636536,False,False,False,False,-1083813.0,-1316772.4630547187,False,False,False,False,41914.65421243325,False,False,False,False
2025-08-05 16:00:00+00:00,11.225,11.255,11.13,11.16,42104.0,,,,,,,,,,,,,,10.888567203571895,10.567897592272583,10.537623803693197,10.502644348340874,10.504273736528546,10.499671721558252,10.513475604725077,10.469441728264682,10.463195540869881,10.471465051031798,10.339265252799658,,10.567897592272583,,10.523411053059677,"rgba(38, 166, 154, 1.0)",0.3692431997214585,10.624091483399418,1.451370037430205,71.40254093471586,14.887847492917004,True,False,True,False,True,13.401088907249452,0.0,0.0,0.0,0.0,0,0.9746284885828201,0.9691917361362814,False,False,False,False,0.28195975576543664,0.30634062446454513,False,False,False,False,-1125917.0,-1313813.4636275137,False,False,False,False,41917.58980603894,False,False,False,False
2025-08-05 17:00:00+00:00,11.155,11.165,11.075,11.075,21590.0,,,,,,,,,,,,,,10.892210995407554,10.57293582246051,10.540325108930013,10.505096953612972,10.506307862065631,10.501635971313124,10.515172103001479,10.471031562085887,10.464721263025956,10.472911841526427,10.340516342584705,,10.57293582246051,,10.525715075092204,"rgba(38, 166, 154, 0.75)",0.3724204008307754,10.625828414491401,1.2060874874378795,68.38074458143402,14.887847492917004,True,False,True,False,False,11.322362988385837,0.0,0.0,0.0,0.0,0,0.9674267100977201,0.9775606225117628,False,False,False,False,0.2468973968814288,0.276619010672987,False,False,False,False,-1147507.0,-1311235.068842591,False,False,False,False,41602.43337493756,False,False,False,False
2025-08-05 18:00:00+00:00,11.075,11.1,11.07,11.085,19478.0,,,,,,,,,,,,,,10.89509540989886,10.577232939179098,10.54265464902608,10.507219364035764,10.508070307754245,10.503338786711517,10.516642700840631,10.472414030193502,10.466048721384356,10.474170323262072,10.341612107336642,,10.577232939179098,,10.527681758147525,"rgba(38, 166, 154, 0.75)",0.3769962840641785,10.62730247859491,1.2140637474484346,66.55765175777444,14.887847492917004,True,False,True,False,False,11.501612224610355,0.0,0.0,0.0,0.0,0,0.9690796653328485,0.9821753364859951,False,False,False,False,0.23018626120240848,0.25340263593769774,False,False,False,False,-1128029.0,-1308394.6646744888,False,False,False,False,41259.41890400829,False,False,False,False
2025-08-05 19:00:00+00:00,11.085,11.16,11.085,11.125,109891.0,,,,,,,,,,,,,,10.91286132252889,10.601919091718466,10.55633608092477,10.51968391197132,10.518463473870588,10.513383551391632,10.525349478195022,10.480579320606408,10.473890109787915,10.48161414101088,10.348049950566878,,10.601919091718466,,10.539284584779342,"rgba(38, 166, 154, 0.75)",0.3834202173374061,10.638933273669966,1.267712823558022,66.13611698740345,14.887847492917004,True,False,True,False,False,12.222895022110286,0.0,0.0,0.0,0.0,0,0.9708242159008026,0.977753464624362,False,False,False,False,0.24809613248772766,0.2507493842127127,False,False,False,False,-1018138.0,-1303894.5613462022,False,False,False,False,42323.47442487638,False,False,False,False
2025-08-06 14:00:00+00:00,11.105,11.255,11.09,11.185,104812.0,,,,,,,,,,,,,,10.931093147045397,10.625675167367236,10.569969860256299,10.532120981563812,10.528899966082859,10.523477011665301,10.534144304760499,10.48880916915442,10.48179674850593,10.489133563076166,10.35450787679246,,10.625675167367236,,10.550875254206398,"rgba(38, 166, 154, 0.75)",0.39062202647516997,10.65231018358,1.3636963107963957,66.98614917334828,14.887847492917004,True,False,True,False,False,13.295706577426312,0.0,0.0,0.0,0.0,0,0.970246734397678,0.9709724238026126,False,False,False,False,0.27222315125672397,0.26148626773471834,False,False,False,False,-913326.0,-1297839.2348137028,False,False,False,False,43292.288774878296,False,False,False,False
2025-08-06 15:00:00+00:00,11.185,11.205,11.145,11.185,39305.0,,,,,,,,,,,,,,10.937338977720247,10.634110670048806,10.574942972099207,10.536676144867073,10.532738728669612,10.527192814398742,10.537389876780331,10.491852807996953,10.484723102843517,10.4919183398648,10.356908610286158,,10.634110670048806,,10.555072095052312,"rgba(38, 166, 154, 0.75)",0.39793009481611386,10.657107237268553,1.32659673045184,67.5528372973115,14.887847492917004,True,False,True,False,False,13.295706577426312,0.0,0.0,0.0,0.0,0,0.9713456655785275,0.9746100834240118,False,False,False,False,0.27343744041451473,0.26746185407461653,False,False,False,False,-913326.0,-1291877.789312715,False,False,False,False,43230.47034426002,False,False,False,False
2025-08-06 16:00:00+00:00,11.185,11.235,11.155,11.16,21246.0,,,,,,,,,,,,,,10.940652847031652,10.638604987324474,10.577619439806236,10.539130743788096,10.534810830439238,10.529199146625686,10.539144244661426,10.49349876300131,10.486306034422848,10.493425175641727,10.358208354387221,,10.638604987324474,,10.557327324284538,"rgba(38, 166, 154, 0.75)",0.4046461918028411,10.659690074261334,1.236413281216386,66.80809875695103,14.887847492917004,True,False,True,False,False,12.645890691147024,0.0,0.0,0.0,0.0,0,0.9685999261174733,0.9815293683043962,False,False,False,False,0.2831804666879531,0.27532116038128485,False,False,False,False,-934572.0,-1286338.1646722078,False,False,False,False,42889.625842798625,False,False,False,False
2025-08-06 17:00:00+00:00,11.155,11.165,11.105,11.145,18187.0,,,,,,,,,,,,,,10.942906455255963,10.642081161973469,10.579723084899477,10.541071429165033,10.536451781187102,10.530789404542494,10.54053408661675,10.494810015061043,10.487568255218854,10.49462605516434,10.359257216347332,,10.642081161973469,,10.559074449584715,"rgba(38, 166, 154, 0.75)",0.41043613366737225,10.661552270760104,1.1778878358494949,65.61413014218311,14.887847492917004,True,False,True,False,False,12.252743655798785,0.0,0.0,0.0,0.0,0,0.9637975618766164,0.9837458441078686,False,False,False,False,0.2541003791651539,0.2647107697732194,False,False,False,False,-952759.0,-1281166.3946772898,False,False,False,False,42506.63939562345,False,False,False,False
2025-08-06 18:00:00+00:00,11.145,11.165,11.095,11.115,11377.0,,,,,,,,,,,,,,10.944195861227085,10.644173456069383,10.580999808534468,10.542252100067715,10.53745112003967,10.531758246621946,10.541380919463114,10.495610630508901,10.488339237378332,10.495359488968425,10.359900701670616,,10.644173456069383,,10.560129233686332,"rgba(38, 166, 154, 0.75)",0.4158650812051514,10.662650513055459,1.0877313517972236,63.401228813628116,17.595204463348296,True,False,True,False,False,11.461247402955596,0.0,0.0,0.0,0.0,0,0.9645625692137322,0.9822812846068661,False,False,False,False,0.25169655043651457,0.25820366010486695,False,False,False,False,-964136.0,-1276251.1947598124,False,False,False,False,42024.00932747425,False,False,False,False
2025-08-06 19:00:00+00:00,11.115,11.18,11.11,11.175,56906.0,,,,,,,,,,,,,,10.9514067501083,10.655008764435722,10.587644356896652,10.548387051275034,10.542651792171633,10.536799888371636,10.545795928588973,10.499774275661352,10.492348147856182,10.499176120167828,10.363228720530948,,10.655008764435722,,10.565656526914934,"rgba(38, 166, 154, 0.75)",0.4225587223971071,10.668694865230762,1.1981888147925375,63.72275573500273,17.595204463348296,True,False,True,False,False,12.6161513225695,0.0,0.0,0.0,0.0,0,0.9642857142857144,0.9808541973490427,False,False,False,False,0.2589167049871695,0.2585601825460182,False,False,False,False,-907230.0,-1270529.9359263268,False,False,False,False,42254.73786503279,False,False,False,False
2025-08-07 14:00:00+00:00,11.295,11.405,11.265,11.365,48670.0,,,,,,,,,,,,,,10.962594358281919,10.667303142884826,10.59506904131152,10.555150634554815,10.548389487150814,10.542353087764937,10.550683908333415,10.504314409531075,10.496710980915472,10.503341094090755,10.36673080063341,,10.667303142884826,,10.57205826776845,"rgba(38, 166, 154, 1.0)",0.4335174591494431,10.676995255926446,1.587028917874294,67.7243490999699,13.667687555694535,True,False,True,False,True,16.076892259298067,0.0,0.0,0.0,0.0,0,0.9694989106753815,0.9709513435003633,False,False,False,False,0.34282820445535667,0.30069419350068743,False,False,False,False,-858560.0,-1264142.8051367712,False,False,False,False,42354.19929348189,False,False,False,False
2025-08-07 15:00:00+00:00,11.37,11.475,11.335,11.345,35160.0,,,,,,,,,,,,,,10.971093582491907,10.676424027153976,10.600624115788772,10.560209587090231,10.5526892804483,10.54651513599856,10.554353985667442,10.507718666702726,10.499982400752323,10.506466297512624,10.3693480684878,,10.676424027153976,,10.576856831644967,"rgba(38, 166, 154, 1.0)",0.4434789979487457,10.683255732233276,1.4921659668835205,69.4736546563297,15.344324279292962,True,False,True,False,True,15.537412292231465,0.0,0.0,0.0,0.0,0,0.9783158655583667,0.9649439826526925,False,False,False,False,0.34282820670798286,0.3217612001043352,False,False,False,False,-893720.0,-1258399.8159098444,False,False,False,False,42242.661319939536,False,False,False,False
2025-08-07 16:00:00+00:00,11.345,11.445,11.345,11.425,44868.0,,,,,,,,,,,,,,10.981955913904102,10.688051140964582,10.60777842390118,10.566730864264647,10.55824283428263,10.551892298761516,10.559102417678412,10.51212300781565,10.50421581325096,10.51051242766042,10.372733897909884,,10.688051140964582,,10.583030821853999,"rgba(38, 166, 154, 1.0)",0.4548795306313415,10.691269298767047,1.613022024127105,71.90739282402266,17.65335379233082,True,False,True,False,True,16.94109792148439,0.0,0.0,0.0,0.0,0,0.9762076423936557,0.9693583273251624,False,False,False,False,0.33806492864831345,0.3299130643763243,False,False,False,False,-848852.0,-1252050.2373686065,False,False,False,False,42283.364245211786,False,False,False,False
2025-08-07 17:00:00+00:00,11.42,11.46,11.39,11.425,32997.0,,,,,,,,,,,,,,10.989965107884963,10.696599933954577,10.613089159545376,10.571575781821855,10.562376468865764,10.555895709772376,10.56264260619886,10.51540651070732,10.507372545212071,10.513530885951104,10.3752577950937,,10.696599933954577,,10.587610227727996,"rgba(38, 166, 154, 1.0)",0.46526365672624026,10.697187462292316,1.5643012884970025,73.52988493581798,19.20394471523501,True,False,True,False,True,16.94109792148439,0.0,0.0,0.0,0.0,0,0.9780654440848617,0.9676375404530745,False,False,False,False,0.34282820731475433,0.3363706358455393,False,False,False,False,-848852.0,-1245799.1019055273,False,False,False,False,42139.38960575114,False,False,False,False
2025-08-07 18:00:00+00:00,11.425,11.46,11.41,11.46,27832.0,,,,,,,,,,,,,,10.996774224620573,10.703835529743063,10.617615181438643,10.575706881171111,10.56590598981935,10.55931466768288,10.5656692280163,10.5182131928829,10.510071237956046,10.516112317400673,10.377414249476422,,10.703835529743063,,10.59151206365527,"rgba(38, 166, 154, 1.0)",0.47642247887602973,10.702220337148649,1.5905623610353075,75.17106130634312,20.80802429664064,True,False,True,False,True,17.55879492866179,0.0,0.0,0.0,0.0,0,0.9780812073302193,0.9694574200503054,False,False,False,False,0.3428282076123888,0.33959942172896407,False,False,False,False,-821020.0,-1239213.379395364,False,False,False,False,41917.569611863524,False,False,False,False
2025-08-07 19:00:00+00:00,11.46,11.51,11.45,11.505,110245.0,,,,,,,,,,,,,,11.024375712847467,10.732832855671457,10.636019711358102,10.592522038739913,10.58031617826653,10.573278908473245,10.578060638287505,10.529698619870235,10.521117960936843,10.52668778125056,10.386228304895738,,10.732832855671457,,10.607376246417964,"rgba(38, 166, 154, 1.0)",0.4879086460054276,10.76813480577253,1.5102523807689898,76.94492785892612,22.55528372931694,True,False,True,False,True,18.34952566871745,0.0,0.0,0.0,0.0,0,0.9792114695340502,0.9666666666666668,False,False,False,False,0.34282820890648097,0.34121381531772255,False,False,False,False,-710775.0,-1231020.536303963,False,False,False,False,42976.909617881145,False,False,False,False
2025-08-08 14:00:00+00:00,11.39,11.455,11.35,11.38,16434.0,,,,,,,,,,,,,,11.027452198971885,10.736461395029972,10.638403653723294,10.594720071668156,10.582208961061696,10.575115995302859,10.579692873453213,10.531223050322502,10.522586498285087,10.528093476160867,10.387419978385509,,10.736461395029972,,10.609398013851367,"rgba(38, 166, 154, 0.75)",0.4960910262303777,10.769884269509054,1.2298463351111237,72.00327701241955,26.728529018235292,True,False,True,False,False,14.843903424621907,0.0,0.0,0.0,0.0,0,0.9687610933617323,0.9669861554845581,False,False,False,False,0.3079504407896771,0.3245821280536998,False,False,False,False,-727209.0,-1223209.504733359,False,False,False,False,42565.391639309346,False,False,False,False
2025-08-08 15:00:00+00:00,11.385,11.45,11.385,11.43,13543.0,,,,,,,,,,,,,,11.030130531713747,10.73954174261257,10.640425842890906,10.59658246302962,10.583813134748072,10.576672786648452,10.58107691330766,10.532513937185566,10.523829870558844,10.529283999413416,10.388425838401417,,10.73954174261257,,10.611117914591842,"rgba(38, 166, 154, 0.75)",0.5048498840303012,10.771647533611093,1.3040558930769062,69.88497237641724,24.84783380637279,True,False,True,False,False,15.75205884500727,0.0,0.0,0.0,0.0,0,0.9719758779709118,0.9687832564739272,False,False,False,False,0.3146421671025869,0.3196121475781434,False,False,False,False,-713666.0,-1215309.6054351672,False,False,False,False,42115.432079009974,False,False,False,False
2025-08-08 16:00:00+00:00,11.425,11.47,11.4,11.415,11958.0,,,,,,,,,,,,,,11.032505087754732,10.742265008639942,10.642217868334088,10.598233161161502,10.585235706255022,10.57805343485406,10.582304857624488,10.533659160886225,10.52493300051254,10.530340389571787,10.389318072882231,,10.742265008639942,,10.612642340770602,"rgba(38, 166, 154, 0.75)",0.5127623477062532,10.773277232988605,1.2515013434235602,67.80580924847361,22.93014256547478,True,False,True,False,False,15.334584528823747,0.0,0.0,0.0,0.0,0,0.973721590909091,0.9683948863636365,False,False,False,False,0.32248386169090043,0.3210480046345219,False,False,False,False,-725624.0,-1207717.5805446994,False,False,False,False,41647.87499251369,False,False,False,False
2025-08-08 17:00:00+00:00,11.415,11.415,11.365,11.38,4351.0,,,,,,,,,,,,,,11.033271864272626,10.74319069763091,10.642833434942817,10.598802088110011,10.585726608043267,10.578530120182656,10.582728809752068,10.53405575958418,10.52531523279052,10.530706342302164,10.389629334985944,,10.74319069763091,,10.61316275387247,"rgba(38, 166, 154, 0.5)",0.5194957014103074,10.773762452581932,1.1669731737380644,64.84803545179086,20.166514823489464,False,False,True,False,False,14.3558899788013,0.0,0.0,0.0,0.0,0,0.9690391459074735,0.9740213523131674,False,False,False,False,0.30239437917239326,0.3117211919034576,False,False,False,False,-729975.0,-1200310.718830828,False,False,False,False,41069.628868598746,False,False,False,False
2025-08-08 18:00:00+00:00,11.375,11.455,11.375,11.455,5965.0,,,,,,,,,,,,,,11.034441003541838,10.744537352662226,10.643722872940302,10.59962190361381,10.586433593106767,10.579216366181896,10.583339386609673,10.534625419157155,10.52586402521045,10.531231934148918,10.390073563733452,,10.744537352662226,,10.613918856446045,"rgba(38, 166, 154, 0.5)",0.5271759540101295,10.774583048760457,1.2906828281216887,64.95043993146665,20.166514823489464,False,False,True,False,False,15.759286963070501,0.0,0.0,0.0,0.0,0,0.9684285207520399,0.9694927279177015,False,False,False,False,0.3135249976512735,0.31262309477736555,False,False,False,False,-724010.0,-1192926.211562133,False,False,False,False,40525.37105668248,False,False,False,False
2025-08-08 19:00:00+00:00,11.455,11.47,11.435,11.46,18275.0,,,,,,,,,,,,,,11.038219818024128,10.748789968807761,10.646527542574878,10.60220401790539,10.588660593656321,10.581377750918866,10.585263398389042,10.536418120203168,10.527590777325372,10.53288611966393,10.391467082207058,,10.748789968807761,,10.61630956269781,"rgba(38, 166, 154, 0.5)",0.5343683903231744,10.777377338162633,1.2774383256923787,65.14922278759023,20.149648867002824,False,False,True,False,False,15.852400259616402,0.0,0.0,0.0,0.0,0,0.9733191035218786,0.9704731412308789,False,False,False,False,0.3303640859639072,0.3214935903706364,False,False,False,False,-705735.0,-1185372.8594448904,False,False,False,False,40180.40406355562,False,False,False,False
2025-08-11 14:00:00+00:00,11.13,11.32,11.095,11.285,44120.0,,,,,,,,,,,,,,11.042362427270373,10.755692282566466,10.651384623158215,10.606770273748687,10.592626611776593,10.585239210174334,10.58869859916066,10.539679969343243,10.530743102034947,10.535901216947334,10.39411829445954,,10.755692282566466,,10.620292419149127,"rgba(38, 166, 154, 0.5)",0.53795596624782,10.779096243774749,0.9404185248727156,58.579968461757275,13.88382578472578,False,True,True,False,False,11.023476129493282,0.0,0.0,0.0,0.0,0,0.9572322670375524,0.9687065368567457,False,False,False,False,0.22312344104592366,0.27230851570828,False,False,False,False,-749855.0,-1178620.6445697758,False,False,False,False,40241.4830703222,False,False,False,False
2025-08-11 15:00:00+00:00,11.285,11.32,11.225,11.25,6714.0,,,,,,,,,,,,,,11.04307944513998,10.756793942910482,10.652156550279024,10.607494188317245,10.593255488250065,10.585851340829258,10.589243686626174,10.540196207636587,10.531241852610524,10.536378497494784,10.394535450292302,,10.756793942910482,,10.620929695489673,#000000,0.5404353183622788,10.779531534743715,0.870536120181747,53.22257654197806,9.044214759881527,False,True,False,False,False,10.100374815189959,0.0,0.0,0.0,0.0,0,0.9646692067890545,0.9705576723242121,False,False,False,False,0.25099366978153764,0.26165109274490883,False,False,False,False,-756569.0,-1172077.2082198567,False,False,False,False,39721.677131247445,False,False,False,False
2025-08-11 16:00:00+00:00,11.245,11.245,11.13,11.13,17860.0,,,,,,,,,,,,,,11.044143387441204,10.75914838076531,10.653878132405586,10.609130174227618,10.594682745941018,10.587243316201128,10.590482602145492,10.54138321565036,10.532390940556652,10.537477042658583,10.395520172607709,,10.75914838076531,,10.622316373690968,"rgba(239, 83, 80, 1.0)",0.5414914588430777,10.779912864819192,0.6465238360892837,46.82607482337117,3.385877457177571,False,True,False,True,False,7.021122915455585,0.0,0.0,0.0,0.0,0,0.9602351313969573,0.9768326417704013,False,False,False,False,0.21461802108227854,0.2381345569135937,False,False,False,False,-774429.0,-1165912.119720324,False,False,False,False,39382.736400530426,False,False,False,False
2025-08-11 17:00:00+00:00,11.13,11.165,11.095,11.165,46145.0,,,,,,,,,,,,,,11.046237741430811,10.76472022119043,10.658045651883445,10.613113748430406,10.598167864384287,10.590645521436837,10.593512595892049,10.54429985996989,10.535217052698894,10.540178525045556,10.397965448864857,,10.76472022119043,,10.625645839202498,"rgba(239, 83, 80, 1.0)",0.5375175421398941,10.780814580837538,0.7147402438867263,43.911887909792085,0.9731423557820165,False,True,False,True,False,7.7453863337572315,0.0,0.0,0.0,0.0,0,0.9612590799031479,0.977516430300934,False,False,False,False,0.19032992765583664,0.21423224228471516,False,False,False,False,-728284.0,-1159127.1876316369,False,False,False,False,39487.57769664623,False,False,False,False
2025-08-11 18:00:00+00:00,11.165,11.165,11.035,11.06,18315.0,,,,,,,,,,,,,,11.046579429793193,10.76657080518124,10.65949419551227,10.614515550932326,10.599400094655689,10.591850682213988,10.594586247640423,10.545343776476377,10.536230415169467,10.541146628696703,10.3988600973286,,10.76657080518124,,10.62677981123639,"rgba(239, 83, 80, 1.0)",0.5314767798950133,10.780893592578554,0.525152589877173,39.79000147045572,-2.69807645766285,False,True,False,True,False,5.131882810417572,0.0,0.0,0.0,0.0,0,0.9566861464420764,0.9759367480233758,False,False,False,False,0.17774714582395373,0.19598969405433445,False,False,False,False,-746599.0,-1152731.4017768828,False,False,False,False,39159.32067809357,False,False,False,False
2025-08-11 19:00:00+00:00,11.055,11.125,11.03,11.075,29571.0,,,,,,,,,,,,,,11.046984465382666,10.769422271354097,10.661758159674207,10.616713869691464,10.60133599633411,10.593745120529091,10.596274881424522,10.546989825386332,10.537829148006233,10.542673967982571,10.400278751363228,,10.769422271354097,,10.62854604155714,"rgba(239, 83, 80, 1.0)",0.5233684902404632,10.781074319872435,0.5616036991308355,37.654670364609544,-4.631924055229113,False,True,False,True,False,5.452096011482915,0.0,0.0,0.0,0.0,0,0.954809996576515,0.9801437863745293,False,False,False,False,0.16834668803110564,0.18216819104272003,False,False,False,False,-717028.0,-1145976.310276466,False,False,False,False,39010.66454354949,False,False,False,False
2025-08-12 14:00:00+00:00,10.975,11.085,10.965,11.065,18981.0,,,,,,,,,,,,,11.038333333333334,11.046910351377791,10.771000166624622,10.663065379011135,10.617997253063136,10.602470810856685,10.594857432576354,10.597266565631402,10.547964949169344,10.538777715738583,10.543579704469078,10.401134800254306,,10.771000166624622,,10.663613205175482,"rgba(239, 83, 80, 1.0)",0.5145581678567677,10.803264099063727,0.5086614444902364,36.011473599241455,-6.290387921967692,False,True,False,True,False,5.202045181486035,0.0,0.0,0.0,0.0,0,0.9506466984343092,0.9829816201497618,False,False,False,False,0.14652349198817677,0.1643458415154484,False,False,False,False,-736009.0,-1139620.2279465983,False,False,False,False,38700.12710876577,False,False,False,False
2025-08-12 15:00:00+00:00,11.065,11.225,11.06,11.185,49120.0,,,,,,,,,,,,,11.123684992388755,11.049290877644145,10.776768835222935,10.667460070088282,10.62220732674356,10.60617028361206,10.598471481702274,10.600495368572965,10.551075186661162,10.54179339754252,10.546465270472268,10.403748932371668,,10.776768835222935,,10.673969335251883,"rgba(239, 83, 80, 0.75)",0.505072495019508,10.80968696624072,0.7430874527126722,39.634178120919316,-6.290387921967692,False,True,False,True,True,7.761026879597534,0.0,0.0,0.0,0.0,0,0.9570365358592694,0.9766576454668472,False,False,False,False,0.19559015837372196,0.17996799994458518,False,False,False,False,-686889.0,-1132601.1391412246,False,False,False,False,38861.675525684135,False,False,False,False
2025-08-12 16:00:00+00:00,11.185,11.25,11.175,11.21,14294.0,,,,,,,,,,,,,11.138948176467018,11.050309299422793,10.778653612695294,10.668866401052716,10.623544938337885,10.607344209587476,10.599617224417553,10.601520190777487,10.55205596786879,10.542743448230068,10.547375106408724,10.404561576220638,,10.778653612695294,,10.67629501262387,"rgba(239, 83, 80, 0.75)",0.49434612377371395,10.811395172175766,0.8063274063552591,42.88143910967585,-6.290387921967692,False,True,False,True,True,8.2810306567285,0.0,0.0,0.0,0.0,0,0.9628999319264807,0.9843430905377808,False,False,False,False,0.22525472142030553,0.20261136068244534,False,False,False,False,-672595.0,-1125469.261015004,False,False,False,False,38480.78133148749,False,False,False,False
2025-08-12 17:00:00+00:00,11.205,11.29,11.205,11.29,14576.0,,,,,,,,,,,,,11.157394358450807,11.051652496026612,10.780778819627027,10.67042442373169,10.625018134216745,10.608635273673817,10.600876256168037,10.60264704698635,10.553128689116825,10.543781678250916,10.548369972725903,10.40543980273096,,10.780778819627027,,10.679012245975477,#000000,0.48809473308823437,10.813546892760048,0.9761488394381456,47.48804897754,-10.475287863271014,False,True,False,False,True,9.924371686634952,0.0,0.0,0.0,0.0,0,0.9673469387755103,0.9782312925170069,False,False,False,False,0.2402313432133182,0.22142135194788176,False,False,False,False,-658019.0,-1118221.9701465545,False,False,False,False,38110.16456665822,False,False,False,False
2025-08-12 18:00:00+00:00,11.29,11.33,11.23,11.23,12783.0,,,,,,,,,,,,,11.169733024157052,11.052825729409427,10.782633677322522,10.671787901057112,10.626307892035008,10.60976621636194,10.601979254166118,10.603634617831982,10.554068995277659,10.544691838349427,10.549242215276895,10.406210014602232,,10.782633677322522,,10.68107344798728,#000000,0.4812407762073901,10.815244297633665,0.8618465493198292,48.50263322336863,-9.356959418487953,False,True,False,False,True,8.353156712781821,0.0,0.0,0.0,0.0,0,0.9681787406905891,0.9735951252538929,False,False,False,False,0.25423339774967485,0.2378273748487783,False,False,False,False,-670802.0,-1111285.226423352,False,False,False,False,37717.49534857049,False,False,False,False
2025-08-12 19:00:00+00:00,11.235,11.375,11.235,11.375,85709.0,,,,,,,,,,,,,11.239278021927424,11.062697239450344,10.796344403215434,10.681757395171099,10.635691616936892,10.617993553961856,10.609998573386173,10.610825681668677,10.560881868884357,10.551282046602513,10.5555633834927,10.411727650012628,,10.796344403215434,,10.694503452892507,"rgba(38, 166, 154, 0.5)",0.4744817751557607,10.827678617635597,1.1535140252430798,52.94333007792005,-4.979552256386583,False,True,True,False,True,11.26118052621253,0.0,0.0,0.0,0.0,0,0.9707366296670031,0.9693911873528424,False,False,False,False,0.26507074345020987,0.2514490591494941,False,False,False,False,-585093.0,-1103127.2074090363,False,False,False,False,38461.54968425157,False,False,False,False
2025-08-13 14:00:00+00:00,11.505,11.74,11.405,11.695,58352.0,,,,,,,,,,,,,11.325273237068993,11.075809484516226,10.810084387954596,10.691289508967243,10.644508136173355,10.62569230754276,10.617483923353053,10.617552792850645,10.567149140934644,10.557328170930361,10.561374201588652,10.416602819045732,,10.810084387954596,,10.709179009243854,"rgba(38, 166, 154, 0.5)",0.47291291124437373,10.892880514195104,1.696125156943342,60.50707654801025,2.104229456898821,False,False,True,False,True,16.963786260877868,0.0,0.0,0.0,0.0,0,0.9858085808580859,0.9445544554455445,False,False,False,False,0.3428282113539078,0.2971386352517009,False,False,False,False,-526741.0,-1094190.9871391286,False,False,False,False,38769.928758914335,False,False,False,False
2025-08-13 15:00:00+00:00,11.695,11.71,11.555,11.685,30403.0,,,,,,,,,,,,,11.360009488022106,11.082846262897352,10.817380264432186,10.69637356037047,10.649210550010176,10.62980374300228,10.621481887446334,10.621149902744298,10.5704984900489,10.560559608355446,10.564481221879419,10.419204621116487,,10.817380264432186,,10.716083300027123,"rgba(38, 166, 154, 1.0)",0.46917651646646946,10.90093442337912,1.6711526453326133,65.2329676714889,6.386467907319002,True,False,True,False,True,16.70216510114464,0.0,0.0,0.0,0.0,0,0.9944353518821606,0.9450081833060556,False,False,False,False,0.3428282128054184,0.31998342402855967,False,False,False,False,-557144.0,-1085864.6772610026,False,False,False,False,38640.208933194735,False,False,False,False
2025-08-13 16:00:00+00:00,11.685,11.705,11.54,11.575,21187.0,,,,,,,,,,,,,11.377120948685626,11.087281941381372,10.822129333227311,10.699725180179756,10.652320841492134,10.632528555387493,10.62413308747445,10.623536887965809,10.57272713015694,10.562711106831307,10.566549936465176,10.420947656139575,,10.822129333227311,,10.720142717115579,"rgba(38, 166, 154, 1.0)",0.4635078451574802,10.905196912705723,1.4450738952793907,65.03512360030957,6.386467907319002,True,False,True,False,True,13.864564614119583,0.0,0.0,0.0,0.0,0,0.9917979002624673,0.9583333333333333,False,False,False,False,0.33867289715664234,0.329328160592601,False,False,False,False,-578331.0,-1077995.9380786614,False,False,False,False,38369.61654663357,False,False,False,False
2025-08-13 17:00:00+00:00,11.575,11.61,11.565,11.575,10950.0,,,,,,,,,,,,,11.384258580813748,11.089443427500568,10.824489111099158,10.701403413054015,10.653881305818453,10.633897271418727,10.625465304968822,10.624736846391857,10.573849287625814,10.563794817129082,10.567591973998526,10.42182881037713,,10.824489111099158,,10.722053345849659,"rgba(38, 166, 154, 1.0)",0.461953577871323,10.907131858311564,1.4457473081298873,64.90322755285669,6.477618770814608,True,False,True,False,True,13.864564614119583,0.0,0.0,0.0,0.0,0,0.9934383202099739,0.954724409448819,False,False,False,False,0.3242165650330856,0.3267723628128433,False,False,False,False,-578331.0,-1070249.1948526357,False,False,False,False,37944.50621257724,False,False,False,False
2025-08-13 18:00:00+00:00,11.58,11.595,11.56,11.595,31082.0,,,,,,,,,,,,,11.402067972035217,11.095477521869917,10.831108419452683,10.706132598380114,10.658282381409627,10.637761044138587,10.629226774681143,10.628126686666228,10.577021041355703,10.566858470723064,10.570538235857253,10.42432273846833,,10.831108419452683,,10.72724365708649,"rgba(38, 166, 154, 1.0)",0.4631535363118875,10.912553024819875,1.4734789258319858,65.16915882677336,7.291263258660571,True,False,True,False,True,14.220616353104912,0.0,0.0,0.0,0.0,0,0.9930371352785148,0.9651856763925729,False,False,False,False,0.3201103596914285,0.32344136125213585,False,False,False,False,-547249.0,-1062140.6646998818,False,False,False,False,37838.110767421,False,False,False,False
2025-08-13 19:00:00+00:00,11.595,11.695,11.59,11.69,37687.0,,,,,,,,,,,,,11.427145278750048,11.103693804642468,10.839766009091838,10.712283642137457,10.663991253063298,10.642772161201847,10.634103540568967,10.632525061226374,10.581124805514357,10.570820821271607,10.574350589562815,10.427527054454231,,10.839766009091838,,10.734175335123775,"rgba(38, 166, 154, 1.0)",0.46507508838664624,10.920849697963401,1.6538196115917416,66.9270520957335,9.539019480363962,True,False,True,False,True,15.889224250137136,0.0,0.0,0.0,0.0,0,0.9824677472709231,0.9629507112140259,False,False,False,False,0.3428282130378764,0.3331347871450061,False,False,False,False,-509562.0,-1053573.5536192635,False,False,False,False,37835.767964825325,False,False,False,False
2025-08-14 14:00:00+00:00,11.3,11.515,11.25,11.435,33032.0,,,,,,,,,,,,,11.425000952595044,11.10743698665954,10.844858385266592,10.716155513819979,10.66765551800634,10.646017018645049,10.637271537969355,10.635386294347478,10.583839681724788,10.573450793559047,10.57687903192013,10.429735313283185,,10.844858385266592,,10.736973918983042,"rgba(38, 166, 154, 0.5)",0.460667973688199,10.922315816817004,1.1129147508960628,61.18334303400923,9.539019480363962,False,False,True,False,False,9.53278800674341,0.0,0.0,0.0,0.0,0,0.9649464459591043,0.9633235962349888,False,False,False,False,0.23855883380941198,0.28584681047720906,False,False,False,False,-542594.0,-1045651.3899972594,False,False,False,False,37761.29094211485,False,False,False,False
2025-08-14 15:00:00+00:00,11.435,11.49,11.36,11.375,25595.0,,,,,,,,,,,,,11.424039585262907,11.11035378853182,10.848799306806834,10.719161999020706,10.670501822476373,10.64853983065045,10.63973493545344,10.637612710196743,10.585952322482603,10.575497626439795,10.578847311188293,10.431454145829644,,10.848799306806834,,10.739207948694968,"rgba(38, 166, 154, 0.5)",0.45361783931427746,10.923850787768632,0.9945579144624436,56.15614932778378,13.69591970804423,False,True,True,False,False,8.136806607663381,0.0,0.0,0.0,0.0,0,0.9720960415314732,0.9633354964308891,False,False,False,False,0.2552042220992244,0.27052551628821675,False,False,False,False,-568189.0,-1038248.8723228832,False,False,False,False,37572.666276345626,False,False,False,False
2025-08-14 16:00:00+00:00,11.375,11.41,11.285,11.385,8090.0,,,,,,,,,,,,,11.422892986692222,11.11111635860108,10.849926891033993,10.720040590947661,10.6713382943445,10.649283259837036,10.640461530970201,10.638269800128903,10.586578716851209,10.576105073238834,10.579431364939738,10.431969356608358,,10.849926891033993,,10.73978451868281,#000000,0.44697569315375524,10.924141583529947,1.031059235499686,53.045057743437894,10.713642756899446,False,True,False,False,False,8.324067122610984,0.0,0.0,0.0,0.0,0,0.9736585365853659,0.9642276422764228,False,False,False,False,0.22494800632835596,0.24773676130828637,False,False,False,False,-560099.0,-1030835.6960077998,False,False,False,False,37115.57067516197,False,False,False,False
2025-08-14 17:00:00+00:00,11.385,11.405,11.36,11.365,10728.0,,,,,,,,,,,,,11.421820895909585,11.112187671183081,10.851463118243672,10.721232212807443,10.672471168591855,10.650289777214144,10.641445063811263,10.639159392947068,10.5874256712183,10.576926243621664,10.580221030624571,10.432663941090613,,10.851463118243672,,10.740608848938605,#000000,0.44032642478094625,10.924659211425666,1.0000326207844434,50.51488920396516,8.212189036084226,False,True,False,False,False,7.850525361192183,0.0,0.0,0.0,0.0,0,0.9787512258908141,0.9617522066034654,False,False,False,False,0.23855883380941198,0.2431477975588492,False,False,False,False,-570827.0,-1023703.778240237,False,False,False,False,36706.46105229125,False,False,False,False
2025-08-14 18:00:00+00:00,11.365,11.365,11.335,11.355,11929.0,,,,,,,,,,,,,11.420057200803095,11.113257164881086,10.853080026021138,10.72250182199901,10.673682032892007,10.651367301070522,10.6424985394702,10.64011261612111,10.588335548485658,10.577808886361206,10.581069760090129,10.433414663803953,,10.853080026021138,,10.741432130166594,"rgba(239, 83, 80, 1.0)",0.432393787406107,10.925100099277453,0.9942323716107956,48.5830752023666,6.184041925301564,False,True,False,True,False,7.610990029859881,0.0,0.0,0.0,0.0,0,0.9766907419566647,0.9625738673670389,False,False,False,False,0.22591743817145046,0.23453261786514984,False,False,False,False,-582756.0,-1016867.3785775977,False,False,False,False,36322.314369309985,False,False,False,False
2025-08-14 19:00:00+00:00,11.355,11.375,11.215,11.27,101945.0,,,,,,,,,,,,,11.396466840606964,11.1196321463671,10.864735814462968,10.732047070084384,10.68288113146581,10.659600164956617,10.65056199333065,10.647421226665005,10.595369175855295,10.584643938021765,10.587642074027057,10.439330016438483,,10.864735814462968,,10.746694299356841,"rgba(239, 83, 80, 1.0)",0.4223576789985231,10.926788359918714,0.8126089737378399,45.29870026104794,2.8624126193195494,False,True,False,True,False,5.590071957801776,0.0,0.0,0.0,0.0,0,0.9695281782437748,0.9636304062909569,False,False,False,False,0.2046827738436419,0.21960769585439588,False,False,False,False,-684701.0,-1011717.5122430613,False,False,False,False,37339.72034808037,False,False,False,False
2025-08-15 14:00:00+00:00,11.455,11.485,11.375,11.385,27302.0,,,,,,,,,,,,,11.397304930061534,11.122511817502904,10.868669051309304,10.735127682707036,10.685811780828706,10.662212767171225,10.653116100995911,10.649737920851102,10.597574106250608,10.58678266594101,10.589700814396295,10.441138144601869,,10.868669051309304,,10.749140648551458,"rgba(239, 83, 80, 1.0)",0.4136206099906287,10.92918636488015,1.102009000784986,46.567534877744,2.8624126193195494,False,True,False,True,False,7.8576399710694815,0.0,0.0,0.0,0.0,0,0.9740764744005187,0.9439403758911212,False,False,False,False,0.25717146624931353,0.2383895810518547,False,False,False,False,-657399.0,-1006224.201975727,False,False,False,False,37184.09677679231,False,False,False,False
2025-08-15 15:00:00+00:00,11.385,11.385,11.3,11.315,37508.0,,,,,,,,,,,,,11.393563120432447,11.125298232056815,10.873187648730509,10.738811883496648,10.689353255482025,10.665386480952069,10.656224130199057,10.652560702497528,10.600283297511,10.589415029486256,10.592234273256159,10.443403890940523,,10.873187648730509,,10.751643495420085,"rgba(239, 83, 80, 1.0)",0.4031334140821876,10.931111398775734,0.9522619257405479,45.712592800622375,2.740038350601992,False,True,False,True,False,6.209776721141058,0.0,0.0,0.0,0.0,0,0.9696578437701745,0.9489993544222081,False,False,False,False,0.22301038748549665,0.23069998426867566,False,False,False,False,-694907.0,-1001397.5786892816,False,False,False,False,37189.11853219088,False,False,False,False
2025-08-15 16:00:00+00:00,11.315,11.365,11.305,11.345,20341.0,,,,,,,,,,,,,11.391865056212723,11.126814334587614,10.875627803887575,10.740807595134195,10.691272469623973,10.667107889728861,10.657910158848862,10.654092972241465,10.60175415899893,10.59084438331439,10.5936102107775,10.444634700599877,,10.875627803887575,,10.753028477829664,"rgba(239, 83, 80, 1.0)",0.39010124580933253,10.932231890096746,1.0581050799950547,46.033156750659195,2.5960351250057556,False,True,False,True,False,6.8029090523744955,0.0,0.0,0.0,0.0,0,0.9695891297314787,0.9550307343901651,False,False,False,False,0.22010704011434598,0.22540351219151084,False,False,False,False,-674566.0,-996330.422430533,False,False,False,False,36927.907392156914,False,False,False,False
2025-08-15 17:00:00+00:00,11.345,11.345,11.26,11.275,23149.0,,,,,,,,,,,,,11.388534009596787,11.128152155252398,10.878106786566844,10.742892870201116,10.693291920206933,10.668925628353053,10.659692595350036,10.655714320358339,10.60331912152306,10.592366901399558,10.595075683901886,10.445960983967147,,10.878106786566844,,10.754336081389761,"rgba(239, 83, 80, 1.0)",0.37730041558897753,10.933088339157749,0.9062053650498028,44.5152861002272,0.6701134122379386,False,True,False,True,False,5.157329700685818,0.0,0.0,0.0,0.0,0,0.9628312863606983,0.9586296056884293,False,False,False,False,0.20756730547505506,0.21648540883328293,False,False,False,False,-697715.0,-991700.7259587417,False,False,False,False,36714.28092096068,False,False,False,False
2025-08-15 18:00:00+00:00,11.275,11.385,11.225,11.345,49583.0,,,,,,,,,,,,,11.383793934846377,11.13136946124694,10.883632574722903,10.747507269754536,10.697750465471389,10.672938238359938,10.663626271545862,10.659294654438659,10.606767995968662,10.595721408012805,10.598305675382415,10.448871258968381,,10.883632574722903,,10.757464934059906,"rgba(239, 83, 80, 1.0)",0.36102456805423994,10.935534649237097,1.1341758622404512,45.674031082380324,0.6701134122379386,False,True,False,True,False,6.562148696993017,0.0,0.0,0.0,0.0,0,0.9592556945781201,0.9563683028553097,False,False,False,False,0.20852957099008354,0.21250748991168322,False,False,False,False,-648132.0,-986374.0790446528,False,False,False,False,36913.7959454419,False,False,False,False
2025-08-15 19:00:00+00:00,11.345,11.445,11.26,11.44,73193.0,,,,,,,,,,,,,11.383601120634108,11.137467713444337,10.89269282875266,10.754926166181301,10.704876942525408,10.679344177936924,10.669901413427958,10.66501084946645,10.612246513001637,10.601046031312766,10.603436100741726,10.453442370491034,,10.89269282875266,,10.763166018993026,#000000,0.3410866313564667,10.941021475055408,1.4629084785885782,48.96413994012827,0.6701134122379386,False,True,False,False,True,8.416805899783323,0.0,0.0,0.0,0.0,0,0.9599364069952306,0.9548489666136726,False,False,False,False,0.2268872877484133,0.21969738883004825,False,False,False,False,-574939.0,-979995.2406098519,False,False,False,False,37476.26422535753,False,False,False,False
2025-08-18 14:00:00+00:00,11.065,11.08,10.93,10.98,81635.0,,,,,,,,,,,,,11.348075897613537,11.133742784227628,10.894760533260055,10.758039796658144,10.708229147756182,10.682511224300258,10.673055725930688,10.667912361819534,10.615254112013897,10.604013000903548,10.606287675218484,10.45639530769692,,10.894760533260055,,10.762356463949907,"rgba(239, 83, 80, 1.0)",0.3188326822634274,10.935876504303986,0.1383907552474777,42.97995479935375,-1.1321088441547857,False,True,False,True,False,0.0,0.0,0.0,0.0,0.0,0,0.9400864731315628,0.9570722668313775,False,False,False,False,0.09523095091786782,0.15746416987395803,False,False,False,False,-656574.0,-974980.9578096991,False,False,False,False,38160.895787755086,False,False,False,False
2025-08-18 15:00:00+00:00,10.975,11.04,10.93,10.975,20988.0,,,,,,,,,,,,,11.339626450231576,11.132715421163445,10.895202606962341,10.758777871746602,10.709034401063175,10.683276877647074,10.673819734687207,10.668616479793299,10.615989651694987,10.604739752453337,10.606986218211025,10.457128380111893,,10.895202606962341,,10.762159487147164,"rgba(239, 83, 80, 1.0)",0.2922050064009486,10.934624405297601,0.13817557474356612,38.9349671284583,-4.8310622167212,False,True,False,True,False,0.0,0.0,0.0,0.0,0.0,0,0.9410857495373227,0.9614435533621224,False,False,False,False,0.08779468685992348,0.12262942836694075,False,False,False,False,-677562.0,-970369.8111769906,False,False,False,False,37894.649341433294,False,False,False,False
2025-08-18 16:00:00+00:00,10.975,10.975,10.835,10.935,28180.0,,,,,,,,,,,,10.915000000000001,11.32687392671883,11.130758377425048,10.895336903893297,10.759467108994887,10.709845595922898,10.684070446704911,10.674618754470133,10.669356648440395,10.616793405307728,10.605539342977057,10.607753896916172,10.457984754711514,,10.895336903893297,,10.773338397114067,"rgba(239, 83, 80, 1.0)",0.2650896499724864,10.944276873107453,-0.034995229381515607,35.764140164935355,-7.712703359154084,False,True,False,True,False,0.0,0.0,0.0,0.0,0.0,0,0.9318323952470295,0.9749843652282678,False,False,False,False,0.05813801831148104,0.0903837233392109,False,False,False,False,-705742.0,-966267.0544145567,False,False,False,False,37744.03462296146,False,False,False,False
2025-08-18 17:00:00+00:00,10.935,10.99,10.91,10.97,17682.0,,,,,,,,,,,,10.93106449784135,11.320026670041825,11.129781956306257,10.895596845100366,10.760011513760073,10.710454054746872,10.684654958593837,10.675203850551704,10.669897206472877,10.617365690127599,10.606106227767786,10.608298697994309,10.458569308779785,,10.895596845100366,,10.77438703677574,"rgba(239, 83, 80, 1.0)",0.2655477426068925,10.94397483464224,0.09800559817330795,34.67188547743502,-8.771579911443169,False,True,False,True,False,0.0,0.0,0.0,0.0,0.0,0,0.9416927899686521,0.9692789968652039,False,False,False,False,0.07480399562891056,0.08259385948406073,False,False,False,False,-688060.0,-961953.7667492147,False,False,False,False,37432.99532648143,False,False,False,False
2025-08-18 18:00:00+00:00,10.975,11.015,10.975,11.005,19190.0,,,,,,,,,,,,10.950908452725,11.31369634486403,11.12898667061814,10.896067257786413,10.760723422167603,10.711222198646272,10.68538322824146,10.675929702109837,10.67056647466158,10.61806060881718,10.60679227036585,10.608958528710202,10.459255107153092,,10.896067257786413,,10.775888482066666,"rgba(239, 83, 80, 1.0)",0.2656403448138208,10.944079458883312,0.2293346711298165,34.99192904725868,-8.771579911443169,False,True,False,True,False,0.0,0.0,0.0,0.0,0.0,0,0.9523208083359648,0.9624250078939062,False,False,False,False,0.09151155730086058,0.08705270839246065,False,False,False,False,-668870.0,-957409.8323810098,False,False,False,False,37150.15818963676,False,False,False,False
2025-08-18 19:00:00+00:00,11.005,11.01,10.975,11.005,42842.0,,,,,,,,,,,,10.969077891263646,11.300354787715431,11.127223230969902,10.897085210358716,10.762286483313611,10.712912519540012,10.6869883691521,10.677530153491853,10.67204328194185,10.619596156234111,10.608308763295387,10.610417315692029,10.460775179071483,,10.897085210358716,,10.777276872464626,"rgba(239, 83, 80, 1.0)",0.265732846945873,10.943130787270634,0.23282485940463507,35.20529142714112,-8.813331141677388,False,True,False,True,False,0.0,0.0,0.0,0.0,0.0,0,0.9509648845302121,0.9579247073710854,False,False,False,False,0.09058210725787538,0.08881740782516802,False,False,False,False,-668870.0,-952936.3466076608,False,False,False,False,37238.40379909975,False,False,False,False
2025-08-19 14:00:00+00:00,11.005,11.075,10.955,10.965,55239.0,,,,,,,,,,,,10.978984172423727,11.284810436902626,11.125045868431293,10.898389174366399,10.76428564923333,10.715075267373182,10.68904471970246,10.679580951940085,10.673937474571837,10.621566420590769,10.610255069041122,10.612290148132416,10.462728518317508,,10.898389174366399,,10.778153374694366,"rgba(239, 83, 80, 1.0)",0.265789864841128,10.941527536955407,0.08831210723036091,34.5978355089854,-9.833704347033127,False,True,False,True,False,0.0,0.0,0.0,0.0,0.0,0,0.9498738965952083,0.953972257250946,False,False,False,False,0.09895297329616361,0.09388519056066581,False,False,False,False,-724109.0,-949388.635807542,False,False,False,False,37517.48280996642,False,False,False,False
2025-08-19 15:00:00+00:00,10.965,11.05,10.96,11.045,33773.0,,,,,,,,,,,,10.985733277130544,11.276680950901255,11.123954959369925,10.89932625133119,10.765594369006212,10.716473724262924,10.690369078467894,10.680899804908279,10.67515551960584,10.622824380249536,10.611496330800748,10.613485173741628,10.463960142687576,,10.89932625133119,,10.778919535574119,"rgba(239, 83, 80, 1.0)",0.2656721375769343,10.940916264344569,0.39177512781252793,36.954333143223934,-9.833704347033127,False,True,False,True,False,0.016576569640211147,0.0,0.0,0.0,0.0,0,0.9525007864108213,0.9528153507392264,False,False,False,False,0.09523095091786846,0.09455807073926714,False,False,False,False,-690336.0,-945372.3158725413,False,False,False,False,37459.42881291268,False,False,False,False
2025-08-19 16:00:00+00:00,11.045,11.065,10.985,10.995,15502.0,,,,,,,,,,,,10.987869226520031,11.273067233827744,11.123446091408573,10.899739578975433,10.766182711300475,10.717104273620265,10.690967264016763,10.681495787316594,10.67570632638835,10.623394279892878,10.612058904685448,10.614026848219167,10.464520250606096,,10.899739578975433,,10.779198367444447,"rgba(239, 83, 80, 0.75)",0.2649110508545797,10.940599128251534,0.20535523743902842,37.40852610999187,-9.833704347033127,False,True,False,True,True,0.0,0.0,0.0,0.0,0.0,0,0.9539432176656153,0.9561514195583599,False,False,False,False,0.10267773046161927,0.0986179006004432,False,False,False,False,-705838.0,-941658.605548936,False,False,False,False,37119.003559999306,False,False,False,False
2025-08-19 17:00:00+00:00,10.995,11.02,10.98,11.005,32429.0,,,,,,,,,,,,10.989696716591038,11.265446966279619,11.122267792994394,10.900495821068265,10.767339071339448,10.718356102933335,10.692160321621389,10.68268611556376,10.676807763376397,10.624540716473769,10.613191932787455,10.615117753557952,10.4656599878099,,10.900495821068265,,10.779520543261286,"rgba(239, 83, 80, 0.75)",0.2585906884328148,10.93972757789436,0.2524159802552208,38.07670034163318,-9.833704347033127,False,True,False,True,True,0.0,0.0,0.0,0.0,0.0,0,0.9528630180322685,0.9569756406200572,False,False,False,False,0.09337093212338868,0.09599441636191594,False,False,False,False,-673409.0,-937499.6969357741,False,False,False,False,37046.29032651094,False,False,False,False
2025-08-19 18:00:00+00:00,11.005,11.02,10.97,10.985,14962.0,,,,,,,,,,,,10.989810167347322,11.26194567788746,11.121687362854653,10.900806848852595,10.76784616445295,10.718909707350202,10.692690002603955,10.683215203475793,10.677297869829541,10.62505335320566,10.613699067976361,10.615606037730819,10.466174427470127,,10.900806848852595,,10.779595530079803,"rgba(239, 83, 80, 0.75)",0.25105476592868853,10.939268848416784,0.18215607823276733,38.01705436564299,-9.833704347033127,False,True,False,True,True,0.0,0.0,0.0,0.0,0.0,0,0.9571972098922006,0.9518072289156629,False,False,False,False,0.09151155730086058,0.09375298683138826,False,False,False,False,-688371.0,-933637.2365181651,False,False,False,False,36703.898228425496,False,False,False,False
2025-08-19 19:00:00+00:00,10.985,11.0,10.97,10.99,25183.0,,,,,,,,,,,,10.989532385671142,11.256145148955255,11.120684862315224,10.901297038807208,10.76867555981667,10.719819460574845,10.693562467994033,10.684087278505421,10.678106281223368,10.625901239011785,10.614538329689445,10.616414141427251,10.467029811121167,,10.901297038807208,,10.779676461931754,"rgba(239, 83, 80, 0.75)",0.2410775920848278,10.938470149807987,0.21374798771791864,38.19873360115338,-9.833704347033127,False,True,False,True,True,0.0,0.0,0.0,0.0,0.0,0,0.957804568527919,0.9498730964467007,False,False,False,False,0.08779468685992348,0.09077383684565588,False,False,False,False,-663188.0,-929444.2250992788,False,False,False,False,36525.2796512406,False,False,False,False
2025-08-20 14:00:00+00:00,11.055,11.1,10.985,11.005,60963.0,,,,,,,,,,,,10.996663655590726,11.245169407055403,11.11908367818343,10.90305156820714,10.771051556135685,10.722349916276128,10.69596234860561,10.686477174928338,10.680318294322918,10.628182007470274,10.616789232800462,10.618583159381037,10.46926064171775,,10.90305156820714,,10.780995587744222,"rgba(239, 83, 80, 0.75)",0.2299542257623445,10.93783247029954,0.292090869292734,39.033465122873984,-9.833704347033127,False,True,False,True,True,0.0,0.0,0.0,0.0,0.0,0,0.9648288973384032,0.9413814955640053,False,False,False,False,0.10920295663980795,0.09998839674273191,False,False,False,False,-602225.0,-924371.0588186698,False,False,False,False,36904.15903649268,False,False,False,False
2025-08-20 15:00:00+00:00,11.005,11.21,11.005,11.205,44041.0,,,,,,,,,,,,11.012850585234684,11.241606861016763,11.11934711594494,10.905362359036157,10.77345912648594,10.724796925428572,10.698238827256786,10.68872954778089,10.682396346766588,10.630260425363828,10.618829076342273,10.620551186441284,10.47117526950862,,10.905362359036157,,10.783661819431332,"rgba(239, 83, 80, 0.5)",0.21686083468813633,10.939360102961931,1.2249325583389958,46.37481127098215,-7.516303133400918,False,False,False,True,True,3.5569912858832,0.0,0.0,0.0,0.0,0,0.9682988072818582,0.930634023854363,False,False,False,False,0.13352532723682248,0.1167568619897772,False,False,False,False,-558184.0,-918693.7400772951,False,False,False,False,37014.80773360132,False,False,False,False
2025-08-20 16:00:00+00:00,11.205,11.215,11.005,11.01,38037.0,,,,,,,,,,,,11.0185217110607,11.236918477915653,11.118887841677928,10.906793167545016,10.775158393479243,10.726568510165052,10.699907062155834,10.69038643407023,10.683929727913057,10.631820610561475,10.620365534777735,10.622033214700561,10.47266435028335,,10.906793167545016,,10.784919618177371,"rgba(239, 83, 80, 0.75)",0.20724440461266241,10.95846821898611,0.2486522186700433,45.70203489502952,-7.516303133400918,False,True,False,True,True,0.0,0.0,0.0,0.0,0.0,0,0.9740867936309711,0.929441148922885,False,False,False,False,0.13446376452011657,0.12561031325494687,False,False,False,False,-596221.0,-913694.1627117557,False,False,False,False,37030.65567571603,False,False,False,False
2025-08-20 17:00:00+00:00,11.015,11.03,10.98,11.015,47679.0,,,,,,,,,,,,11.01750054305707,11.229054164826632,11.117416472549866,10.907845247354283,10.776785006160887,10.728335586967297,10.701601997560509,10.692079554977212,10.685503531515018,10.63346289346795,10.621990719996559,10.623600190015779,10.474310581835173,,10.907845247354283,,10.78534511463725,"rgba(239, 83, 80, 0.75)",0.20629230114943026,10.955602738721042,0.2879276684006402,45.39871910307505,-7.516303133400918,False,True,False,True,True,0.0,0.0,0.0,0.0,0.0,0,0.9740752450205503,0.9462535567499212,False,False,False,False,0.09523095091786782,0.11042063208640734,False,False,False,False,-548542.0,-908032.8888712634,False,False,False,False,37195.746285394845,False,False,False,False
2025-08-20 18:00:00+00:00,11.015,11.015,10.985,10.995,33189.0,,,,,,,,,,,,11.016250490445564,11.223657959328643,11.116323378380056,10.908493207357797,10.77785562282754,10.72950914353254,10.702732767042455,10.693210587236175,10.68655640421924,10.634567372317195,10.623084910868315,10.624655310122881,10.475429204260031,,10.908493207357797,,10.785563565995263,"rgba(239, 83, 80, 1.0)",0.20525363347348516,10.954308050777458,0.1982520286433706,44.688425069587694,-7.516303133400918,False,True,False,True,False,0.0,0.0,0.0,0.0,0.0,0,0.9697355845810769,0.9448869066581715,False,False,False,False,0.09337093212338868,0.10189578210489801,False,False,False,False,-581731.0,-902973.9448577554,False,False,False,False,37133.626187946866,False,False,False,False
2025-08-20 19:00:00+00:00,10.995,11.015,10.98,11.0,128490.0,,,,,,,,,,,,11.012638560505152,11.204949377165962,11.112274244348871,10.910916614917463,10.781904694047356,10.733957915256083,10.707030413317653,10.697511670070142,10.690566590961378,10.638780998448345,10.627261700558854,10.628684743771249,10.47971524407355,,10.910916614917463,,10.78663021288016,"rgba(239, 83, 80, 1.0)",0.20412961789244272,10.951146070631278,0.23932798127542307,44.39417036735189,-7.516303133400918,False,True,False,True,False,0.0,0.0,0.0,0.0,0.0,0,0.9677419354838711,0.941552219738103,False,False,False,False,0.09244116504028874,0.09716847357259337,False,False,False,False,-453241.0,-896001.3410615112,False,False,False,False,38550.00407650583,False,False,False,False
2025-08-21 14:00:00+00:00,11.105,11.135,11.035,11.085,65632.0,,,,,,,,,,,,11.019394091337334,11.200069178101298,11.111804383862296,10.913282625352302,10.78472152790522,10.736900449651188,10.709816632591775,10.70028175012499,10.693141113106536,10.641405617566289,10.629849467129095,10.631184353616991,10.48223887403442,,10.913282625352302,,10.788776158798441,"rgba(239, 83, 80, 0.5)",0.2026635697961928,10.952644360038235,0.6530805713866993,47.07288995531847,-6.629248596184645,False,False,False,True,True,0.980511277991873,0.0,0.0,0.0,0.0,0,0.9688394276629572,0.9344992050874404,False,False,False,False,0.1250897017258934,0.11112908764924338,False,False,False,False,-387609.0,-888119.2892621079,False,False,False,False,38969.879982296436,False,False,False,False
2025-08-21 15:00:00+00:00,11.085,11.095,10.985,10.995,40011.0,,,,,,,,,,,,11.019695963163148,11.195832039855645,11.11090222220953,10.914200662517837,10.786075179990014,10.738365171264846,10.711226694551547,10.701690764974694,10.69445638481517,10.642776182892131,10.631206655050583,10.63249509223831,10.483614929630352,,10.914200662517837,,10.789425995627218,"rgba(239, 83, 80, 0.5)",0.20188452233981227,10.95235159522387,0.21125148318375297,46.15743137430484,-6.629248596184645,False,False,False,True,True,0.0,0.0,0.0,0.0,0.0,0,0.9648177496038035,0.9381933438985737,False,False,False,False,0.10827022700258591,0.10969965732591465,False,False,False,False,-427620.0,-880979.7653975792,False,False,False,False,38986.02137791975,False,False,False,False
2025-08-21 16:00:00+00:00,10.995,10.995,10.95,10.965,21271.0,,,,,,,,,,,,11.018312880933845,11.192963210918057,11.110127981377017,10.914443370430114,10.786624394821297,10.738989556500727,10.71184069852872,10.702308286785534,10.695035742499805,10.643396561417799,10.631824143040342,10.63309122632056,10.484269612566752,,10.914443370430114,,10.789479051241583,"rgba(239, 83, 80, 1.0)",0.20238939811285137,10.951706488377926,0.06568284577169994,44.73763705364862,-6.629248596184645,False,True,False,True,False,0.0,0.0,0.0,0.0,0.0,0,0.9633991088478676,0.9465308720560154,False,False,False,False,0.08315198685434581,0.09642582209013023,False,False,False,False,-448891.0,-874280.7147712602,False,False,False,False,38711.369883688436,False,False,False,False
2025-08-21 17:00:00+00:00,10.965,11.005,10.925,10.995,14093.0,,,,,,,,,,,,11.017528685351436,11.191144021723037,11.109637818023895,10.914617383697992,10.786996344129923,10.739410303088263,10.712253749627923,10.70272347252465,10.695425208879106,10.643812568994665,10.632238049109493,10.633490878064537,10.484706854848088,,10.914617383697992,,10.789537333697155,"rgba(239, 83, 80, 1.0)",0.20389930830667785,10.951327740195213,0.21418542400889648,44.91549381049142,-6.629248596184645,False,True,False,True,False,0.0,0.0,0.0,0.0,0.0,0,0.9640356460852961,0.9417568427753024,False,False,False,False,0.08036809525743602,0.08839695867378312,False,False,False,False,-434798.0,-867467.0292709306,False,False,False,False,38329.689730452956,False,False,False,False
2025-08-21 18:00:00+00:00,10.995,11.0,10.95,10.975,22431.0,,,,,,,,,,,,11.016337453698444,11.18831033553658,11.10886494597768,10.914892297144029,10.787585334035764,10.740076895393884,10.712908511163603,10.703381698021134,10.696042869671114,10.644472555301178,10.632894783784474,10.634125056877947,10.485401182950358,,10.914892297144029,,10.789637993812015,"rgba(239, 83, 80, 1.0)",0.20601029887667482,10.95075109667126,0.11770723823499776,44.40441633150569,-6.629248596184645,False,True,False,True,False,0.0,0.0,0.0,0.0,0.0,0,0.9678241478177764,0.9388340235743867,False,False,False,False,0.0840802344319283,0.0862385965528557,False,False,False,False,-457229.0,-861106.7497473502,False,False,False,False,38083.19841680252,False,False,False,False
2025-08-21 19:00:00+00:00,10.975,11.01,10.95,10.96,82945.0,,,,,,,,,,,,11.012301334594605,11.178370423719711,11.106047857004022,10.915859890428136,10.789712517973483,10.742492127720471,10.71528637483766,10.705773509659679,10.698289827882265,10.646878170702655,10.635289816929435,10.636438428688825,10.48794298446946,,10.915859890428136,,10.790052558816184,"rgba(239, 83, 80, 1.0)",0.20816458751552594,10.94880161637146,0.053795814947177424,43.57191267365718,-6.629248596184645,False,True,False,True,False,0.0,0.0,0.0,0.0,0.0,0,0.9681427206116597,0.9375597323988532,False,False,False,False,0.08593716495102048,0.0860878807519381,False,False,False,False,-540174.0,-856131.0482008796,False,False,False,False,38778.730224293955,False,False,False,False
2025-08-22 14:00:00+00:00,10.915,10.99,10.775,10.825,21975.0,,,,,,,,,,,,11.008687079464025,11.17455798223195,11.104718598686478,10.915630491334039,10.78993520992898,10.742822717370057,10.715643642271333,10.706142493137289,10.698643390071,10.647296848460954,10.635714065600517,10.636847650172374,10.48846035895083,,10.915630491334039,,10.78962311751383,"rgba(239, 83, 80, 1.0)",0.21253419438715562,10.947440019631756,-0.5760956253877817,39.43893862703657,-7.282496733001757,False,True,False,True,False,0.0,0.0,0.0,0.0,0.0,0,0.9596341847997478,0.9369284137496059,False,False,False,False,0.04981768676826672,0.06795278376010241,False,False,False,False,-562149.0,-851573.1869884629,False,False,False,False,38518.207275080094,False,False,False,False
2025-08-22 15:00:00+00:00,10.825,10.85,10.785,10.815,30323.0,,,,,,,,,,,,11.002466727631289,11.168679791976764,11.102558080055411,10.915037670920093,10.79004632190313,10.743100430250704,10.715978927031971,10.706498502016723,10.698991243609045,10.64774770008626,10.636177403063824,10.63729405932024,10.489083357376579,,10.915037670920093,,10.788743093480157,"rgba(239, 83, 80, 1.0)",0.21709637914495764,10.945133760813913,-0.5994285179994743,36.4664644352371,-9.971375952469842,False,True,False,True,False,0.0,0.0,0.0,0.0,0.0,0,0.9618176080782582,0.9454086462606501,False,False,False,False,0.025815769467036117,0.04688427661356927,False,False,False,False,-592472.0,-847556.1143219752,False,False,False,False,38391.14979794707,False,False,False,False
2025-08-22 16:00:00+00:00,10.815,10.84,10.765,10.815,21365.0,,,,,,,,,,,10.806666666666667,10.998097445897528,11.164538359760739,11.101002611426471,10.914582199250738,10.790094855106238,10.743268422432182,10.716190499121648,10.706725321040985,10.699214382433567,10.648045202370206,10.636484430752336,10.637589800899338,10.489507535217237,,10.914582199250738,,10.789429123741135,"rgba(239, 83, 80, 1.0)",0.22176858728485319,10.947937016415661,-0.5994402455425725,34.48481497403745,-11.715846069749162,False,True,False,True,False,0.0,0.0,0.0,0.0,0.0,0,0.9747736093143599,0.9443725743855111,False,False,False,False,0.02028209068464726,0.03358318364910826,False,False,False,False,-592472.0,-843601.321851867,False,False,False,False,38127.178483250216,False,False,False,False
2025-08-22 17:00:00+00:00,10.815,10.875,10.805,10.855,9287.0,,,,,,,,,,,10.818280971334117,10.996626673797353,11.162957230069862,11.100418958627568,10.914455309579946,10.790164459011537,10.743385155064258,10.716320992972575,10.706861289353599,10.699345588750486,10.648205342591506,10.63664752990696,10.63774710584121,10.489713807647368,,10.914455309579946,,10.790080743896311,"rgba(239, 83, 80, 1.0)",0.22556609466645505,10.947945100133186,-0.41205261930266446,35.37954632647641,-11.715846069749162,False,True,False,True,False,0.0,0.0,0.0,0.0,0.0,0,0.9763830475574249,0.9372371400841152,False,False,False,False,0.034119358544792484,0.033851271096950374,False,False,False,False,-583185.0,-839563.8594975745,False,False,False,False,37680.0439331223,False,False,False,False
2025-08-22 18:00:00+00:00,10.855,10.93,10.85,10.915,20352.0,,,,,,,,,,,10.850224067393407,10.994599994664323,11.160118518897244,11.09941431318537,10.914391137528083,10.790464133430092,10.743773809758563,10.716724184615009,10.707273004853839,10.69973727861048,10.648650234650495,10.637095326960058,10.638179494352013,10.490232738702398,,10.914391137528083,,10.792205588400098,"rgba(239, 83, 80, 0.75)",0.22808298237014493,10.948687873039813,-0.14770007253387682,38.887432200935386,-15.253592755842362,False,True,False,True,True,0.0,0.0,0.0,0.0,0.0,0,0.9838135318873423,0.9300744577533183,False,False,False,False,0.052590308208326254,0.043220789652638314,False,False,False,False,-562833.0,-835273.4585751315,False,False,False,False,37411.39208919793,False,False,False,False
2025-08-22 19:00:00+00:00,10.915,10.94,10.86,10.875,21886.0,,,,,,,,,,,10.862667649883386,10.99236718396911,11.157057002766237,11.09830958047387,10.91429428170607,10.790764745281477,10.744171654916522,10.717139934316148,10.707698401496515,10.70014269233362,10.649114169941278,10.637562923653988,10.638631000562482,10.490780222433264,,10.91429428170607,,10.792907245980999,"rgba(239, 83, 80, 0.75)",0.23119018340083947,10.948370823322941,-0.3173613266949581,39.78137709988003,-14.444932000335463,False,True,False,True,True,0.0,0.0,0.0,0.0,0.0,0,0.984833817360439,0.9254598257502421,False,False,False,False,0.05628840121614281,0.049754595434390564,False,False,False,False,-584719.0,-831388.8933259046,False,False,False,False,37170.68833587703,False,False,False,False
2025-08-25 14:00:00+00:00,10.96,11.0,10.84,10.965,38596.0,,,,,,,,,,,10.88770881545665,10.990253539694603,11.152679132889615,11.096792338127795,10.914448752381919,10.791516356086865,10.745072666247635,10.718049164597925,10.708619408985031,10.701014302288359,10.650073417365492,10.638523271212936,10.63955901426351,10.491846051767661,,10.914448752381919,,10.79472544509757,"rgba(239, 83, 80, 0.5)",0.232707294008369,10.948585987250466,0.0705350161862297,44.13422536502837,-10.412898049493492,False,False,False,True,True,0.0,0.0,0.0,0.0,0.0,0,0.985897435897436,0.921474358974359,False,False,False,False,0.0636893053673457,0.05672195040086813,False,False,False,False,-546123.0,-826966.1662975961,False,False,False,False,37192.78619113474,False,False,False,False
2025-08-25 15:00:00+00:00,10.965,11.0,10.91,10.94,24283.0,,,,,,,,,,,10.898849921557941,10.989341570639402,11.150195921774248,11.095939286037366,10.914614839883788,10.792034254467218,10.745679624873889,10.718656618578711,10.709233195471361,10.701594317884725,10.6507052428847,10.63915471930245,10.640169402227325,10.49253661930029,,10.914614839883788,,10.795621823920243,"rgba(239, 83, 80, 0.5)",0.2344265189623511,10.94863631838473,-0.036840193775679896,46.03478998230691,-8.725826118518015,True,False,False,True,True,0.0,0.0,0.0,0.0,0.0,0,0.9919897468760014,0.9218199295097725,False,False,False,False,0.06198470420574701,0.05935332730330757,False,False,False,False,-570406.0,-822988.4893007341,False,False,False,False,36992.63446724118,False,False,False,False
2025-08-25 16:00:00+00:00,10.935,10.96,10.86,10.86,16435.0,,,,,,,,,,,10.898254239923611,10.987891653633703,11.14808347194367,11.095145530181876,10.914547761774816,10.792257803861931,10.74597501856338,10.718965684216347,10.709549488541969,10.701896145481175,10.651050682299545,10.6395029948199,10.6405058506964,10.492945073556152,,10.914547761774816,,10.795469385678174,"rgba(239, 83, 80, 0.5)",0.23761042004029276,10.947975689341426,-0.3702518152466053,44.47957921800911,-8.725826118518015,False,False,False,True,True,0.0,0.0,0.0,0.0,0.0,0,0.9884020618556703,0.9355670103092784,False,False,False,False,0.041396743024679265,0.050375035163993415,False,False,False,False,-586841.0,-819327.2879162267,False,False,False,False,36673.91145224519,False,False,False,False
2025-08-25 17:00:00+00:00,10.865,10.875,10.845,10.875,6650.0,,,,,,,,,,,10.896862139658639,10.987145268069272,11.147144593822226,11.094781278706286,10.914484651380521,10.792322699980687,10.746071289567308,10.719070159065542,10.709657477128008,10.701999967168081,10.651173863245681,10.639627944727987,10.640626504277568,10.4930984290091,,10.914484651380521,,10.795290447557635,"rgba(239, 83, 80, 0.5)",0.23951634825433846,10.94759482435973,-0.3030892249686529,44.11892073279475,-8.725826118518015,False,False,False,True,True,0.0,0.0,0.0,0.0,0.0,0,0.9819004524886881,0.945054945054945,False,False,False,False,0.021675014510427804,0.03602502483721061,False,False,False,False,-580191.0,-815619.7485686883,False,False,False,False,36208.42445298558,False,False,False,False
2025-08-25 18:00:00+00:00,10.875,10.89,10.855,10.865,2860.0,,,,,,,,,,,10.89638706811614,10.986840073324007,11.146749839883901,11.094628378600687,10.91446029607449,10.792352492293785,10.746114384147093,10.719116583084094,10.70970536759447,10.702045946084837,10.651228034474373,10.639682831269187,10.640679509961046,10.493165230709641,,10.91446029607449,,10.795225431115554,"rgba(239, 83, 80, 0.5)",0.24159800205011395,10.947442573585302,-0.34123863974753177,43.51261926054899,-8.725826118518015,False,False,False,True,False,0.0,0.0,0.0,0.0,0.0,0,0.9847600518806747,0.941958495460441,False,False,False,False,0.026603267870976728,0.03131414635409367,False,False,False,False,-583051.0,-812014.0315366156,False,False,False,False,35691.39461650518,False,False,False,False
2025-08-25 19:00:00+00:00,10.865,10.875,10.8,10.8,26198.0,,,,,,,,,,,10.886434545602906,10.983067845282307,11.142605925620764,11.092958758328242,10.914013876510467,10.792466790421795,10.746364862083812,10.71941407539741,10.710019943154357,10.70235341903802,10.651621192918885,10.640086390279182,10.641068856734863,10.493703102842016,,10.914013876510467,,10.794012827443932,"rgba(239, 83, 80, 1.0)",0.2437673532746634,10.945421805695503,-0.5965598089406541,40.907718155191304,-4.557293732416916,False,True,False,True,False,0.0,0.0,0.0,0.0,0.0,0,0.9805950840879691,0.9404915912031048,False,False,False,False,0.012806649778030447,0.02206039806606206,False,False,False,False,-609249.0,-808870.387636823,False,False,False,False,35544.21020384618,False,False,False,False
2025-08-26 14:00:00+00:00,10.855,10.91,10.82,10.835,21831.0,,,,,,,,,,,10.883162695934232,10.980627771159433,11.139551992342216,11.091737172299974,10.913769493882715,10.792648693535911,10.746651543721418,10.719730778474878,10.71034882760358,10.702670852401187,10.65200391282671,10.640475680430399,10.641444762237835,10.494190452502192,,10.913769493882715,,10.793501044953763,"rgba(239, 83, 80, 1.0)",0.24496585531514806,10.944228373933454,-0.44589223993250365,41.02259341796099,-4.640608472305772,False,True,False,True,False,0.0,0.0,0.0,0.0,0.0,1,0.9813324750563247,0.9365947859671709,False,False,False,False,0.021341564234440932,0.021700981150251496,False,False,False,False,-587418.0,-805437.0172858645,False,False,False,False,35331.60229370903,False,False,False,False
2025-08-26 15:00:00+00:00,10.835,10.845,10.78,10.81,7773.0,,,,,,,,,,,10.880607763720063,10.979489283198307,11.138317012482316,11.091226183146691,10.913619169608046,10.792668370545847,10.746712574809079,10.719807175553141,10.710430595983242,10.702751495815034,10.652110819082928,10.64058601851048,10.64155119210755,10.494342855719465,,10.913619169608046,,10.793158607877299,"rgba(239, 83, 80, 1.0)",0.2458058634828186,10.943637345100575,-0.5436702900698508,40.20665102638504,-5.675270150814917,False,True,False,True,False,0.0,0.0,0.0,0.0,0.0,1,0.9787713091026056,0.9424252171116115,False,False,False,False,-0.021157022152400323,0.0002719794989255869,False,False,False,False,-595191.0,-802177.3891108899,False,False,False,False,34904.33714186858,False,False,False,False
2025-08-26 16:00:00+00:00,10.805,10.815,10.785,10.795,9682.0,,,,,,,,,,,10.877101654357286,10.97798149310272,11.136729417803851,11.090562067620406,10.913408137758497,10.792675661913671,10.746772862688088,10.719888371273928,10.71051887183697,10.702839501517749,10.652232669804244,10.640712560422504,10.641673198614019,10.49452451589404,,10.913408137758497,,10.792687213186284,"rgba(239, 83, 80, 1.0)",0.24578244243440228,10.94285168828291,-0.6015551266334718,39.12298396898787,-6.955273999021621,False,True,False,True,False,0.0,0.0,0.0,0.0,0.0,0,0.9752801582069877,0.9558338826631512,False,False,False,False,-0.026448492533482554,-0.013088256517278483,False,False,False,False,-604873.0,-799118.4063339768,False,False,False,False,34513.29315517294,False,False,False,False
2025-08-26 17:00:00+00:00,10.79,10.815,10.76,10.805,6810.0,,,,,,,,,,,10.874663864768156,10.976906810418752,11.135605240395373,11.090088790389217,10.913253737803561,10.792676256767084,10.74681107896793,10.719941747406006,10.710577326759045,10.70289806882898,10.652315325058712,10.640798624739622,10.64175616500971,10.494650058946773,,10.913253737803561,,10.792353078304208,"rgba(239, 83, 80, 1.0)",0.2473057523292699,10.942294371856232,-0.5551604463831242,39.04189664263871,-7.310777820133588,False,True,False,True,False,0.0,0.0,0.0,0.0,0.0,1,0.9750664893617024,0.9531250000000002,False,False,False,False,-0.031741444095159464,-0.022414850306218974,False,False,False,False,-598063.0,-796001.2682512794,False,False,False,False,34083.78473416251,False,False,False,False
2025-08-26 18:00:00+00:00,10.81,10.825,10.8,10.815,10272.0,,,,,,,,,,,10.872084909393593,10.975483302014728,11.134021694656997,11.089425678089688,10.913060311363365,10.792704400755584,10.746893335151842,10.720044011911195,10.710686613601345,10.703005771934533,10.652457472875161,10.640945255337371,10.641897627065703,10.49485189154247,,10.913060311363365,,10.791968733978111,"rgba(239, 83, 80, 1.0)",0.24765500196848608,10.94157720405445,-0.5111029579388737,39.6641251401732,-7.310777820133588,False,True,False,True,False,0.0,0.0,0.0,0.0,0.0,0,0.9680000000000002,0.9540000000000003,False,False,False,False,-0.021157022152400323,-0.021785936229309646,False,False,False,False,-587791.0,-792773.2020768409,False,False,False,False,33714.60977704371,False,False,False,False
2025-08-26 19:00:00+00:00,10.815,10.88,10.785,10.875,40213.0,,,,,,,,,,,10.868492048427672,10.971239246353777,11.128598395266904,11.08716976157827,10.91256094324321,10.792990692079664,10.747373986644206,10.720584495253798,10.711250436671227,10.70355217800641,10.653126353544497,10.64162743154215,10.642556431805891,10.495722017496735,,10.91256094324321,,10.791203172708174,"rgba(239, 83, 80, 0.5)",0.24707089473881316,10.939556066033322,-0.26128559619119357,43.684480436024884,-9.80411284388471,True,False,False,True,True,0.0,0.0,0.0,0.0,0.0,0,0.9716949716949719,0.9467199467199469,False,False,False,False,-0.01269300965609724,-0.017239472942703442,False,False,False,False,-547578.0,-788971.7260756496,False,False,False,False,33815.36001305853,False,False,False,False
2025-08-27 14:00:00+00:00,10.755,10.805,10.73,10.745,27228.0,,,,,,,,,,,10.859015556646275,10.966629773232473,11.123947539882067,11.08512404239922,10.91178794084589,10.792872605266522,10.74741503701005,10.720698083630843,10.711386917002551,10.703697174136344,10.653375002798418,10.641892613150485,10.642811717148756,10.496163843861531,,10.91178794084589,,10.789772703357958,"rgba(239, 83, 80, 0.5)",0.24896919017755617,10.937196322765079,-0.771968301089833,41.04523393870494,-9.80411284388471,False,False,False,True,False,0.0,0.0,0.0,0.0,0.0,0,0.9678488564799472,0.9426582698044417,False,False,False,False,-0.04021398980838268,-0.02872673137554306,False,False,False,False,-574806.0,-785651.3272217636,False,False,False,False,33713.23040045297,False,False,False,False
2025-08-27 15:00:00+00:00,10.745,10.76,10.63,10.63,16442.0,,,,,,,,,,,10.849712292366904,10.962815278134826,11.120540111980485,11.083575041844092,10.911060570952012,10.792614782191668,10.747269876384694,10.720615801440854,10.711322692579921,10.703650148822396,10.65340300356489,10.641935088464992,10.642851727594195,10.496342525636518,,10.911060570952012,,10.788407781568463,"rgba(239, 83, 80, 1.0)",0.25186892415493645,10.935208667016893,-1.2117757998169858,36.485048486638426,-9.407895931413407,False,True,False,True,False,0.0,0.0,0.0,0.0,0.0,0,0.9616655651024457,0.9461335095836089,False,False,False,False,-0.07098438639192865,-0.04985555888373586,False,False,False,False,-591248.0,-782637.3221485579,False,False,False,False,33445.45938649246,False,False,False,False
2025-08-27 16:00:00+00:00,10.635,10.67,10.605,10.65,50685.0,,,,,,,,,,10.641666666666664,10.82187845785117,10.950436166733846,11.10963173744554,11.078509509861997,10.908551011382276,10.791617803795233,10.74663582509333,10.720195265377548,10.710962168318046,10.703355633899978,10.653352464305069,10.641933975242898,10.642846958016902,10.496792933312374,,10.908551011382276,,10.77455777182019,"rgba(239, 83, 80, 1.0)",0.25367612535787926,10.924994937607526,-1.0840394901947124,34.50882851577053,-11.075755250379075,False,True,False,True,False,0.0,0.0,0.0,0.0,0.0,0,0.9559018567639259,0.9595490716180372,False,False,False,False,-0.09548142712031565,-0.07266849300202576,False,False,False,False,-540563.0,-778884.2318826887,False,False,False,False,33712.73908592669,False,False,False,False
2025-08-27 17:00:00+00:00,10.655,10.68,10.635,10.68,38531.0,,,,,,,,,,10.651743969691534,10.807395975839704,10.942310108087462,11.102063159012358,11.074937266322353,10.906838372554654,10.790985233887115,10.746264904341741,10.719972661123007,10.710782031828142,10.703217587390267,10.653390469398076,10.642006468987677,10.642914531554672,10.497188319083126,,10.906838372554654,,10.772800737273462,"rgba(239, 83, 80, 1.0)",0.2570315120723681,10.921412582218604,-0.9392334047765859,34.78930524167044,-11.075755250379075,False,True,False,True,False,0.0,0.0,0.0,0.0,0.0,0,0.9633333333333334,0.9553333333333335,False,False,False,False,-0.08694924125273364,-0.0798088671273797,False,False,False,False,-502032.0,-774591.9492178408,False,False,False,False,33787.44080552472,False,False,False,False
2025-08-27 18:00:00+00:00,10.675,10.77,10.675,10.765,11134.0,,,,,,,,,,10.66116628467032,10.805558224993563,10.940632198059227,11.100274662005576,11.074094944660121,10.906493290352836,10.790906931232152,10.746252319059574,10.719992093561217,10.710811313279672,10.703252338600576,10.653468913497973,10.642092358846446,10.642997094040693,10.497350869879458,,10.906493290352836,,10.773022922449291,"rgba(239, 83, 80, 0.75)",0.2588744347612999,10.921057710420053,-0.6028316800148621,38.86293737567531,-11.075755250379075,False,True,False,True,True,0.0,0.0,0.0,0.0,0.0,0,0.965643762508339,0.9482988659106071,False,False,False,False,-0.05930019893884965,-0.06955453303311468,False,False,False,False,-490898.0,-770193.5934160138,False,False,False,False,33436.22466900496,False,False,False,False
2025-08-27 19:00:00+00:00,10.765,10.795,10.725,10.79,33204.0,,,,,,,,,,10.688224363678113,10.803001084358312,10.936578859509742,11.095523008947593,11.071853391902371,10.905672811821042,10.790817437085597,10.746344818038464,10.72016509097077,10.711010319107155,10.703458504821517,10.653795352532333,10.642437531661166,10.643329765357718,10.4979016622622,,10.905672811821042,,10.774007600136938,"rgba(239, 83, 80, 0.5)",0.26089929367756226,10.920431100371523,-0.49992891330982336,42.57341237047747,-12.499290349644006,True,False,False,True,True,0.0,0.0,0.0,0.0,0.0,0,0.9676666666666667,0.9450000000000001,False,False,False,False,-0.0433926174240551,-0.056473575228584885,False,False,False,False,-457694.0,-765348.6384793314,False,False,False,False,33432.624286539765,False,False,False,False
2025-08-28 14:00:00+00:00,10.81,10.9,10.77,10.895,20941.0,,,,,,,,,,10.710829940559025,10.805257152407433,10.935374715706178,11.093360239178336,11.070849935060345,10.905481432679432,10.7909902425745,10.746611079086662,10.720458628604199,10.711315000220113,10.703753133388789,10.654150197548017,10.642798687940846,10.64367886679904,10.498356049037568,,10.905481432679432,,10.7755510200527,#000000,0.2614646032233581,10.92100075939966,-0.09944275086998997,48.55025660853646,-7.140255372185528,True,False,False,False,True,0.0,0.0,0.0,0.0,0.0,0,0.9685430463576159,0.9387417218543047,False,False,False,False,-0.011635160808481516,-0.034054368018533204,False,False,False,False,-436753.0,-760254.132456396,False,False,False,False,33238.955692949996,False,False,False,False
2025-08-28 15:00:00+00:00,10.895,10.895,10.855,10.88,18978.0,,,,,,,,,,10.728972529826928,10.807958732361048,10.934599753680306,11.091608667257281,11.070039011593828,10.905383143935142,10.791198785969064,10.746899267039149,10.720766211266275,10.711631478378415,10.70405726443787,10.654505274362807,10.643158241974751,10.644026586593956,10.498791800533056,,10.905383143935142,,10.776906449947326,"rgba(38, 166, 154, 1.0)",0.26236977893978225,10.921550007239944,-0.1583643032663422,51.875863213807264,-4.3149868749972455,True,False,True,False,True,0.0,0.0,0.0,0.0,0.0,0,0.978102189781022,0.9376244193762443,False,False,False,False,0.005288489348095432,-0.014382939335218886,False,False,False,False,-455731.0,-755532.843581103,False,False,False,False,33017.8556046872,False,False,False,False
2025-08-28 16:00:00+00:00,10.875,10.905,10.845,10.845,15613.0,,,,,,,,,,10.74020443960244,10.809680505262778,10.933852039698776,11.090111687574636,11.069336989195063,10.905270136320862,10.79134627703962,10.74711417095321,10.720999481029345,10.711872593257619,10.704289811631268,10.65478124795491,10.643438477804184,10.6442975678622,10.499138491873103,,10.905270136320862,,10.777715594470667,"rgba(38, 166, 154, 1.0)",0.2636075604870907,10.928964619001041,-0.3185212853754718,52.55186517408654,-3.77916749636654,True,False,True,False,True,0.0,0.0,0.0,0.0,0.0,0,0.9772423025435075,0.9447791164658634,False,False,False,False,0.005288489348095432,-0.004547224993561727,False,False,False,False,-471344.0,-751126.8149984502,False,False,False,False,32748.01288213391,False,False,False,False
2025-08-28 17:00:00+00:00,10.845,10.865,10.84,10.855,7797.0,,,,,,,,,,10.744684592710732,10.810328755321757,10.933422362800469,11.089333127394132,11.068968287779294,10.905197656440405,10.791408080271525,10.747210607422982,10.72110627652662,10.711983567974741,10.704397280020428,10.654911162470862,10.64357080510263,10.644425504559912,10.499305867825056,,10.905197656440405,,10.77801692897477,"rgba(38, 166, 154, 1.0)",0.26470120840249095,10.928777010663469,-0.27871807276106797,53.383007120608625,-2.8676152899336174,True,False,True,False,True,0.0,0.0,0.0,0.0,0.0,0,0.979454361737959,0.94004715392388,False,False,False,False,-0.00423081535681135,-0.0043890201751865384,False,False,False,False,-463547.0,-746668.2132155285,False,False,False,False,32361.17547310858,False,False,False,False
2025-08-28 18:00:00+00:00,10.855,10.875,10.845,10.855,10429.0,,,,,,,,,,10.750401785714285,10.81126370045287,10.932890195761303,11.088321615409411,11.068488478256125,10.905110341245537,10.791497212864371,10.747345388640088,10.721254244705474,10.712136973080533,10.704545601640344,10.65508903821263,10.643751753700892,10.64460047350263,10.499532655378813,,10.905110341245537,,10.778415297237688,"rgba(38, 166, 154, 1.0)",0.26534398887565097,10.928748318603738,-0.2779347627818252,53.937101751623345,-2.0674426592557467,True,False,True,False,True,0.0,0.0,0.0,0.0,0.0,0,0.9850998984083983,0.9329495428377921,False,False,False,False,-0.0010577137881783575,-0.002723366981682448,False,False,False,False,-463547.0,-742278.7370416444,False,False,False,False,32021.141744843328,False,False,False,False
2025-08-28 19:00:00+00:00,10.855,10.855,10.8,10.81,27194.0,,,,,,,,,,10.758665869245705,10.811766479641378,10.930872080001905,11.085311321933537,11.067031072743413,10.90470691278552,10.791601622071143,10.747579702894825,10.721535776263442,10.712435528300974,10.704839123049348,10.655467983441866,10.644141773272993,10.644977329174559,10.500062372253788,,10.90470691278552,,10.778732996471625,"rgba(38, 166, 154, 1.0)",0.2662252822346329,10.927263495768665,-0.4404671666957483,52.038709109523154,-2.0674426592557467,True,False,True,False,True,0.0,0.0,0.0,0.0,0.0,0,0.9813811780636426,0.9309410968178741,False,False,False,False,-0.01480879494229748,-0.008766080961989964,False,False,False,False,-490741.0,-738378.9271650297,False,False,False,False,31946.30233794653,False,False,False,False
2025-08-29 14:00:00+00:00,10.82,10.88,10.72,10.825,29449.0,,,,,,,,,,10.764207181779723,10.811595732044402,10.928510680460855,11.081966101414555,11.065387387000593,10.904204962531699,10.791664093953337,10.747786419332579,10.721798517339712,10.712717768487574,10.705119241184446,10.655843645819003,10.644530632640736,10.645352969447767,10.500610352139873,,10.904204962531699,,10.778753045705123,#000000,0.2659907198814876,10.92574662306838,-0.37875991731315944,51.53732900357892,-2.0674426592557467,True,False,False,False,True,0.0,0.0,0.0,0.0,0.0,0,0.9781439139206456,0.9283792871553462,False,False,False,False,-0.026448492533482554,-0.017607286747736258,False,False,False,False,-461292.0,-734083.0058136339,False,False,False,False,31907.58447224193,False,False,False,False
2025-08-29 15:00:00+00:00,10.825,10.84,10.705,10.735,32396.0,,,,,,,,,,10.763747268160616,10.808919258281907,10.925012566941097,11.077744488983907,11.063267693147356,10.90338343427615,10.791534569438744,10.74783196468606,10.721925305220067,10.712870358167223,10.705282161387904,10.65612446241479,10.644830686593556,10.645642252822777,10.501116592836759,,10.90338343427615,,10.777948870890592,"rgba(239, 83, 80, 0.5)",0.26746201212122955,10.922959115477166,-0.70275069714189,47.32583615340787,2.8082397780653636,True,False,False,True,False,0.0,0.0,0.0,0.0,0.0,0,0.9788732394366197,0.931924882629108,False,False,False,False,-0.204469282323482,-0.11103828453560913,False,False,False,False,-493688.0,-730355.9514599341,False,False,False,False,31915.156806005623,False,False,False,False
2025-08-29 16:00:00+00:00,10.735,10.775,10.71,10.775,14122.0,,,,,,,,,,10.763273585786846,10.807690100464114,10.923472935762923,11.075900774966064,11.062332751463703,10.903011722588408,10.791466571865294,10.747840893036614,10.721970680063139,10.712927201468158,10.705344262873695,10.65623857606505,10.644953454837182,10.645760575444742,10.50133098742383,,10.903011722588408,,10.777567671607319,"rgba(239, 83, 80, 0.5)",0.2662121351496013,10.921824245832333,-0.5515310027088849,46.62009509796071,1.9540550005106567,True,False,False,True,False,0.0,0.0,0.0,0.0,0.0,0,0.9732334047109209,0.9582441113490364,False,False,False,False,-0.22365611972505275,-0.16734720213033094,False,False,False,False,-479566.0,-726467.7351582297,False,False,False,False,31639.29390978848,False,False,False,False
2025-08-29 17:00:00+00:00,10.775,10.775,10.7,10.7,39549.0,,,,,,,,,,10.758949051773888,10.802867949010965,10.918610355168695,11.070403296269582,11.059506836460846,10.901785257276837,10.791136886971945,10.747737549470903,10.721982886962001,10.712974512613743,10.705415148403747,10.656463891239627,10.64520629939884,10.646003647140649,10.501862180483377,,10.901785257276837,,10.776060383243042,"rgba(239, 83, 80, 0.5)",0.25725967530988797,10.918151858259233,-0.8479831049948013,43.45541286441326,-1.202521387932869,False,False,False,True,False,0.0,0.0,0.0,0.0,0.0,0,0.9597267170082705,0.9593671341244158,False,False,False,False,-0.22686936669763005,-0.19710828441398048,False,False,False,False,-519115.0,-723252.9640705051,False,False,False,False,31761.925011962303,False,False,False,False
2025-08-29 18:00:00+00:00,10.705,10.705,10.65,10.655,62118.0,,,,,,,,,,10.745542594749356,10.791719147430175,10.909398054719587,11.060787141371229,11.05444835053547,10.899303839150928,10.790200438730984,10.747189010116287,10.72165595112874,10.712711616914754,10.705215674437197,10.65653320060598,10.645328700411051,10.64611870938194,10.502487032192622,,10.899303839150928,,10.772575964125087,"rgba(239, 83, 80, 1.0)",0.24843724169912867,10.911128717116929,-1.0309594300966998,40.012999562782866,-4.5091882484398695,False,True,False,True,False,0.0,0.0,0.0,0.0,0.0,0,0.9525877669200146,0.9648932319942093,False,False,False,False,-0.2658105199525457,-0.23145940218326308,False,False,False,False,-581233.0,-721051.1041624353,False,False,False,False,32232.561833482265,False,False,False,False
2025-08-29 19:00:00+00:00,10.655,10.68,10.595,10.62,56565.0,,,,,,,,,,10.731799639432051,10.780357957654216,10.900332555267669,11.051603434059562,11.049506994555237,10.896719927738514,10.789092251829057,10.74645145984325,10.721143511020394,10.712262648038061,10.704840371013644,10.656417795921376,10.645267558169007,10.646055881126264,10.502922713291333,,10.896719927738514,,10.768984979930643,"rgba(239, 83, 80, 1.0)",0.24313406008039928,10.904477622952077,-1.170044307482084,36.7671705292576,-7.5626691438447295,False,True,False,True,False,0.0,0.0,0.0,0.0,0.0,0,0.9492201668480234,0.963728690605731,False,False,False,False,-0.29220896128455287,-0.261834181733908,False,False,False,False,-637798.0,-719760.3583614673,False,False,False,False,32609.808936839127,False,False,False,False
2025-09-01 14:00:00+00:00,10.62,10.62,10.62,10.62,0.0,,,,,,,,,,10.731799639432051,10.780357957654216,10.900332555267669,11.051603434059562,11.049506994555237,10.896719927738514,10.789092251829057,10.74645145984325,10.721143511020394,10.712262648038061,10.704840371013644,10.656417795921376,10.645267558169007,10.646055881126264,10.502922713291333,,10.896719927738514,,10.768984979930643,"rgba(239, 83, 80, 1.0)",0.23702029791059978,10.904477622952077,-1.200224729526661,34.603284506907414,-9.61387016863874,False,True,False,True,False,0.0,0.0,0.0,0.0,0.0,0,0.9498719356019028,0.9688986461763631,False,False,False,False,-0.30388196823806507,-0.28285807498598653,False,False,False,False,-637798.0,-718489.624123305,False,False,False,False,32104.230503709838,False,False,False,False
2025-09-01 15:00:00+00:00,10.62,10.62,10.62,10.62,0.0,,,,,,,,,,10.731799639432051,10.780357957654216,10.900332555267669,11.051603434059562,11.049506994555237,10.896719927738514,10.789092251829057,10.74645145984325,10.721143511020394,10.712262648038061,10.704840371013644,10.656417795921376,10.645267558169007,10.646055881126264,10.502922713291333,,10.896719927738514,,10.768984979930643,"rgba(239, 83, 80, 1.0)",0.229301171011041,10.904477622952077,-1.2406287403494352,33.16069382534063,-11.07139719659105,False,True,False,True,False,0.0,0.0,0.0,0.0,0.0,0,0.9521868050407709,0.9696071163825057,False,False,False,False,-0.30388196823806507,-0.2933700216120258,False,False,False,False,-637798.0,-717238.5911911607,False,False,False,False,31606.490495900383,False,False,False,False
2025-09-01 16:00:00+00:00,10.62,10.62,10.62,10.62,0.0,,,,,,,,,,10.731799639432051,10.780357957654216,10.900332555267669,11.051603434059562,11.049506994555237,10.896719927738514,10.789092251829057,10.74645145984325,10.721143511020394,10.712262648038061,10.704840371013644,10.656417795921376,10.645267558169007,10.646055881126264,10.502922713291333,,10.896719927738514,,10.768984979930643,"rgba(239, 83, 80, 1.0)",0.21647353832004557,10.904477622952077,-1.3141450228040896,32.198966704296105,-12.177227226340591,False,True,False,True,False,0.0,0.0,0.0,0.0,0.0,0,0.9677051671732523,0.957066869300912,False,False,False,False,-0.30388196823806507,-0.29862599492504543,False,False,False,False,-637798.0,-716006.9541184296,False,False,False,False,31116.46738743681,False,False,False,False
2025-09-01 17:00:00+00:00,10.62,10.62,10.62,10.62,0.0,,,,,,,,,,10.731799639432051,10.780357957654216,10.900332555267669,11.051603434059562,11.049506994555237,10.896719927738514,10.789092251829057,10.74645145984325,10.721143511020394,10.712262648038061,10.704840371013644,10.656417795921376,10.645267558169007,10.646055881126264,10.502922713291333,,10.896719927738514,,10.768984979930643,"rgba(239, 83, 80, 1.0)",0.21221912014463318,10.904477622952077,-1.3404900687468635,31.55781529026642,-13.071441603313055,False,True,False,True,False,0.0,0.0,0.0,0.0,0.0,0,0.9712202609363008,0.9474290099769762,False,False,False,False,-0.30388196823806507,-0.30125398158155525,False,False,False,False,-637798.0,-714794.4121941128,False,False,False,False,30634.041536468794,False,False,False,False
2025-09-01 18:00:00+00:00,10.62,10.62,10.62,10.62,0.0,,,,,,,,,,10.731799639432051,10.780357957654216,10.900332555267669,11.051603434059562,11.049506994555237,10.896719927738514,10.789092251829057,10.74645145984325,10.721143511020394,10.712262648038061,10.704840371013644,10.656417795921376,10.645267558169007,10.646055881126264,10.502922713291333,,10.896719927738514,,10.768984979930643,"rgba(239, 83, 80, 1.0)",0.20915537997617975,10.904477622952077,-1.3601257734057655,31.13038101424663,-13.832922472271058,False,True,False,True,False,0.0,0.0,0.0,0.0,0.0,0,0.9717601547388782,0.944294003868472,False,False,False,False,-0.30388196823806507,-0.30256797490981013,False,False,False,False,-637798.0,-713600.6693693978,False,False,False,False,30159.095156058425,False,False,False,False
2025-09-01 19:00:00+00:00,10.62,10.62,10.62,10.62,0.0,,,,,,,,,,10.731799639432051,10.780357957654216,10.900332555267669,11.051603434059562,11.049506994555237,10.896719927738514,10.789092251829057,10.74645145984325,10.721143511020394,10.712262648038061,10.704840371013644,10.656417795921376,10.645267558169007,10.646055881126264,10.502922713291333,,10.896719927738514,,10.768984979930643,"rgba(239, 83, 80, 1.0)",0.205243757517755,10.904477622952077,-1.3860476264544561,30.845424830233437,-14.504640717902682,False,True,False,True,False,0.0,0.0,0.0,0.0,0.0,0,0.9712397979012826,0.9409249902837156,False,False,False,False,-0.30388196823806507,-0.3032249715739376,False,False,False,False,-637798.0,-712425.4341853762,False,False,False,False,29691.51228542186,False,False,False,False
2025-09-02 14:00:00+00:00,10.475,10.515,10.4,10.515,33700.0,,,,,,,,,,10.714685993703618,10.76803579197208,10.89225076086485,11.044365100327312,11.045545746396133,10.894317630266762,10.787796520338176,10.745429164421573,10.720316899875233,10.711487634552979,10.704148802654856,10.655922160008773,10.644819213958163,10.645618288253624,10.502870061356418,,10.894317630266762,,10.765173984596704,"rgba(239, 83, 80, 1.0)",0.20374588925275092,10.884680768467472,-1.8144207464665711,26.91399430895641,-18.476453284562357,False,True,False,True,False,0.0,0.0,0.0,0.0,0.0,0,0.9631901840490799,0.9401840490797547,False,False,False,False,-0.34282825441539394,-0.32302661299466573,False,False,False,False,-671498.0,-711790.9003220369,False,False,False,False,29753.659381771908,False,False,False,False
2025-09-02 15:00:00+00:00,10.515,10.57,10.48,10.535,17624.0,,,,,,,,,,10.708370424213522,10.763055178937472,10.888656160128175,11.040989745011501,11.043682053923213,10.893226284217995,10.787234984053017,10.744999800809959,10.719978028479934,10.711173086797004,10.703870566633809,10.655738441647044,10.644657444687887,10.645460048705742,10.502896737225557,,10.893226284217995,,10.763599265698122,"rgba(239, 83, 80, 1.0)",0.20140468427237126,10.882936976184226,-1.7275515584021388,26.278921676293955,-19.258245259262715,False,True,False,True,False,0.0,0.0,0.0,0.0,0.0,0,0.9696737044145873,0.9401151631477929,False,False,False,False,-0.3011941759739688,-0.31211039448431727,False,False,False,False,-653874.0,-710892.9638829356,False,False,False,False,29565.602647170792,False,False,False,False
2025-09-02 16:00:00+00:00,10.535,10.535,10.465,10.465,29823.0,,,,,,,,,,10.696436001566482,10.753723869561831,10.882074946837063,11.034939617556448,11.040316334880497,10.891193453796886,10.786144323411428,10.74414367283155,10.719288194144534,10.71052736017297,10.7032949094195,10.655331531471765,10.644290942852928,10.645102134274927,10.502870965417543,,10.891193453796886,,10.760645217213092,"rgba(239, 83, 80, 1.0)",0.20268968426665104,10.87799733520822,-2.037584382759692,23.98254644587033,-21.597396668125963,False,True,False,True,False,0.0,0.0,0.0,0.0,0.0,0,0.9600470035252644,0.9608303956130045,False,False,False,False,-0.31648933175114413,-0.3142998631177307,False,False,False,False,-683697.0,-710471.3210320374,False,False,False,False,29569.593303803802,False,False,False,False
2025-09-02 17:00:00+00:00,10.46,10.52,10.455,10.475,14257.0,,,,,,,,,,10.6910501546096,10.749403485334813,10.878965635746352,11.032067855746533,11.038707266881822,10.890216873679144,10.785617029359404,10.743728451921097,10.718952757612419,10.710213071624253,10.703014423448595,10.655131901289025,10.644110743994274,10.644926168543465,10.502854450991157,,10.890216873679144,,10.75926401805213,"rgba(239, 83, 80, 1.0)",0.1996290027494632,10.875688676258955,-2.0071666478333525,23.38807561609306,-22.336599444567014,False,True,False,True,False,0.0,0.0,0.0,0.0,0.0,0,0.946687573500588,0.9615836926695417,False,False,False,False,-0.3241905849086076,-0.3192452240131691,False,False,False,False,-669440.0,-709835.1765199127,False,False,False,False,29332.188756458007,False,False,False,False
2025-09-02 18:00:00+00:00,10.475,10.485,10.445,10.475,20452.0,,,,,,,,,,10.683257974787919,10.743105363724409,10.874423059239957,11.027888878095649,11.03635328194717,10.888772739046999,10.784826436070071,10.74310093193191,10.718442700248117,10.70973402499028,10.702585918001454,10.654821401726823,10.643828896422253,10.644651039211526,10.502812643147859,,10.888772739046999,,10.757240352572827,"rgba(239, 83, 80, 1.0)",0.19810305353483618,10.872230928998812,-2.0051731758337583,22.991761729574883,-22.956923385871793,False,True,False,True,False,0.0,0.0,0.0,0.0,0.0,0,0.9454045561665356,0.9638648860958369,False,False,False,False,-0.33814775462715224,-0.3286964893201607,False,False,False,False,-669440.0,-709208.8947134024,False,False,False,False,29194.51141139664,False,False,False,False
2025-09-02 19:00:00+00:00,10.475,10.495,10.45,10.495,47292.0,,,,,,,,,,10.668044822134263,10.730144351760801,10.864585354610941,11.018655546132047,11.031094058356045,10.885562592282312,10.783080152525192,10.741721934855033,10.717325833896899,10.708686724867245,10.701650085658791,10.654152029196707,10.643223713885586,10.644059997119689,10.502748936330597,,10.885562592282312,,10.752982408907476,"rgba(239, 83, 80, 0.75)",0.19441584946328,10.865273611664568,-1.9045443706713001,24.829863388838213,-22.956923385871793,False,True,False,True,True,0.0,0.0,0.0,0.0,0.0,0,0.9429807314195829,0.9653952025167128,False,False,False,False,-0.3334814871839995,-0.3310889882520801,False,False,False,False,-622148.0,-707859.1134000163,False,False,False,False,29475.092629824598,False,False,False,False
2025-09-03 14:00:00+00:00,10.545,10.545,10.45,10.465,56580.0,,,,,,,,,,10.653137959685257,10.71659327795899,10.853634824941185,11.008141388384335,11.025005673574112,10.88184966471365,10.781062395351348,10.740132525769798,10.716040440108507,10.707482379437819,10.700574112272884,10.653388298052537,10.642534857579303,10.643386936212055,10.502695383267769,,10.88184966471365,,10.74837734115397,"rgba(239, 83, 80, 0.75)",0.19305609976808233,10.857881323625081,-2.0350629899653443,24.91183193113212,-22.956923385871793,False,True,False,True,True,0.0,0.0,0.0,0.0,0.0,0,0.9435294117647057,0.9611764705882356,False,False,False,False,-0.31802665182802414,-0.3245578200400521,False,False,False,False,-678728.0,-707407.4682310238,False,False,False,False,29895.323751842818,False,False,False,False
2025-09-03 15:00:00+00:00,10.465,10.48,10.45,10.465,71454.0,,,,,,,,,,10.635446895393658,10.700070741234315,10.83991546910448,10.994914985773786,11.01720687796916,10.877006551720903,10.77836844365424,10.73798418837426,10.714286046446883,10.705832555301669,10.699094488314719,10.652309631146565,10.641553795076629,10.642428737447936,10.502537525405993,,10.877006551720903,,10.742597128824345,"rgba(239, 83, 80, 0.75)",0.1886739644595163,10.848419522341533,-2.0321803458145054,24.966477625994724,-22.956923385871793,False,True,False,True,True,0.0,0.0,0.0,0.0,0.0,0,0.9433293978748523,0.9673356946084221,False,False,False,False,-0.33814775462715224,-0.3313527873336022,False,False,False,False,-678728.0,-706962.8253127133,False,False,False,False,30539.644313829747,False,False,False,False
2025-09-03 16:00:00+00:00,10.465,10.48,10.425,10.47,71854.0,,,,,,,,,,10.62014607712417,10.68509553664211,10.826834053287762,10.982089252947668,11.009488371070903,10.872171511375143,10.775648671974974,10.73580545387518,10.712499862734932,10.70415067767137,10.697583363985903,10.65119914515199,10.64054127244155,10.641439682618968,10.50235215480099,,10.872171511375143,,10.737136339180239,"rgba(239, 83, 80, 0.75)",0.17922010726158114,10.839520936087158,-2.061827446335709,25.6211566332545,-22.956923385871793,False,True,False,True,True,0.0,0.0,0.0,0.0,0.0,0,0.9356887653830885,0.9793568876538311,False,False,False,False,-0.34282825441539394,-0.3370905208744981,False,False,False,False,-606874.0,-705411.0605791828,False,False,False,False,31180.17696012696,False,False,False,False
2025-09-03 17:00:00+00:00,10.475,10.475,10.44,10.445,38153.0,,,,,,,,,,10.612829775811768,10.677714900042316,10.820156743836685,10.975462480604216,11.005439628291576,10.869618845568288,10.774200773159523,10.734641733595526,10.71154307246717,10.7032489162832,10.696772064504616,10.650599499393275,10.639993550326313,10.640904599224605,10.502243248736432,,10.869618845568288,,10.7343579887897,"rgba(239, 83, 80, 0.75)",0.18320180375997014,10.83500266894153,-2.128814569164994,24.960398064560405,-22.956923385871793,False,True,False,True,True,0.0,0.0,0.0,0.0,0.0,0,0.9250614250614249,1.0098280098280101,False,False,False,False,-0.33971943051348363,-0.33840497569399086,False,False,False,False,-645027.0,-704474.873593459,False,False,False,False,31288.28274369088,False,False,False,False
2025-09-03 18:00:00+00:00,10.45,10.45,10.42,10.42,54044.0,,,,,,,,,,10.602135495022395,10.667022867963526,10.810520518809616,10.965947931745477,10.999566258338646,10.86585605904631,10.772024401193088,10.732874254996183,10.71007841433272,10.701864377363044,10.695522763401422,10.649656553090457,10.639126858659283,10.640058197682022,10.502016606605128,,10.86585605904631,,10.730284770549956,"rgba(239, 83, 80, 1.0)",0.18755239508176516,10.828337988796363,-2.1771942108142355,23.56737782129931,-23.617944851833084,False,True,False,True,False,0.0,0.0,0.0,0.0,0.0,0,0.9207593891869581,0.989682212133719,False,False,False,False,-0.34282825441539394,-0.34061661505469243,False,False,False,False,-699071.0,-704391.0926075139,False,False,False,False,31641.084561618154,False,False,False,False
2025-09-03 19:00:00+00:00,10.42,10.435,10.41,10.415,85184.0,,,,,,,,,,10.586760713769001,10.65128770606116,10.79588742501695,10.951339422459657,10.990389908384776,10.859921088019089,10.768550657810144,10.730039003149692,10.707719181613307,10.699631099634113,10.693503928119434,10.64811961767308,10.637710579894415,10.638674949922242,10.501613041612904,,10.859921088019089,,10.724076554875996,"rgba(239, 83, 80, 1.0)",0.1921006915023505,10.818225826590014,-2.099033706940515,22.455277849978597,-24.809069781872033,False,True,False,True,False,0.0,0.0,0.0,0.0,0.0,0,0.9240663900414937,0.9834024896265562,False,False,False,False,-0.34282825441539394,-0.34172243473504316,False,False,False,False,-784255.0,-705629.2927221261,False,False,False,False,32471.207281593066,False,False,False,False
2025-09-04 14:00:00+00:00,10.38,10.385,10.215,10.335,55207.0,,,,,,,,,,10.572491519696136,10.637823026392011,10.784407177873769,10.940435523535811,10.98349605582649,10.855231749345279,10.765647314300388,10.72759626028391,10.705642542080101,10.697649088054941,10.691699247519315,10.646666644242499,10.636350545240736,10.637348192072828,10.501009237486045,,10.855231749345279,,10.71889960826335,"rgba(239, 83, 80, 1.0)",0.19815482162526046,10.809703712614823,-2.3956202969037803,19.53718384656739,-27.595356453247767,False,True,False,True,False,0.0,0.0,0.0,0.0,0.0,0,0.9112111292962356,0.9799509001636665,False,False,False,False,-0.34282825441539394,-0.3422753445752186,False,False,False,False,-839462.0,-707704.2184163567,False,False,False,False,32823.70019195596,False,False,False,False
2025-09-04 15:00:00+00:00,10.335,10.335,10.265,10.305,33262.0,,,,,,,,,,10.564284294726665,10.62998069676349,10.777608631804231,10.933941940880661,10.979348907336503,10.852393699213277,10.763877665976105,10.726103184857699,10.704370363234535,10.69643399458266,10.690591751408933,10.645771324638744,10.635511524339622,10.636529625071221,10.500628181877222,,10.852393699213277,,10.715825052447437,"rgba(239, 83, 80, 1.0)",0.20409351327802536,10.804683618914323,-2.4483072043236964,17.04443077318591,-29.869175914795793,False,True,False,True,False,0.0,0.0,0.0,0.0,0.0,0,0.9140401146131805,0.9889480147359806,False,False,False,False,-0.34282825441539394,-0.34255179949530623,False,False,False,False,-872724.0,-710262.6646424596,False,False,False,False,32830.49553781711,False,False,False,False
2025-09-04 16:00:00+00:00,10.305,10.38,10.295,10.305,15408.0,,,,,,,,,,10.560994792747643,10.62673785343586,10.774685847161791,10.931095620323386,10.977515108685223,10.85114809691412,10.763106568179591,10.72545561748466,10.7038201781595,10.695909134751313,10.69011369366886,10.645388175097674,10.63515328586413,10.636179998795129,10.500474276072365,,10.85114809691412,,10.71451854982275,"rgba(239, 83, 80, 1.0)",0.20944310543538947,10.802566580272664,-2.3756646428552766,15.382595390931584,-31.348165979732002,False,True,False,True,False,0.0,0.0,0.0,0.0,0.0,0,0.915533580552122,0.9929954676555421,False,False,False,False,-0.322276893284568,-0.3324143463899371,False,False,False,False,-872724.0,-712781.4450355998,False,False,False,False,32560.37932792847,False,False,False,False
2025-09-04 17:00:00+00:00,10.305,10.325,10.26,10.265,36962.0,,,,,,,,,,10.552070209337534,10.618150672744639,10.767163074841793,10.923893385871274,10.972867656448198,10.847939068440139,10.76108527163592,10.723742831653919,10.70235596521144,10.694509059230583,10.688835869406548,10.64434832772406,10.634177050020075,10.63522751918872,10.500014409337748,,10.847939068440139,,10.711092024739505,"rgba(239, 83, 80, 1.0)",0.216006589822746,10.79701142845079,-2.462940731981169,13.59850228362242,-32.967598318400114,False,True,False,True,False,0.0,0.0,0.0,0.0,0.0,0,0.908154859967051,0.99341021416804,False,False,False,False,-0.34282825441539394,-0.3376213004026655,False,False,False,False,-909686.0,-715834.2288334974,False,False,False,False,32628.621508890817,False,False,False,False
2025-09-04 18:00:00+00:00,10.265,10.275,10.22,10.225,17718.0,,,,,,,,,,10.547334952499789,10.613671540844553,10.763322349484193,10.92026769579673,10.9705232387143,10.846296546348837,10.76003503815897,10.722846169825626,10.701585481955426,10.693770910976246,10.688161023727636,10.643792407309336,10.633653440456934,10.634716762018243,10.499750711689313,,10.846296546348837,,10.709315217987074,"rgba(239, 83, 80, 1.0)",0.2219508102309322,10.79413402860737,-2.564234967266875,11.877045917194184,-34.548882132174356,False,True,False,True,False,0.0,0.0,0.0,0.0,0.0,0,0.9038382170862568,1.0000000000000002,False,False,False,False,-0.34282825441539394,-0.34022477740902973,False,False,False,False,-927404.0,-719114.3803244509,False,False,False,False,32397.449082396382,False,False,False,False
2025-09-04 19:00:00+00:00,10.225,10.25,10.2,10.245,46742.0,,,,,,,,,,10.535185156822333,10.602096370980984,10.75329645231039,10.91076973094806,10.964340050716672,10.841946709903047,10.75724054260244,10.720456001678208,10.699528658109111,10.691799501353678,10.686357484088887,10.642303022355874,10.632249653093746,10.633347328939179,10.499035372516039,,10.841946709903047,,10.704663469094577,"rgba(239, 83, 80, 1.0)",0.22745358896957457,10.78664101158378,-2.3813254125272745,13.237076885390264,-34.548882132174356,False,True,False,True,False,0.0,0.0,0.0,0.0,0.0,0,0.9062370921106979,0.9962825278810412,False,False,False,False,-0.34282825441539394,-0.34152651591221184,False,False,False,False,-880662.0,-721618.9945829866,False,False,False,False,32619.845220653802,False,False,False,False
2025-09-05 14:00:00+00:00,10.355,10.365,10.205,10.205,45415.0,,,,,,,,,,10.525205107384348,10.59226513156914,10.744390665149009,10.90214170313559,10.958645805066308,10.83796104824263,10.754689883634292,10.718281353525589,10.697660325563724,10.690010182655483,10.684720717871532,10.6409595030263,10.630985251736831,10.632113400564295,10.498412945622515,,10.83796104824263,,10.700562868316505,"rgba(239, 83, 80, 0.75)",0.2333963878766739,10.780098484012218,-2.4640419213175577,13.313899215905895,-34.548882132174356,False,True,False,True,True,0.0,0.0,0.0,0.0,0.0,0,0.9081590815908158,0.9868798687986883,False,False,False,False,-0.311788727579677,-0.3266576217459444,False,False,False,False,-926077.0,-724788.8861398394,False,False,False,False,32818.21971335685,False,False,False,False
2025-09-05 15:00:00+00:00,10.205,10.245,10.17,10.185,25198.0,,,,,,,,,,10.518828219071766,10.586137983561006,10.739009667776665,10.89702735916806,10.955265981402952,10.835552842376407,10.75312089630895,10.7169316710095,10.696493774275739,10.68889045911476,10.683694460604887,10.640105085561213,10.630178154912985,10.631325965352515,10.497985411939437,,10.835552842376407,,10.698036528829123,"rgba(239, 83, 80, 0.75)",0.23961305142754485,10.776072410304405,-2.46677886193163,13.002929244159194,-34.548882132174356,False,True,False,True,True,0.0,0.0,0.0,0.0,0.0,0,0.9040983606557378,0.9979508196721315,False,False,False,False,-0.34282825441539394,-0.3347429380806692,False,False,False,False,-951275.0,-728300.2987578263,False,False,False,False,32700.076772064494,False,False,False,False
2025-09-05 16:00:00+00:00,10.185,10.25,10.14,10.205,22165.0,,,,,,,,,,10.513393874995316,10.580881844509044,10.734349179676322,10.892579201907038,10.952311268543994,10.833443969036145,10.751743945780458,10.715746434222172,10.69546871929687,10.68790639163963,10.682792218164838,10.639353408264084,10.629467959606739,10.630633012520828,10.497608252776532,,10.833443969036145,,10.695845312062666,"rgba(239, 83, 80, 0.75)",0.24456171497688917,10.77259290561997,-2.3208575621642433,15.225926598354745,-34.548882132174356,False,True,False,True,True,0.0,0.0,0.0,0.0,0.0,0,0.8952814569536424,1.009519867549669,False,False,False,False,-0.34282825441539394,-0.33878559624803156,False,False,False,False,-929110.0,-731413.6274592554,False,False,False,False,32536.742248466595,False,False,False,False
2025-09-05 17:00:00+00:00,10.205,10.21,10.15,10.155,15653.0,,,,,,,,,,10.509350296430238,10.577002143126096,10.730944692923071,10.88935251123822,10.95016518963184,10.8319008859455,10.750728990799775,10.714869703871077,10.69470866549661,10.687176090887089,10.682122108396552,10.638792105915286,10.628936888283231,10.630114877080532,10.497318791059598,,10.8319008859455,,10.69423226273898,"rgba(239, 83, 80, 0.75)",0.25011291143896014,10.770035108758316,-2.459029824649479,15.46433844958429,-37.79518686414197,False,True,False,True,True,0.0,0.0,0.0,0.0,0.0,0,0.8895833333333333,1.01875,False,False,False,False,-0.34282825441539394,-0.34080692533171275,False,False,False,False,-944763.0,-734721.3696691894,False,False,False,False,32274.978802753936,False,False,False,False
2025-09-05 18:00:00+00:00,10.155,10.185,10.15,10.175,18895.0,,,,,,,,,,10.504571434356354,10.572396921590583,10.726877477322603,10.885486832907015,10.94758477565183,10.830043085590813,10.749505030179215,10.713811908919174,10.693791210740267,10.686294439112835,10.681312911093265,10.638113929508854,10.62829513161312,10.629488715210135,10.496968276317823,,10.830043085590813,,10.692302805340926,"rgba(239, 83, 80, 0.75)",0.2499459040571768,10.766983380908872,-2.36844601691673,17.82650267803876,-35.45909319293138,False,True,False,True,True,0.0,0.0,0.0,0.0,0.0,0,0.8881441139505656,1.0184331797235024,False,False,False,False,-0.34282825441539394,-0.3418175898735534,False,False,False,False,-925868.0,-737684.8833177291,False,False,False,False,32067.537270928293,False,False,False,False
2025-09-05 19:00:00+00:00,10.175,10.18,10.12,10.135,77037.0,,,,,,,,,,10.485047458480878,10.553549540045193,10.710170080806042,10.869610827655174,10.936905819146826,10.82229249480025,10.744354755883187,10.709345011433923,10.689906658196293,10.682558183417608,10.677879998175362,10.63522252988976,10.625555366559425,10.626815379702215,10.495438248536924,,10.82229249480025,,10.684310156848602,"rgba(239, 83, 80, 0.75)",0.254716288029234,10.754415179301892,-2.4317847283908347,18.27129321758691,-34.94404302913533,False,True,False,True,True,0.0,0.0,0.0,0.0,0.0,0,0.8817610062893081,1.0201257861635225,False,False,False,False,-0.34282825441539394,-0.3423229221444737,False,False,False,False,-1002905.0,-741796.8231112526,True,False,False,False,32764.73824347204,False,False,False,False
2025-09-08 14:00:00+00:00,10.185,10.255,10.075,10.245,204987.0,,,,,,,,,10.191666666666666,10.44801067905101,10.515545547817359,10.673367239197471,10.833021914948855,10.911422836736781,10.803862127784065,10.732102900638496,10.6987489922445,10.68069589478263,10.67370475785586,10.669737388083183,10.628408367680873,10.61910767805807,10.620518805310729,10.491964685223385,,10.803862127784065,,10.636992905129997,"rgba(239, 83, 80, 0.5)",0.2560743663100336,10.700623593334619,-1.7792627973664046,27.121624030396266,-26.80516568821936,False,False,False,True,True,0.0,0.0,0.0,0.0,0.0,0,0.8776441310659476,1.013687266694318,True,False,False,False,-0.3354025638322278,-0.33886274298835073,False,False,False,False,-797918.0,-742666.9188769696,False,False,False,False,35434.85082884457,False,False,False,False
2025-09-08 15:00:00+00:00,10.245,10.345,10.245,10.325,62121.0,,,,,,,,,10.218024469502971,10.442741085035896,10.509051534507911,10.665610482002354,10.824524752095654,10.905203200052396,10.799482619224671,10.729252810481386,10.69632166267356,10.678602846058782,10.671700519096452,10.667895638231723,10.626909682882737,10.617699475981748,10.619141266813266,10.49131903482849,,10.799482619224671,,10.635217567466874,"rgba(239, 83, 80, 0.5)",0.2558526990352216,10.696539875807309,-1.452163206439976,36.813915827351636,-18.38036170422667,True,False,False,True,True,0.0,0.0,0.0,0.0,0.0,0,0.888797023563456,1.0103348491112032,False,False,False,False,-0.27242450998257456,-0.3056436264854626,False,False,False,False,-735797.0,-742560.408506784,False,False,False,False,35848.589575684186,False,False,False,False
2025-09-08 16:00:00+00:00,10.325,10.425,10.325,10.355,76161.0,,,,,,,,,10.251373456385517,10.439524967939862,10.503924198902569,10.658129039477979,10.815698459513978,10.898536271538598,10.794891513236033,10.72632399524465,10.693861341232127,10.676498001964129,10.669692125716974,10.666052527642464,10.62544891354844,10.616336345020356,10.617805915561858,10.490800531177538,,10.794891513236033,,10.63405610025644,"rgba(239, 83, 80, 0.5)",0.25474196448263575,10.693130346245857,-1.3273445030251574,44.443769942916035,-12.116914099251694,True,False,False,True,True,0.0,0.0,0.0,0.0,0.0,0,0.9073920265780732,1.0033222591362128,False,False,False,False,-0.23472011886468183,-0.2701818726750722,False,False,False,False,-659636.0,-741274.7587624927,False,False,False,False,36473.58818691389,False,False,False,False
2025-09-08 17:00:00+00:00,10.355,10.36,10.3,10.335,57760.0,,,,,,,,,10.26293804604322,10.436101596702521,10.499292119651242,10.652014826017062,10.808698856002154,10.893247393996353,10.791180582379738,10.72391002561547,10.691812508928392,10.67473296650412,10.66800343903869,10.664499479519762,10.624195610105856,10.615161071008934,10.616655178374424,10.49029334434348,,10.791180582379738,,10.632046065264463,#000000,0.25176717759016076,10.689422479779138,-1.4077390197227517,48.40359821104549,-9.165141463025705,True,False,False,False,True,0.0,0.0,0.0,0.0,0.0,0,0.9027431421446385,1.0087281795511225,False,False,False,False,-0.2558416742941071,-0.26301177348458965,False,False,False,False,-717396.0,-740904.5454483455,False,False,False,False,36803.61007548887,False,False,False,False
2025-09-08 18:00:00+00:00,10.335,10.385,10.315,10.375,44972.0,,,,,,,,,10.272557120574467,10.434226102026061,10.49640139969879,10.64779386025186,10.80368447717079,10.889389627663913,10.788497461585157,10.722177252232525,10.69035019870947,10.673477022309344,10.666803586228461,10.663396311836358,10.623315448814212,10.614338144472988,10.615848840389193,10.489966691577264,,10.788497461585157,,10.630763971596302,"rgba(38, 166, 154, 1.0)",0.24981393075648073,10.686960270696964,-1.2487705139272802,52.68855198409214,-5.651089084739091,True,False,True,False,True,0.0,0.0,0.0,0.0,0.0,0,0.9027431421446384,1.00831255195345,False,False,False,False,-0.2464277783509381,-0.25471977591776385,False,False,False,False,-672424.0,-739842.8315654254,False,False,False,False,36930.25177974485,False,False,False,False
2025-09-08 19:00:00+00:00,10.37,10.41,10.355,10.37,104223.0,,,,,,,,,10.292593168115774,10.431267601079664,10.491044633449867,10.6391078223149,10.792985138524354,10.880988388899091,10.782688613089356,10.718441298917451,10.687211287179256,10.670786650576147,10.66423633263741,10.661035642886276,10.621450177706297,10.612598548809881,10.614142997798393,10.489329932655957,,10.782688613089356,,10.628119264665004,"rgba(38, 166, 154, 1.0)",0.24822964157198996,10.681887115246727,-1.256445899335824,55.225801977814605,-3.5273553402820497,True,False,True,False,True,0.0,0.0,0.0,0.0,0.0,0,0.9090153718321562,1.0016618196925635,False,False,False,False,-0.23122024497726013,-0.24297001044751199,False,False,False,False,-776647.0,-740413.4388279769,False,False,False,False,37973.550201764316,False,False,False,False
2025-09-09 14:00:00+00:00,10.575,10.685,10.495,10.595,38420.0,,,,,,,,,10.312113292018038,10.434337465652566,10.492699845563711,10.638550706630566,10.791135536693378,10.879245677139906,10.781696530059849,10.717935555496483,10.686858271945395,10.67052167742163,10.663999034566382,10.660824522786937,10.621366817261224,10.61254182687101,10.614083648183064,10.489544663368322,,10.781696530059849,,10.629215941978654,"rgba(38, 166, 154, 1.0)",0.2442077279989681,10.676379711023674,-0.3332397041260614,62.76524723848859,3.3436212875185305,True,False,True,False,True,0.0,0.0,0.0,0.0,0.0,0,0.9111654441727791,0.9861450692746536,False,False,False,False,-0.13626431508717315,-0.18961716276734258,False,False,False,False,-738227.0,-740379.5405515742,False,False,False,False,37980.47190406254,False,False,False,False
2025-09-09 15:00:00+00:00,10.6,10.62,10.55,10.585,10880.0,,,,,,,,,10.317065566460503,10.435149635239023,10.493127818328032,10.638373212089569,10.790600614563894,10.878744621473164,10.781407665194031,10.717785545493616,10.686751808411275,10.670440646319566,10.663925949199358,10.660759229072125,10.621338015644037,10.61252070784323,10.614061916754528,10.489601349442209,,10.781407665194031,,10.62947839384551,"rgba(38, 166, 154, 1.0)",0.24043498493768645,10.676491922983534,-0.3805266650660039,67.2305988478237,7.311482848919958,True,False,True,False,True,0.0,0.0,0.0,0.0,0.0,0,0.9110117838277123,0.9926859000406341,False,False,False,False,-0.13851737080144239,-0.16406726678439248,False,False,False,False,-749107.0,-740514.8500003869,False,False,False,False,37560.309548960795,False,False,False,False
2025-09-09 16:00:00+00:00,10.585,10.615,10.57,10.575,14385.0,,,,,,,,,10.32338280863559,10.43622189381279,10.493697762591195,10.638147607856794,10.789903312923201,10.878088508000321,10.78103027210632,10.717590211517168,10.686613688781799,10.670335831681067,10.663831562805164,10.660674968752186,10.621301748882793,10.612494522967939,10.614034879237943,10.489677501274606,,10.78103027210632,,10.62981419261418,"rgba(38, 166, 154, 1.0)",0.23681278955601354,10.676689749824842,-0.4294098727332031,69.60473819862935,9.52657927392363,True,False,True,False,True,0.0,0.0,0.0,0.0,0.0,0,0.9311639549436797,0.9920734251147268,False,False,False,False,-0.13513830402027735,-0.1496027854023349,False,False,False,False,-763492.0,-740871.0848841019,False,False,False,False,37201.00242417071,False,False,False,False
2025-09-09 17:00:00+00:00,10.575,10.595,10.545,10.555,15978.0,,,,,,,,,10.329511780155276,10.437226260341461,10.494177083885537,10.637794819094838,10.789052384010441,10.877309256613163,10.780566259387227,10.717338134212241,10.686427559109925,10.670189648184,10.663697632761195,10.660554267679917,10.621236410530662,10.612441153869332,10.613981184297923,10.489743081855599,,10.780566259387227,,10.630077932249296,"rgba(38, 166, 154, 1.0)",0.23537554811120898,10.676580340713759,-0.5165376849438736,69.93062796751859,10.121218950398912,True,False,True,False,True,0.0,0.0,0.0,0.0,0.0,0,0.9179229480737019,0.9937185929648241,False,False,False,False,-0.14528502445967953,-0.14744390493100723,False,False,False,False,-779470.0,-741469.5176765964,False,False,False,False,36871.963626896744,False,False,False,False
2025-09-09 18:00:00+00:00,10.555,10.59,10.545,10.57,9482.0,,,,,,,,,10.333053562705313,10.437830276304371,10.494471742915298,10.637596577411323,10.788557913095119,10.87685356436679,10.780296079917418,10.71719219926276,10.686320396057933,10.670105831555407,10.663621003155738,10.660485276300262,10.621200001780664,10.612411760460123,10.613951539807308,10.48978366749731,,10.780296079917418,,10.630233212037071,"rgba(38, 166, 154, 1.0)",0.23397980585843922,10.676576360433199,-0.4554938407705085,70.55024928653111,11.243254439050034,True,False,True,False,True,0.0,0.0,0.0,0.0,0.0,0,0.9258322798145807,0.9882005899705015,False,False,False,False,-0.14641423627049813,-0.14692907060075266,False,False,False,False,-769988.0,-741911.6646893624,False,False,False,False,36447.31302803013,False,False,False,False
2025-09-09 19:00:00+00:00,10.565,10.64,10.565,10.63,28346.0,,,,,,,,,10.344881314133525,10.44019191957437,10.495847507849959,10.637377219072658,10.787381119628424,10.87568949112867,10.779656764616725,10.716884136831965,10.686118427754506,10.66996242433718,10.663496499413297,10.660376340065286,10.621180428260818,10.612410279058516,10.613947112544967,10.489971542391492,,10.779656764616725,,10.630960782916397,"rgba(38, 166, 154, 1.0)",0.23256730111852114,10.677513471579392,-0.20429987943652128,72.42902515766218,13.627977585535945,True,False,True,False,True,0.16227692279332118,0.0,0.0,0.0,0.0,0,0.930497051390059,0.9772535804549284,False,False,False,False,-0.1306376348213228,-0.13878335271103773,False,False,False,False,-741642.0,-741907.4838414652,False,False,False,False,36321.711275657566,False,False,False,False
2025-09-10 14:00:00+00:00,10.595,10.615,10.355,10.385,26462.0,,,,,,,,,10.348951967581755,10.440335625377534,10.495368583625138,10.635922080789552,10.785309042135339,10.87395898831612,10.77850001592661,10.716163307868065,10.685527790788667,10.669463483076514,10.66302366604209,10.659942473022534,10.620856142187902,10.612112481493831,10.613654100567915,10.489916501423611,,10.77850001592661,,10.630562890638949,"rgba(38, 166, 154, 0.75)",0.2316460487292955,10.675459689338417,-1.2538944261374065,63.08515633694272,22.144742632028752,True,False,True,False,False,0.0,0.0,0.0,0.0,0.0,0,0.9176029962546818,0.9783603828547649,False,False,False,False,-0.18390492095035868,-0.1613441368306982,False,False,False,False,-768104.0,-742313.6313788068,False,False,False,False,36168.847534949695,False,False,False,False
2025-09-10 15:00:00+00:00,10.385,10.465,10.34,10.415,18305.0,,,,,,,,,10.35043476653913,10.440046449700166,10.494708394373925,10.63468617106235,10.78369927913813,10.872643477425928,10.777595084939973,10.715582520227601,10.685042674345574,10.66904863872203,10.662628442160628,10.659578783501537,10.620573071960472,10.611849530042502,10.613395893498264,10.489833834650408,,10.777595084939973,,10.63008418826804,"rgba(38, 166, 154, 0.75)",0.2291493867359121,10.673776933808643,-1.1292935909397683,57.86332973684427,17.24818002283098,True,False,True,False,False,0.0,0.0,0.0,0.0,0.0,0,0.9169779991697801,0.9875466998754671,False,False,False,False,-0.2219141479596597,-0.19162914239517895,False,False,False,False,-749799.0,-742429.6836054919,False,False,False,False,35891.888658438846,False,False,False,False
2025-09-10 16:00:00+00:00,10.415,10.49,10.405,10.45,15833.0,,,,,,,,,10.352563005018432,10.440107558306972,10.494411756546715,10.633821250439224,10.78247056438718,10.871612791196762,10.776903431347636,10.715149441403343,10.684687031642529,10.668747685890489,10.662343061201813,10.659316736705922,10.620376407113646,10.611668707736053,10.613217984523528,10.489798220583276,,10.776903431347636,,10.629824727127719,"rgba(38, 166, 154, 0.75)",0.22691284988172117,10.672851686330596,-0.9821025404544441,55.54921817507798,14.998254559978278,True,False,True,False,False,0.0,0.0,0.0,0.0,0.0,0,0.9275603663613655,0.9820982514571193,False,False,False,False,-0.2011103914478491,-0.19636976692151403,False,False,False,False,-733966.0,-742298.4637046315,False,False,False,False,35580.898136602584,False,False,False,False
2025-09-10 17:00:00+00:00,10.455,10.455,10.42,10.455,7789.0,,,,,,,,,10.353523480830606,10.440119218106311,10.494251530341772,10.633387304446115,10.781860404003309,10.87110161557876,10.776559077934564,10.714932921335043,10.68450877321243,10.66859658228773,10.66219967406157,10.659185012553365,10.620277016142365,10.611577180802811,10.613127953601438,10.489778612808822,,10.776559077934564,,10.629686647377937,"rgba(38, 166, 154, 0.75)",0.22254166529617725,10.672401279912474,-0.9769014697680917,54.179703598032035,13.42880908854562,True,False,True,False,False,0.0,0.0,0.0,0.0,0.0,0,0.9200336700336701,0.9966329966329966,False,False,False,False,-0.20571802166787795,-0.201043894294696,False,False,False,False,-726177.0,-742048.5185309163,False,False,False,False,35150.01599494983,False,False,False,False
2025-09-10 18:00:00+00:00,10.455,10.495,10.445,10.46,11475.0,,,,,,,,,10.355260177631171,10.440259837186415,10.494124637973975,10.632829639311591,10.78102716900921,10.87039171166833,10.776088491706654,10.714641915102831,10.68427199777875,10.668397360777686,10.662011257454992,10.65901219091884,10.620150075579291,10.611461197180267,10.613013694066726,10.489764253252902,,10.776088491706654,,10.629544100412478,"rgba(38, 166, 154, 0.75)",0.21844866632649132,10.67191212184257,-0.9700774346951051,53.457240313717605,12.280672140634593,True,False,True,False,False,0.0,0.0,0.0,0.0,0.0,0,0.9122733024040489,0.9953606073386758,False,False,False,False,-0.19077364437811173,-0.19590876933640386,False,False,False,False,-714702.0,-741624.5414994293,False,False,False,False,34782.96148340021,False,False,False,False
2025-09-10 19:00:00+00:00,10.455,10.49,10.405,10.48,28003.0,,,,,,,,,10.358981715236643,10.44049047879889,10.49372731294665,10.631416803837173,10.778958744255299,10.868634171896899,10.774915307195693,10.713910844870178,10.683674292875972,10.667892821757373,10.661533425856978,10.658573529826551,10.619824403653473,10.6111626895604,10.61271977306193,10.48971666985272,,10.774915307195693,,10.629133311592676,"rgba(38, 166, 154, 0.75)",0.21573156493223464,10.670677132757614,-0.8838629285311543,53.780333136140555,12.010705827521335,True,False,True,False,False,0.0,0.0,0.0,0.0,0.0,0,0.9063686208350907,0.9991564740615774,False,False,False,False,-0.2011103914478491,-0.19850958039212646,False,False,False,False,-686699.0,-740772.9827164924,False,False,False,False,34677.84580148703,False,False,False,False
2025-09-11 14:00:00+00:00,10.72,10.73,10.555,10.625,11406.0,,,,,,,,,10.363006267778754,10.441504901685217,10.49437072576842,10.631434060317634,10.778588211850511,10.868231873293231,10.774707715122066,10.713821208088648,10.683623695769672,10.667862303078556,10.661509686765013,10.658554042601537,10.619838198924914,10.611182924094711,10.61273829291078,10.48980722831721,,10.774707715122066,,10.62942383352293,"rgba(38, 166, 154, 1.0)",0.21259130523863362,10.671215947445322,-0.21739340371161905,58.41554862584459,12.010705827521335,True,False,True,False,True,0.6587441056517562,0.0,0.0,0.0,0.0,0,0.9117034568929614,0.9870887130362349,False,False,False,False,-0.11268562219298338,-0.15559760129255493,False,False,False,False,-675293.0,-739757.7891860041,False,False,False,False,34317.04199061126,False,False,False,False
2025-09-11 15:00:00+00:00,10.625,10.835,10.615,10.835,26186.0,,,,,,,,,10.375844013704324,10.445261135439528,10.497104741663904,10.632409487241755,10.778487650139292,10.867809256403628,10.774662912481494,10.713948336182229,10.683816073625785,10.66807230955009,10.661728720561214,10.658764193578417,10.62010440202147,10.611456526777005,10.613002248634988,10.490191311838618,,10.774662912481494,,10.630791457490233,"rgba(38, 166, 154, 1.0)",0.21201665751319138,10.673881250189238,0.7599343924226252,64.96968641225989,6.805516778577612,True,False,True,False,True,6.890826565391386,0.0,0.0,0.0,0.0,0,0.9172185430463577,0.982615894039735,False,False,False,False,-0.07587392408308269,-0.11573576268781881,False,False,False,False,-649107.0,-738352.3505939731,False,False,False,False,34190.97932409015,False,False,False,False
2025-09-11 16:00:00+00:00,10.835,10.85,10.72,10.78,21028.0,,,,,,,,,10.386115728964128,10.448416495560414,10.499436577147103,10.63331180064735,10.778510665025658,10.867541085104902,10.774686766612739,10.714096066466492,10.68401267641515,10.668279152558643,10.661941900705301,10.658967733053064,10.620350054724234,10.611707104945427,10.613244328507744,10.490523508840445,,10.774686766612739,,10.631946352829925,"rgba(38, 166, 154, 1.0)",0.2117088771134821,10.676027744938867,0.49110956743396167,67.08646275260779,8.922591455691133,True,False,True,False,True,5.096367979827061,0.0,0.0,0.0,0.0,0,0.9126213592233011,1.0092866188265093,False,False,False,False,-0.04923574525879116,-0.08248575397330499,False,False,False,False,-670135.0,-737294.7172514308,False,False,False,False,33986.90212526704,False,False,False,False
2025-09-11 17:00:00+00:00,10.785,10.795,10.75,10.775,11134.0,,,,,,,,,10.39121580846748,10.450014301362122,10.500612978984162,10.633753650790954,10.778497677624532,10.867383000397279,10.774684797904586,10.714162772158742,10.68410601095173,10.668378879498958,10.662045200345176,10.659066590929902,10.620471862690358,10.611831773213206,10.613364708089883,10.490693100644743,,10.774684797904586,,10.632517694628362,"rgba(38, 166, 154, 1.0)",0.21072307945789664,10.677048039860798,0.46483736091552924,68.28904962595085,10.331665429106557,True,False,True,False,True,4.9338840776376856,0.0,0.0,0.0,0.0,0,0.9015764806135492,1.0115040477204944,False,False,False,False,-0.05477836142567416,-0.06863205769948957,False,False,False,False,-681269.0,-736426.1014800909,False,False,False,False,33632.59356518539,False,False,False,False
2025-09-11 18:00:00+00:00,10.775,10.8,10.755,10.775,9156.0,,,,,,,,,10.395345967740678,10.451329948497238,10.501584574921804,10.63412354795094,10.778493908271567,10.867257990501278,10.774687165757717,10.714220598743967,10.684185480076032,10.668463347905766,10.662132545028491,10.659150126113284,10.620574066858712,10.611936262656934,10.613465626132163,10.490834054420471,,10.774687165757717,,10.632986575723564,"rgba(38, 166, 154, 1.0)",0.21017260174086752,10.677871232608737,0.4621381026201411,69.09077420817957,11.503664665032481,True,False,True,False,True,4.9338840776376856,0.0,0.0,0.0,0.0,0,0.9022815325010763,1.0107619457597934,False,False,False,False,-0.052560930487871284,-0.060596494093680425,False,False,False,False,-681269.0,-735570.9526199345,False,False,False,False,33253.11149440732,False,False,False,False
2025-09-11 19:00:00+00:00,10.775,10.79,10.735,10.76,43659.0,,,,,,,,,10.413152767927293,10.45717775638937,10.505877392822496,10.635678464519875,10.778330334203016,10.8665686865713,10.77461340789279,10.71442898880842,10.684501389024557,10.668808731612033,10.662492903972423,10.659496189179952,10.62101292213574,10.612387484911704,10.6139010565806,10.491469093229908,,10.77461340789279,,10.634993598111343,"rgba(38, 166, 154, 1.0)",0.20965346783819094,10.681210394100248,0.375808741501769,68.86550028965272,11.79632351474504,True,False,True,False,True,4.430552469652277,0.0,0.0,0.0,0.0,0,0.8984946236559139,1.0034408602150537,False,False,False,False,-0.05921486017884323,-0.059905677136261826,False,False,False,False,-724928.0,-735405.9456025711,False,False,False,False,33414.44309914519,False,False,False,False
2025-09-12 14:00:00+00:00,10.77,10.915,10.76,10.82,59079.0,,,,,,,,,10.438982905536461,10.466489330450075,10.512995012900413,10.638859241110266,10.779022816257951,10.866263072843314,10.775047422279604,10.715121664248832,10.685308885865883,10.669621312129772,10.663317674606112,10.660279077889617,10.62189584248223,10.613278058573206,10.61476342518236,10.49254509769405,,10.775047422279604,,10.638361927503134,"rgba(38, 166, 154, 1.0)",0.20991004079183068,10.686726132676606,0.6349094441630979,70.04929004651909,13.47597833859431,True,False,True,False,True,6.19884031511252,0.0,0.0,0.0,0.0,0,0.902085994040017,0.9914857386121756,False,False,False,False,-0.025985767338575286,-0.042945722237418556,False,False,False,False,-665849.0,-734327.543345167,False,False,False,False,33812.343206135185,False,False,False,False
2025-09-12 15:00:00+00:00,10.825,10.825,10.79,10.805,20132.0,,,,,,,,,10.446556567576804,10.469347440987878,10.51516517705346,10.63978218009413,10.779144580706806,10.866085775504567,10.775129175449125,10.715305604809732,10.685535374084386,10.669853927178231,10.663555428536778,10.660505556382105,10.622159366183984,10.613545332432196,10.615022040397186,10.492883292222361,,10.775129175449125,,10.639348551224984,"rgba(38, 166, 154, 1.0)",0.20974065925362906,10.688246464685385,0.5566566622327179,70.00788541448229,14.010719354539873,True,False,True,False,True,5.683098026705874,0.0,0.0,0.0,0.0,0,0.9014989293361884,1.0077087794432549,False,False,False,False,0.009023655926989982,-0.016961033155214286,False,False,False,False,-685981.0,-733577.984533614,False,False,False,False,33600.24486185402,False,False,False,False
2025-09-12 16:00:00+00:00,10.805,10.89,10.805,10.865,40916.0,,,,,,,,,10.462901493174424,10.47579420630251,10.520168924771042,10.642142888406111,10.779802838050129,10.866009134039848,10.775537977467812,10.715866970101493,10.686169428811022,10.670484697803559,10.664192992084363,10.66110997123126,10.622827516877104,10.614216979502235,10.615672971111058,10.493670285255094,,10.775537977467812,,10.641660579686816,"rgba(38, 166, 154, 1.0)",0.20953236220406052,10.691840402649667,0.8264097990824693,71.32442708733191,15.804226717210938,True,False,True,False,True,7.434720110882736,0.0,0.0,0.0,0.0,0,0.9319787985865724,1.0017667844522968,False,False,False,False,0.029657101249609616,0.006348034047197665,False,False,False,False,-645065.0,-732205.6901997594,False,False,False,False,33713.66742213536,False,False,False,False
2025-09-12 17:00:00+00:00,10.865,10.955,10.825,10.935,37327.0,,,,,,,,,10.47853443443965,10.482268921741895,10.525294463760174,10.644767301465194,10.780808103644645,10.86622174644289,10.776152431406365,10.716566116511514,10.686921196131685,10.671217902607593,10.664928771886538,10.661805394766793,10.623569572507224,10.61495812640191,10.616392135574491,10.494487961954192,,10.776152431406365,,10.644055911327673,"rgba(38, 166, 154, 1.0)",0.21307962813917888,10.695562566881849,1.12369931940071,73.50116465822367,18.289356587304084,True,False,True,False,True,9.407930155645303,0.0,0.0,0.0,0.0,0,0.9240282685512368,0.9938162544169611,False,False,False,False,0.051608239403581835,0.02897813672538975,False,False,False,False,-607738.0,-730275.9585687553,False,False,False,False,33769.68808225729,False,False,False,False
2025-09-12 18:00:00+00:00,10.935,10.975,10.925,10.965,31074.0,,,,,,,,,10.492159148807207,10.48813196802348,10.530006684015463,10.647324587605127,10.78196473518625,10.86662292656488,10.776856299838787,10.717297606491446,10.687685686007574,10.671954591809937,10.665664731850825,10.66249970843954,10.624293572422015,10.615678107687042,10.617091353560655,10.495248793462945,,10.776856299838787,,10.646280031360824,"rgba(38, 166, 154, 1.0)",0.21824211697475918,10.699016194563452,1.2187556147437406,75.44907991657438,20.44832371414539,True,False,True,False,True,10.235084734320026,0.0,0.0,0.0,0.0,0,0.9390840373499334,0.9848821698532682,False,False,False,False,0.08268790752655475,0.05583302212597225,False,False,False,False,-576664.0,-727894.3778157514,False,False,False,False,33727.89446857889,False,False,False,False
2025-09-12 19:00:00+00:00,10.965,10.99,10.905,10.97,95462.0,,,,,,,,,10.529535158383533,10.505267470226942,10.543857654669305,10.654923596755623,10.785423851916631,10.867833017996636,10.778984404410869,10.719516995064565,10.690007228601008,10.674194029664367,10.667902485817764,10.664612279652234,10.626498109354934,10.617871004926345,10.619221462676768,10.497570487846845,,10.778984404410869,,10.652701202372775,"rgba(38, 166, 154, 1.0)",0.22321952189483302,10.708654998685661,1.170798141201416,76.83348152480579,22.02938860548481,True,False,True,False,True,10.37368606572139,0.0,0.0,0.0,0.0,0,0.9308817013735047,0.9831634913602125,False,False,False,False,0.08139014955878002,0.06861158584237613,False,False,False,False,-481202.0,-724069.6897876002,False,False,False,False,34685.01238379472,False,False,False,False
2025-09-15 14:00:00+00:00,11.055,11.06,10.97,10.995,20105.0,,,,,,,,,10.537542036599277,10.509126311666282,10.547024040700853,10.656752383477189,10.78635841377332,10.868237015646507,10.779559978831381,10.720083810849138,10.690588403193372,10.674749883932778,10.668456099206841,10.665134320675746,10.627033431223747,10.618401728509362,10.619737373187817,10.49811312980767,,10.779559978831381,,10.65418114758008,"rgba(38, 166, 154, 1.0)",0.22844700925168387,10.710865689286557,1.2437646334008554,78.20176474531459,23.57887172190469,True,False,True,False,True,11.07170094181716,0.0,0.0,0.0,0.0,0,0.9391802556192156,0.9735566328779197,False,False,False,False,0.11654034297825167,0.0925759644103139,False,False,False,False,-461097.0,-719992.5938219009,False,False,False,False,34458.96568016999,False,False,False,False
2025-09-15 15:00:00+00:00,10.995,11.02,10.885,11.005,20938.0,,,,,,,,,10.544944688070915,10.512778806051655,10.550005818486346,10.65843145529846,10.787156756814744,10.868540840933075,10.780056411696128,10.720593562868316,10.69111865840021,10.675260509819141,10.668965928106752,10.665615771309003,10.62753345225343,10.618898724370263,10.62022034919188,10.498634664058375,,10.780056411696128,,10.655547274858044,"rgba(38, 166, 154, 1.0)",0.23296150553914693,10.712858401926503,1.2540337829522046,79.29587188091524,24.864451798264767,True,False,True,False,True,11.35229081012286,0.0,0.0,0.0,0.0,0,0.9421378091872792,0.9779151943462897,False,False,False,False,0.08398594344289269,0.08828095392660329,False,False,False,False,-440159.0,-715654.0884913288,False,False,False,False,34249.338305283636,False,False,False,False
2025-09-15 16:00:00+00:00,11.005,11.005,10.95,10.985,28683.0,,,,,,,,,10.554912752978817,10.517796798109028,10.55411861878285,10.660775506436966,10.788298408454487,10.868994852145454,10.780767872622572,10.721316370763342,10.69186772735258,10.675980792795226,10.669684659350981,10.666294435330768,10.628236002268315,10.6195966100473,10.620898674684751,10.499362363587968,,10.780767872622572,,10.657431402856963,"rgba(38, 166, 154, 1.0)",0.23656165034598775,10.715594028593433,1.1388404291758272,78.38144286391898,24.864451798264767,True,False,True,False,True,10.585664389848127,0.0,0.0,0.0,0.0,0,0.9422043010752689,0.9982078853046594,False,False,False,False,0.12482302173730572,0.1065519878319545,False,False,False,False,-468842.0,-711827.5444837112,False,False,False,False,34163.03848659706,False,False,False,False
2025-09-15 17:00:00+00:00,10.985,11.005,10.98,11.005,11595.0,,,,,,,,,10.558966801798022,10.519866890160962,10.55582315282298,10.66176237749287,10.78879588065455,10.869204735255721,10.781077982581403,10.721626173291279,10.69218688623977,10.676286908536632,10.669989816183696,10.66658248340089,10.628532629825848,10.619890973792499,10.621184852939084,10.499666088458465,,10.781077982581403,,10.658215289589666,"rgba(38, 166, 154, 1.0)",0.23894499725190876,10.716732329820585,1.2064185209766412,78.27004942544153,24.864451798264767,True,False,True,False,True,11.163959849420138,0.0,0.0,0.0,0.0,0,0.9513513513513514,0.9891891891891891,False,False,False,False,0.13319369816245957,0.11987284299720705,False,False,False,False,-457247.0,-707880.5592979172,False,False,False,False,33813.14641703742,False,False,False,False
2025-09-15 18:00:00+00:00,11.005,11.005,10.975,10.995,14027.0,,,,,,,,,10.563717904159382,10.522321365455209,10.557844546884116,10.662930808196343,10.7893801300582,10.869447795970743,10.781443274933345,10.721993228697944,10.692565769354307,10.676650683216302,10.670352579241372,10.666925009351324,10.628885970749579,10.62024174775994,10.62152587136384,10.500029331278487,,10.781443274933345,,10.659141001041903,"rgba(38, 166, 154, 0.75)",0.2413213811683747,10.718067934478473,1.1475653925928155,77.2952291325725,24.864451798264767,True,False,True,False,False,10.771086930865813,0.0,0.0,0.0,0.0,0,0.9503161698283651,0.987353206865402,False,False,False,False,0.1317973273800719,0.12583508518863948,False,False,False,False,-471274.0,-704212.2405491122,False,False,False,False,33506.384457083346,False,False,False,False
2025-09-15 19:00:00+00:00,10.995,11.0,10.96,10.995,68805.0,,,,,,,,,10.58524835338096,10.533834459642735,10.567346047398184,10.668430511430884,10.792105056674721,10.870561934965284,10.7831606556325,10.723735191395464,10.694369345022084,10.678385471906939,10.672083538549773,10.6685604830168,10.630577592869953,10.62192210404775,10.62315961230351,10.501779307514038,,10.7831606556325,,10.663453729109474,"rgba(38, 166, 154, 0.75)",0.24422643089877175,10.724193386327489,1.1088341776765178,76.64534893732649,24.864451798264767,True,False,True,False,False,10.771086930865813,0.0,0.0,0.0,0.0,0,0.9528344671201816,0.9859410430839003,False,False,False,False,0.12621689542624026,0.12602599030743988,False,False,False,False,-471274.0,-700600.7949592035,False,False,False,False,34053.64981433787,False,False,False,False
2025-09-16 14:00:00+00:00,11.0,11.16,10.995,11.06,25708.0,,,,,,,,,10.59436265641984,10.538788831055724,10.571502920267909,10.67098695211102,10.793552538730093,10.871283823207301,10.784067259154185,10.724594087269294,10.69523678322614,10.679210451289936,10.672903184607122,10.669333427386967,10.631359074436553,10.622694897751511,10.62391157883163,10.502546613980316,,10.784067259154185,,10.665395942482846,"rgba(38, 166, 154, 0.75)",0.24853359118225637,10.727007029231334,1.33983084211934,78.03364839437904,24.864451798264767,True,False,True,False,False,12.693819047945471,0.0,0.0,0.0,0.0,0,0.959202175883953,0.9750679963735267,False,False,False,False,0.18101593503208543,0.15352096266976267,False,False,False,False,-445566.0,-696646.7671303786,False,False,False,False,33924.25989473573,False,False,False,False
2025-09-16 15:00:00+00:00,11.065,11.115,11.035,11.105,36601.0,,,,,,,,,10.60711132826874,10.545859626456046,10.57745893637137,10.67469045370545,10.795685244282973,10.872370488709832,10.785407608403544,10.725856320719974,10.696508414207573,10.680418738945066,10.674103171936713,10.670465083711791,10.632500467511383,10.62382310751086,10.625009579687008,10.503660995642015,,10.785407608403544,,10.668183097879396,"rgba(38, 166, 154, 1.0)",0.25394638364380934,10.731026041193495,1.4726492791133798,79.90086852428315,26.650255275197523,True,False,True,False,True,13.984158263768155,0.0,0.0,0.0,0.0,0,0.9592677345537759,0.9844393592677345,False,False,False,False,0.31605714619276665,0.23478905443126466,False,False,False,False,-408965.0,-692186.5846942486,False,False,False,False,33965.75974132898,False,False,False,False
2025-09-16 16:00:00+00:00,11.105,11.2,11.095,11.175,7433.0,,,,,,,,,10.609996032351342,10.547461184484382,10.5788200726972,10.675564444888991,10.796220895060749,10.872663748465124,10.785743117363893,10.726162514457648,10.69681309914944,10.680706552486033,10.674388369822825,10.670733752336892,10.632768163180373,10.624087054604447,10.625266566758505,10.503914620727082,,10.785743117363893,,10.668831886802183,"rgba(38, 166, 154, 1.0)",0.2618063550939332,10.731973666346622,1.6921909076440316,82.26313739095929,28.933623875041135,True,False,True,False,True,15.926063907059678,0.0,0.0,0.0,0.0,0,0.9947718631178709,0.9752851711026617,False,False,False,False,0.3428281801640133,0.28880861729763896,False,False,False,False,-401532.0,-687680.3120633301,False,False,False,False,33554.39912518434,False,False,False,False
2025-09-16 17:00:00+00:00,11.175,11.225,11.13,11.165,13888.0,,,,,,,,,10.61546739197328,10.55051243171759,10.581419045133826,10.677245244046846,10.797263550713458,10.873242124506808,10.78639646263886,10.72675555292632,10.69740189365135,10.681262177267207,10.674938722077714,10.671252134581929,10.633283488822647,10.624594931075315,10.62576110133253,10.504400058567919,,10.78639646263886,,10.6700747694396,"rgba(38, 166, 154, 1.0)",0.2688837955241978,10.733790413837966,1.6037023924084985,82.91378173568174,29.60188815515525,True,False,True,False,True,15.50616998514501,0.0,0.0,0.0,0.0,0,0.9980961446930036,0.969062351261304,False,False,False,False,0.34282818233193646,0.3158183998147877,False,False,False,False,-415420.0,-683459.2219538211,False,False,False,False,33249.49371239079,False,False,False,False
2025-09-16 18:00:00+00:00,11.165,11.165,11.135,11.145,5972.0,,,,,,,,,10.617683621701477,10.551763075020673,10.582482752055318,10.677928274626385,10.797680446547162,10.873469486834985,10.786658623697294,10.726995834028436,10.697641358799684,10.68148859797634,10.675163154483098,10.67146363333719,10.63349453867352,10.624803098528643,10.625963786110331,10.504600792750393,,10.786658623697294,,10.670580067198184,"rgba(38, 166, 154, 0.75)",0.275976154473246,10.734522934858893,1.4873642468298827,81.46908521155235,29.60188815515525,True,False,True,False,False,14.661164569802619,0.0,0.0,0.0,0.0,0,1.0076960076960078,0.9682539682539683,False,False,False,False,0.32313151576663796,0.31947495779071283,False,False,False,False,-421392.0,-679396.1642491107,False,False,False,False,32826.58683312892,False,False,False,False
2025-09-16 19:00:00+00:00,11.145,11.155,11.09,11.1,20824.0,,,,,,,,,10.624792823374886,10.55584195848798,10.585944141510339,10.680126868208037,10.798988967572965,10.874163564935968,10.787485822344347,10.727765425745307,10.69841276320619,10.68222014877245,10.6758890612855,10.672148203994842,10.634181545849037,10.62548153914638,10.62662428671407,10.505263569044644,,10.787485822344347,,10.67220816813706,"rgba(38, 166, 154, 0.75)",0.28135571086444855,10.736855101740426,1.290696738103636,76.71192376445254,30.36820518733387,True,False,True,False,False,12.779548173785066,0.0,0.0,0.0,0.0,0,0.9961464354527939,0.970616570327553,False,False,False,False,0.30367428052696555,0.3115746191588392,False,False,False,False,-442216.0,-675718.9524002873,False,False,False,False,32640.500215561024,False,False,False,False
2025-09-17 14:00:00+00:00,11.195,11.295,11.16,11.295,39978.0,,,,,,,,,10.641492606836293,10.565360470412788,10.594128645397387,10.685577582352062,10.802531414324209,10.876225631890335,10.789712055824253,10.729746478011227,10.700363081570801,10.684053628662701,10.677702354873404,10.673855376735832,10.63586376157632,10.627136512709557,10.628236469767526,10.506812771411965,,10.789712055824253,,10.676174927647292,"rgba(38, 166, 154, 0.75)",0.2924316659995672,10.742661814885292,1.8887769326442427,78.06589239092432,30.36820518733387,True,False,True,False,False,18.06299514408366,0.0,0.0,0.0,0.0,0,0.9914529914529915,0.9558404558404558,False,False,False,False,0.342828185676876,0.3272014024178576,False,False,False,False,-402238.0,-671478.9376343914,False,False,False,False,32754.25990214147,False,False,False,False
2025-09-17 15:00:00+00:00,11.295,11.38,11.285,11.355,6817.0,,,,,,,,,10.644659668620974,10.56716751263304,10.595692916883817,10.686643191344416,10.80325030062136,10.876659119543763,10.790163341534226,10.730140964384502,10.700748502492948,10.684414620734623,10.678058858464615,10.674190792158148,10.636191596840872,10.627458492177784,10.628550217759312,10.507108209418755,,10.790163341534226,,10.676943644100822,"rgba(38, 166, 154, 1.0)",0.30491243758593684,10.773983445598983,1.9055193648414661,79.7716332830337,30.36820518733387,True,False,True,False,True,19.541566716699368,0.0,0.0,0.0,0.0,0,1.0033050047214354,0.9475920679886684,False,False,False,False,0.3428281917805071,0.33501479709918236,False,False,False,False,-395421.0,-667198.969609052,False,False,False,False,32352.131841643153,False,False,False,False
2025-09-17 16:00:00+00:00,11.355,11.37,11.3,11.305,4781.0,,,,,,,,,10.646816212909577,10.56840533227654,10.596764055709516,10.687371361664205,10.803739276653598,10.876952829844827,10.790470780197978,10.73041052992553,10.701012198354043,10.684661772780137,10.678302997371611,10.674420534107606,10.636416440720799,10.627679384063521,10.628765459372287,10.507311556091235,,10.790470780197978,,10.677468795127687,"rgba(38, 166, 154, 1.0)",0.31513391976648697,10.774432573409985,1.6836252567897574,77.99378008182185,30.36820518733387,True,False,True,False,True,17.498994480133266,0.0,0.0,0.0,0.0,0,1.0066413662239089,0.954459203036053,False,False,False,False,0.3428281919126482,0.33892149450591524,False,False,False,False,-400202.0,-663059.4817081364,False,False,False,False,31924.672433245585,False,False,False,False
2025-09-17 17:00:00+00:00,11.305,11.31,11.245,11.26,5459.0,,,,,,,,,10.649069588539755,10.56971447211217,10.597893963733375,10.688131392028078,10.804239465147782,10.877247857553387,10.790786403181349,10.730690442778613,10.701287305501305,10.684920255776486,10.678558561817542,10.674661169383977,10.636653119856732,10.627912152636945,10.628992248272407,10.507528480026801,,10.790786403181349,,10.678017929896669,"rgba(38, 166, 154, 0.75)",0.32355655896125823,10.774223635982041,1.5013646009139439,74.4214694032917,28.81411122596097,True,False,True,False,False,15.69939664820965,0.0,0.0,0.0,0.0,0,1.000951022349025,0.9576795054683784,False,False,False,False,0.30729540492659246,0.32310844971625385,False,False,False,False,-405661.0,-659068.8075731265,False,False,False,False,31514.35193040457,False,False,False,False
2025-09-17 18:00:00+00:00,11.26,11.32,11.225,11.255,5634.0,,,,,,,,,10.651359681424571,10.571050890581782,10.599047508686596,10.688907012932455,10.804749058198079,10.877548026830071,10.791108327855067,10.730976358176783,10.701568467306519,10.685184515145972,10.678819866618978,10.674907237238697,10.6368952795291,10.628150342243593,10.629224319988124,10.507750764794187,,10.791108327855067,,10.67857797859691,"rgba(38, 166, 154, 0.75)",0.33141740373055084,10.774436385492193,1.4500252826146582,71.77345474212508,26.42443888331816,True,False,True,False,False,15.499770538909534,0.0,0.0,0.0,0.0,0,0.99667616334283,0.9582146248812914,False,False,False,False,0.304242012827518,0.3136752312718859,False,False,False,False,-411295.0,-655227.3531921478,False,False,False,False,31113.106164041707,False,False,False,False
2025-09-17 19:00:00+00:00,11.255,11.345,11.25,11.335,30586.0,,,,,,,,,10.664356776722205,10.57866400348878,10.605643112980331,10.693394804547648,10.807753768816863,10.879350129280112,10.793006987351651,10.732648365832022,10.703206652606578,10.686721553244466,10.68033867535177,10.67633709641885,10.638296915120279,10.62952788472154,10.63056670126919,10.509024016305984,,10.793006987351651,,10.681802340253642,"rgba(38, 166, 154, 0.5)",0.34093085346863283,10.779274423607871,1.6300243018142053,71.97700115071646,26.42443888331816,False,False,True,False,False,17.563692918256095,0.0,0.0,0.0,0.0,0,0.9995276334435521,0.9518186112423239,False,False,False,False,0.31956536621240383,0.31662029874214487,False,False,False,False,-380709.0,-650971.2546930447,False,False,False,False,31104.93397545191,False,False,False,False
2025-09-18 14:00:00+00:00,11.235,11.255,11.11,11.12,26161.0,,,,,,,,,10.672611219251806,10.583756604516987,10.610020413272856,10.696271076706706,10.809544869856648,10.880352813936852,10.794157180022736,10.733705373438953,10.704260033473329,10.687718782689926,10.6813272958392,10.677269897409849,10.639227422730654,10.63044584337451,10.631460928590977,10.50990877094106,,10.794157180022736,,10.683877407878315,"rgba(38, 166, 154, 0.5)",0.3451733733323896,10.779749405696943,0.9857382422583525,63.72654575021211,19.015983040314552,False,True,True,False,False,9.52336273464843,0.0,0.0,0.0,0.0,0,0.9800185873605947,0.953531598513011,False,False,False,False,0.2501538120965411,0.28338705541934295,False,False,False,False,-406870.0,-647186.7391164083,False,False,False,False,31028.283836297614,False,False,False,False
2025-09-18 15:00:00+00:00,11.125,11.17,11.015,11.025,13252.0,,,,,,,,,10.675924567611348,10.585898668693153,10.611847462859696,10.697430298495197,10.810210866076774,10.880693395318705,10.794592439163415,10.73412456026818,10.704685218824553,10.688124945397899,10.681731264798113,10.677651886448782,10.639615033192403,10.630829602180405,10.631834640371613,10.510293128228952,,10.794592439163415,,10.684717998620574,"rgba(38, 166, 154, 0.5)",0.34773041489269396,10.779517757325026,0.7059556258566787,55.90713530409208,12.175767372701756,False,True,True,False,False,6.337810306039767,0.0,0.0,0.0,0.0,0,0.9715204409738172,0.9600367478180982,False,False,False,False,0.1974637553543871,0.24042540538686502,False,False,False,False,-420122.0,-643666.3555642159,False,False,False,False,30752.682536510052,False,False,False,False
2025-09-18 16:00:00+00:00,11.025,11.075,10.985,11.075,13153.0,,,,,,,,11.044999999999998,10.678953787557802,10.587897314919784,10.613548396053368,10.698497042386622,10.81080523954589,10.88098574289265,10.794983998347341,10.734508692314705,10.705077438392069,10.688500885741247,10.682105623200101,10.678006176419338,10.639976751747184,10.631188187280353,10.632183803693492,10.510657076619813,,10.794983998347341,,10.706639773947751,#000000,0.3509186399892368,10.794249110055334,0.8000455317884395,52.291638250324596,9.29775939981127,False,True,False,False,False,7.7000177931556095,0.0,0.0,0.0,0.0,0,0.9673112338858195,0.9779005524861878,False,False,False,False,0.16151656430443645,0.20097098484565074,False,False,False,False,-406969.0,-639996.6291213598,False,False,False,False,30479.819241370362,False,False,False,False
2025-09-18 17:00:00+00:00,11.07,11.17,11.065,11.135,16593.0,,,,,,,,11.088696127210381,10.683507820641568,10.590821847396809,10.616061366318874,10.70013559986267,10.811800154187013,10.881528505018148,10.795630441506127,10.735113854166487,10.705684677348343,10.689077981674734,10.682678495994246,10.678547344577787,10.640520230147821,10.631725135484203,10.632706868834076,10.511182709383347,,10.795630441506127,,10.710318774103095,#000000,0.35451654683806466,10.797415984491064,0.9522376840230731,51.670989618872525,8.930923797286212,False,True,False,False,False,9.296159836501975,0.0,0.0,0.0,0.0,0,0.9725836431226764,0.979089219330855,False,False,False,False,0.21197979782452453,0.20647539133508763,False,False,False,False,-390376.0,-636126.5418481604,False,False,False,False,30264.51971824834,False,False,False,False
2025-09-18 18:00:00+00:00,11.135,11.185,11.135,11.165,16271.0,,,,,,,,11.114497540763919,10.688265126986892,10.593862987304764,10.6186860321851,10.701874565137413,10.812888920956377,10.882142379681094,10.796335735164318,10.73576386051275,10.70633291869254,10.689692215730311,10.683287551623595,10.679122360119457,10.641094194847122,10.632291494852113,10.633258693030497,10.511729488714792,,10.796335735164318,,10.713007415664885,#000000,0.3585314390577158,10.800160119381522,1.0175952256163128,52.11820962417853,8.930923797286212,False,True,False,False,False,10.08169867810254,0.0,0.0,0.0,0.0,0,0.9787735849056602,0.9778301886792452,False,False,False,False,0.2368641172689652,0.2216697543020264,False,False,False,False,-374105.0,-632064.1923621424,False,False,False,False,30047.565924166967,False,False,False,False
2025-09-18 19:00:00+00:00,11.165,11.215,11.15,11.205,25345.0,,,,,,,,11.141313070448325,10.69592219178082,10.598769279161507,10.622935222331483,10.704722683356353,10.814708117834726,10.883189642059083,10.797513743639701,10.736839520132436,10.707401611669072,10.690703067604908,10.68428919346576,10.680067760334556,10.642034257650671,10.63321838244965,10.634161935622814,10.512616416411817,,10.797513743639701,,10.716494476232569,"rgba(38, 166, 154, 0.5)",0.3625255753637206,10.804197585344227,1.1055838315783646,53.55179366903282,8.930923797286212,False,True,True,False,False,11.120779147464724,0.0,0.0,0.0,0.0,0,0.9825718323127649,0.9576071596796984,False,False,False,False,0.2501538120965411,0.23591178319928374,False,False,False,False,-348760.0,-627671.8793022642,False,False,False,False,29974.65792534267,False,False,False,False
2025-09-19 14:00:00+00:00,11.065,11.15,11.04,11.095,28453.0,,,,,,,,11.128111189033044,10.702644273660416,10.603312172262417,10.626844149217387,10.707262487119404,10.816217888842736,10.883995453031106,10.798509764845186,10.737789148311856,10.708360677050946,10.691618028458546,10.685198604221045,10.680927982151553,10.642903470197876,10.634078351216584,10.634999744206121,10.51347009247603,,10.798509764845186,,10.71742608684131,#000000,0.3644831957717721,10.80516274124573,0.7952006076454534,51.0623347625945,7.885743870335787,False,True,False,False,False,7.418955225807473,0.0,0.0,0.0,0.0,0,0.9669767441860465,0.9576744186046512,False,False,False,False,0.19891157171569346,0.2174116774574886,False,False,False,False,-377213.0,-623788.795902229,False,False,False,False,29951.066329600922,False,False,False,False
2025-09-19 15:00:00+00:00,11.095,11.125,11.04,11.075,30256.0,,,,,,,,11.116919977038181,10.709284312682069,10.607907949873018,10.630799451458751,10.709824128950695,10.817720162029582,10.884785189499873,10.799508395727468,10.738751270921199,10.709335958933156,10.692550425106466,10.686125999152964,10.681805814608401,10.643793564754368,10.634959661550702,10.635858364988662,10.514351778291509,,10.799508395727468,,10.718487200327473,#000000,0.365966177731286,10.806270164920196,0.734302379377584,48.8478839748769,5.519763356713547,False,True,False,False,False,6.766881834825799,0.0,0.0,0.0,0.0,0,0.9675925925925924,0.9601851851851853,False,False,False,False,0.19168059037251636,0.20454613391500248,False,False,False,False,-407469.0,-620435.0006169231,False,False,False,False,29955.793983405558,False,False,False,False
2025-09-19 16:00:00+00:00,11.075,11.145,11.075,11.145,9005.0,,,,,,,,11.117227319355363,10.711432753782162,10.609377931661784,10.632071318087748,10.710664810068346,10.818234486773905,10.885068915323576,10.799848196865959,10.739071417173507,10.709657759871817,10.692856817936915,10.686430286178156,10.68209359661804,10.644083019343935,10.635245785836055,10.636137188212302,10.514632952855216,,10.799848196865959,,10.719066738584987,#000000,0.36844117698881723,10.806974193612838,0.9174485033127042,49.67833246041542,5.519763356713547,False,True,False,False,False,8.641899181994653,0.0,0.0,0.0,0.0,0,0.9687936655798788,0.968793665579879,False,False,False,False,0.20761600274070827,0.2060810683278554,False,False,False,False,-398464.0,-616993.5897546452,False,False,False,False,29630.975472034926,False,False,False,False
2025-09-19 17:00:00+00:00,11.14,11.155,11.115,11.145,8916.0,,,,,,,,11.118498882822495,10.71362355001976,10.610872203303341,10.633366785513145,10.711527424773395,10.818769893343331,10.885368910002967,10.80020132162995,10.739401657768267,10.709988754727721,10.693171526011454,10.686742668192247,10.6823889531226,10.644379257346115,10.635538446476787,10.63642240626178,10.514918728633914,,10.80020132162995,,10.719716551173486,#000000,0.3704211384624586,10.807786377623048,0.9103519949662048,50.23196478410777,5.519763356713547,False,True,False,False,False,8.641899181994653,0.0,0.0,0.0,0.0,0,0.9770276605719644,0.9639006094702299,False,False,False,False,0.2221933050725496,0.2141371867002025,False,False,False,False,-398464.0,-613605.5340995345,False,False,False,False,29309.81306161578,False,False,False,False
2025-09-19 18:00:00+00:00,11.15,11.15,11.1,11.105,8901.0,,,,,,,,11.118489490714477,10.715686403467329,10.612299318234122,10.634602515686538,10.712344932634043,10.81926927495908,10.88564406947067,10.800532309901406,10.739714297203722,10.710303278446414,10.69347116607008,10.687040301775854,10.68267051423368,10.64466268291912,10.63581866704609,10.636695488200054,10.51519461825042,,10.800532309901406,,10.720261137012537,#000000,0.37160533166590426,10.808454240346673,0.798012661239047,49.187391085183116,4.819279598498717,False,True,False,False,False,7.296347351371768,0.0,0.0,0.0,0.0,0,0.978912839737582,0.9550140581068416,False,False,False,False,0.2163515620325258,0.21524437436636415,False,False,False,False,-407365.0,-610408.0064390766,False,False,False,False,28993.397355234138,False,False,False,False
2025-09-19 19:00:00+00:00,11.105,11.145,11.085,11.14,37129.0,,,,,,,,11.119416432157179,10.724173247692153,10.618224687511129,10.63974253028801,10.715761447817584,10.82136905480411,10.886809387388285,10.80192718034255,10.741030022903322,10.711626064458926,10.69473117734585,10.68829175639772,10.683854520445744,10.645853738528722,10.636996135521944,10.637843063480291,10.516352246585601,,10.80192718034255,,10.72258839374524,#000000,0.3731145031118956,10.811364659399363,0.8807895106186243,49.817101965155345,4.819279598498717,False,True,False,False,False,8.255034784356575,0.0,0.0,0.0,0.0,0,0.97981220657277,0.9563380281690143,False,False,False,False,0.21052432330389997,0.21288434883513208,False,False,False,False,-370236.0,-606684.4094400211,False,False,False,False,29119.530729571594,False,False,False,False
2025-09-22 14:00:00+00:00,11.09,11.13,11.05,11.08,9291.0,,,,,,,,11.117919832966905,10.72605193597073,10.619579915521951,10.640915633418913,10.71653139948745,10.82182671314894,10.887054277674313,10.802234737984143,10.741326411589032,10.711926386718863,10.695018447542267,10.688577493347301,10.684125170075305,10.646128040191508,10.63726774369735,10.638107757420492,10.516623779971148,,10.802234737984143,,10.723012686866271,"rgba(239, 83, 80, 1.0)",0.37336433671138486,10.811867737882901,0.7181517776411748,48.08043732636631,3.0127452603075255,False,True,False,True,False,6.242672061203592,0.0,0.0,0.0,0.0,0,0.9733395696913004,0.9565014031805426,False,False,False,False,0.1960167557742449,0.2044505523046885,False,False,False,False,-379527.0,-603162.5891386254,False,False,False,False,28812.111648492966,False,False,False,False
2025-09-22 15:00:00+00:00,11.08,11.215,11.07,11.165,9389.0,,,,,,,,11.119335901872104,10.728260731520992,10.621126115147632,10.64226241935488,10.717438812387412,10.822397812566045,10.887379467645747,10.802613920335462,10.741680245222733,10.712280597611667,10.695355195594635,10.688911700242953,10.684441278612569,10.646444689232371,10.637580517898064,10.638412648689663,10.51692837205443,,10.802613920335462,,10.723697083881728,#000000,0.37421723709704385,10.812757702765612,0.941277585091682,50.023937719085,3.0127452603075255,False,True,False,False,False,8.564022388063222,0.0,0.0,0.0,0.0,1,0.9754060324825987,0.9498839907192577,False,False,False,False,0.22658440394795892,0.2155174781263237,False,False,False,False,-370138.0,-599549.8048108948,False,False,False,False,28510.97813456284,False,False,False,False
2025-09-22 16:00:00+00:00,11.165,11.215,11.15,11.205,4368.0,,,,,,,,11.120757843092091,10.729377213124614,10.621896550708447,10.64293572221573,10.71789858796155,10.822695183422846,10.887553481134718,10.802810323724072,10.74186075420217,10.712460231244577,10.695525457908806,10.689080490692312,10.684600816855344,10.64660355783197,10.63773724688526,10.638565448813008,10.51707892327445,,10.802810323724072,,10.724084578417175,"rgba(38, 166, 154, 0.5)",0.3753262844776856,10.813276141874601,1.043688849744517,52.57413686294955,3.0127452603075255,False,True,True,False,True,9.623899944618351,0.0,0.0,0.0,0.0,1,0.9990588235294118,0.947294117647059,False,False,False,False,0.2501538120965411,0.2328356451114324,False,False,False,False,-365770.0,-595925.3117130514,False,False,False,False,28136.668396042485,False,False,False,False
2025-09-22 17:00:00+00:00,11.205,11.22,11.19,11.205,7750.0,,,,,,,,11.12366184058358,10.731408995918144,10.623294343134784,10.644158920350277,10.718738003970005,10.823243114922949,10.887877023611317,10.803171787236447,10.742191375975237,10.712788617898065,10.695836415732451,10.689388649899998,10.684892026518497,10.646892979393572,10.638022654213522,10.638843717801727,10.517351826307134,,10.803171787236447,,10.724809546674571,"rgba(38, 166, 154, 0.5)",0.37494602614580075,10.814254825643335,1.042137126703993,54.27426962552592,-0.3554717467909114,False,True,True,False,True,9.623899944618351,0.0,0.0,0.0,0.0,1,1.0018885741265344,0.93342776203966,False,False,False,False,0.2635306438389691,0.24818314447520076,False,False,False,False,-365770.0,-592357.0123066475,False,False,False,False,27820.59601780927,False,False,False,False
2025-09-22 18:00:00+00:00,11.205,11.215,11.19,11.215,4845.0,,,,,,,,11.125412905754033,10.732674832270783,10.62416728359087,10.644923180033647,10.719263099886224,10.823586355330775,10.888080016296863,10.803398366264526,10.742398571697548,10.712994384562956,10.696031257475571,10.68958173428786,10.68507449687383,10.647074302060844,10.63820145804491,10.639018053663625,10.517522737993549,,10.803398366264526,,10.725259002122849,"rgba(38, 166, 154, 0.5)",0.37382924752661006,10.814862879709661,1.0703740355731686,55.7630380786636,1.2041168837194718,False,True,True,False,True,9.894270524418456,0.0,0.0,0.0,0.0,1,1.0037950664136621,0.9326375711574953,False,False,False,False,0.2620398508151829,0.2551114976451918,False,False,False,False,-360925.0,-588768.9190925909,False,False,False,False,27464.38522683548,False,False,False,False
2025-09-22 19:00:00+00:00,11.215,11.235,11.19,11.195,34047.0,,,,,,,,11.135903314979979,10.741383482632704,10.630228732131094,10.65023579969928,10.722921439938938,10.825981165147667,10.889499236674377,10.804983443556967,10.74384938925353,10.714435535410455,10.697396277094876,10.690934530568759,10.686353169922414,10.648345195149922,10.639454791792552,10.640240141564428,10.518721389935829,,10.804983443556967,,10.728286296203164,"rgba(38, 166, 154, 0.5)",0.3720232241128028,10.841235548574867,0.9509203417845419,55.70544780920188,1.3684493486278768,False,True,True,False,True,9.18375651737831,0.0,0.0,0.0,0.0,0,1.0,0.9339039467427486,False,False,False,False,0.2680099300570283,0.26156071385111,False,False,False,False,-394972.0,-585764.3156958065,False,False,False,False,27566.441269830277,False,False,False,False
2025-09-23 14:00:00+00:00,11.045,11.045,10.975,11.0,11864.0,,,,,,,,11.130339464733261,10.74307108609067,10.631588781579264,10.651406563819908,10.723661627571955,10.826373911139648,10.889680833321137,10.80525930054934,10.744135265128673,10.714732502216092,10.697684092635923,10.691222102075951,10.686626561505632,10.648628542267257,10.639736693898127,10.640514827466683,10.51901694841554,,10.80525930054934,,10.728451712024416,"rgba(239, 83, 80, 1.0)",0.3670688253209854,10.838727244501985,0.4393529070658311,48.80385095253513,3.5154986103559693,False,True,False,True,False,2.712842934714434,0.0,0.0,0.0,0.0,0,0.9887376818395118,0.9436884091975599,False,False,False,False,0.15010458769032659,0.2058326507707183,False,False,False,False,-406836.0,-582990.233281918,False,False,False,False,27322.99256797244,False,False,False,False
2025-09-23 15:00:00+00:00,10.995,11.04,10.94,10.985,5307.0,,,,,,,,11.127656402606542,10.74376703162269,10.632164400818274,10.651900885800448,10.72397011128973,10.826531233538244,10.889749181347064,10.80537124260751,10.74425402576264,10.714856816037921,10.697805036067717,10.691343102579921,10.68674170704813,10.648748661346453,10.639856360687057,10.640631421008539,10.51914407556687,,10.80537124260751,,10.728499511513867,"rgba(239, 83, 80, 1.0)",0.36080968755098075,10.837857476182373,0.40781200975053006,43.84045012848544,-0.9002525513636073,False,True,False,True,False,2.246776063541297,0.0,0.0,0.0,0.0,0,0.984543325526932,0.9451990632318502,False,False,False,False,0.1387312874204397,0.172281969095579,False,False,False,False,-412143.0,-580341.4389674696,False,False,False,False,26981.65934986434,False,False,False,False
2025-09-23 16:00:00+00:00,10.985,11.01,10.935,10.935,16893.0,,,,,,,,11.11814516056812,10.745702646934767,10.633839601631166,10.653333070545541,10.724842562487964,10.826942649282017,10.88990376737976,10.805671621924636,10.744587497386215,10.715210855648795,10.698151868952195,10.691690927874708,10.68707326987878,10.64909859901644,10.640205805590803,10.640971835883793,10.51952387356213,,10.805671621924636,,10.72852327144399,"rgba(239, 83, 80, 1.0)",0.35438307008146736,10.835435914529567,0.2809504569378698,39.352290311589925,-4.799472495484338,False,True,False,True,False,0.702523039648014,0.0,0.0,0.0,0.0,0,0.9858356940509915,0.9532577903682721,False,False,False,False,0.12880891872645356,0.15054544391101626,False,False,False,False,-429036.0,-577995.618208284,False,False,False,False,26825.24602661063,False,False,False,False
2025-09-23 17:00:00+00:00,10.935,10.945,10.85,10.885,12748.0,,,,,,,,11.108915918468995,10.746693217019176,10.63483638654058,10.65417201807546,10.725311241818622,10.827096725148303,10.88990945293287,10.80579994028329,10.744760793970338,10.715404771349467,10.698346510906578,10.691887741973941,10.687261958377588,10.649305638825021,10.640414135153694,10.641174662769474,10.519766735410839,,10.80579994028329,,10.728297520530836,"rgba(239, 83, 80, 1.0)",0.34650082224985523,10.833320287831846,0.14914744453589937,35.29673988725676,-8.306475846525352,False,True,False,True,False,0.0,0.0,0.0,0.0,0.0,0,0.971212836243511,0.9594148183105239,False,False,False,False,0.08654450477730884,0.11854497434416256,False,False,False,False,-441784.0,-575883.8101740471,False,False,False,False,26606.99415022907,False,False,False,False
2025-09-23 18:00:00+00:00,10.89,10.9,10.84,10.86,13821.0,,,,,,,,11.098593185239997,10.747559666543523,10.635797859895893,10.654974297580411,10.725736254431213,10.827196036512358,10.889867752622559,10.805896382576725,10.744914580751939,10.71558309498171,10.698528297615496,10.692072499220298,10.687439717135724,10.649505223210564,10.640615839398583,10.641370977424343,10.520010912456437,,10.805896382576725,,10.727980151623399,"rgba(239, 83, 80, 1.0)",0.33764423677983424,10.831198187091747,0.0853022494414231,32.08754281297956,-11.099554457116575,False,True,False,True,False,0.0,0.0,0.0,0.0,0.0,0,0.974893415442918,0.9597347228801517,False,False,False,False,0.07113235417747499,0.09483866426081877,False,False,False,False,-455605.0,-574019.0224194108,False,False,False,False,26408.76168278366,False,False,False,False
2025-09-23 19:00:00+00:00,10.86,10.875,10.795,10.795,23696.0,,,,,,,10.821666666666669,11.079738938803187,10.748466042712622,10.637110156596144,10.656046376645595,10.72622823528851,10.827172345697313,10.889658609242852,10.805939107813499,10.745080227088227,10.715797081370605,10.698755886764255,10.69230694750305,10.687667350191429,10.649775826574169,10.640892147983712,10.64163969416736,10.520374512576165,,10.805939107813499,,10.732462008538075,"rgba(239, 83, 80, 1.0)",0.3289592515634656,10.828326279487264,-0.10130822990650742,28.747818987826758,-14.111506192191221,False,True,False,True,False,0.0,0.0,0.0,0.0,0.0,0,0.972182932578972,0.9542668552569543,False,False,True,False,0.05156460845600709,0.07320163635841292,False,False,False,False,-479301.0,-572550.525947792,False,False,False,False,26366.703362120348,False,False,True,False
2025-09-24 14:00:00+00:00,11.13,11.15,11.065,11.145,9130.0,,,,,,,10.904643067487156,11.080768091474392,10.750208658800823,10.638420211550507,10.657193226435801,10.727004795047826,10.827654955163114,10.889930445711277,10.806266600384854,10.74539173188774,10.716110984607928,10.699055650143022,10.692604858762184,10.687949659823268,10.650060426675196,10.641173705803071,10.641914237518641,10.52065285959701,,10.806266600384854,,10.737611342604103,"rgba(239, 83, 80, 0.75)",0.31973642016258463,10.833644145803346,0.9737891418135305,38.45492574293027,-19.580606897412835,False,True,False,True,True,6.362753918923179,0.0,0.0,0.0,0.0,0,0.9720823798627001,0.9418764302059497,False,False,False,False,0.2061631428312854,0.13968238959484916,False,False,False,False,-470171.0,-570963.2464757331,False,False,False,False,26099.46765107972,False,False,False,False
2025-09-24 15:00:00+00:00,11.14,11.16,11.05,11.085,15812.0,,,,,,,10.967610921501707,11.081512740973896,10.75301370807729,10.640570999160547,10.659073708877658,10.728268727567311,10.828425353789134,10.890355523842457,10.80679310491333,10.745898863639836,10.716624371450713,10.699547124529627,10.69309371667081,10.68841323790944,10.65052981645184,10.641638516822006,10.642367452409257,10.521116905778825,,10.80679310491333,,10.74193637746476,"rgba(239, 83, 80, 0.75)",0.30972343082758574,10.838389751701715,0.7962272910361968,43.35642538082923,-15.420544922721149,False,True,False,True,True,4.616693977755297,0.0,0.0,0.0,0.0,0,0.9758211678832116,0.9397810218978102,False,False,False,False,0.20471114063027376,0.17219676511256146,False,False,False,False,-485983.0,-569645.723274559,False,False,False,False,25939.97202858236,False,False,False,False
2025-09-24 16:00:00+00:00,11.085,11.085,11.0,11.025,19852.0,,,,,,,10.987626904170925,11.0792464351021,10.755854497702835,10.642883047089684,10.661083801042409,10.729581055847449,10.829166829884413,10.890729246266023,10.807312197332578,10.746422462831775,10.717163164198704,10.70006730805951,10.693612668567233,10.688906445994332,10.651036782969452,10.642142133403068,10.642858408490774,10.521636331899739,,10.807312197332578,,10.74374054004739,"rgba(239, 83, 80, 0.75)",0.29710772457142026,10.840324210031635,0.621578554494875,45.137773002688945,-13.94077335535804,False,True,False,True,True,2.9105960326336877,0.0,0.0,0.0,0.0,0,0.97119341563786,0.9515317786922725,False,False,False,False,0.16867010296246013,0.1704334340375108,False,False,False,False,-505835.0,-568656.4097354185,False,False,False,False,25845.584865348526,False,False,False,False
2025-09-24 17:00:00+00:00,11.025,11.095,11.02,11.09,8131.0,,,,,,,10.996191448819513,11.079025133469338,10.757131037158887,10.64389777171434,10.661969827066821,10.730170437577103,10.829515116997891,10.890914860076386,10.80755339301962,10.746659713690565,10.717405140213616,10.700299902662595,10.693844347680836,10.689126409553882,10.651261062190631,10.64236456139038,10.64307528323027,10.52186183909479,,10.80755339301962,,10.74457040475597,#000000,0.28764323498152666,10.84131301181414,0.8645674847935534,47.91128447191675,-11.274479853608966,False,True,False,False,True,4.578762935953783,0.0,0.0,0.0,0.0,0,0.9767016902695294,0.9447236180904522,False,False,False,False,0.17727704736385003,0.17385524070068042,False,False,False,False,-497704.0,-567556.3723751794,False,False,False,False,25570.940138753976,False,False,False,False
2025-09-24 18:00:00+00:00,11.09,11.095,11.05,11.055,5524.0,,,,,,,11.000930691663116,11.078857187958704,10.757987740232622,10.64458169749549,10.662567115302831,10.730567712649034,10.829749509261802,10.891039557818976,10.807715955635423,10.746819862559265,10.717568562733268,10.700457039296358,10.694000881603776,10.689275045755432,10.651412686123667,10.642514950328051,10.643221919518492,10.522014470070166,,10.807715955635423,,10.745071254778136,#000000,0.27963228750668895,10.841917012968334,0.762011386208641,48.81240108540482,-10.16466382763506,False,True,False,False,True,3.5796677511028108,0.0,0.0,0.0,0.0,0,0.9790145985401459,0.9420620437956203,False,False,False,False,0.18591006460836512,0.17988265265452277,False,False,False,False,-503228.0,-566559.0332685874,False,False,False,False,25260.134865284923,False,False,False,False
2025-09-24 19:00:00+00:00,11.055,11.135,11.05,11.1,17042.0,,,,,,,11.017093385893984,11.079506739356964,10.760840989706496,10.646818495515157,10.664527163682472,10.731890274178614,10.830555849185638,10.891485031490838,10.80827092580673,10.747356604256357,10.718112613777334,10.700978411993743,10.694519627522796,10.689767235742297,10.651911631091926,10.643009189542997,10.643703892640984,10.522509278483852,,10.80827092580673,,10.74682540777051,#000000,0.2722379391185274,10.844152410381371,0.9397940288816152,50.58925106200259,-8.072848628184545,False,True,False,False,True,4.736991374445374,0.0,0.0,0.0,0.0,0,0.9813466787989081,0.9385805277525022,False,False,False,False,0.1974637553543871,0.18867320400445492,False,False,False,False,-486186.0,-565312.9397295396,False,False,False,False,25132.721921637094,False,False,False,False
2025-09-25 14:00:00+00:00,11.205,11.22,11.14,11.165,7087.0,,,,,,,11.02762356424588,11.081078339166021,10.76229402670387,10.647907024106248,10.665487547321609,10.732557998597773,10.830990733736693,10.891742307731537,10.808565297877111,10.747630576559953,10.718386324847732,10.701238760675777,10.694777969647285,10.690011901959188,10.652156192187151,10.643250725473303,10.643939497117884,10.52274351451404,,10.808565297877111,,10.747910127914949,"rgba(38, 166, 154, 0.5)",0.2642657344007848,10.862751781989866,1.14372837135118,53.36384796661041,-5.027649683804256,False,False,True,False,True,6.37600924723305,0.0,0.0,0.0,0.0,0,0.9824086603518266,0.9296346414073071,False,False,False,False,0.24867297850196043,0.21867309125320766,False,False,False,False,-479099.0,-563976.2895011747,False,False,False,False,24852.943287193106,False,False,False,False
2025-09-25 15:00:00+00:00,11.165,11.185,11.13,11.185,10235.0,,,,,,,11.039838124093418,11.083065383702237,10.764332578743488,10.64944644565355,10.66684558587528,10.733500681730433,10.831601689288535,10.892102134557128,10.808979945797672,10.748017923471835,10.71877383467545,10.701607645467028,10.69514410988809,10.69035874829002,10.652503359479146,10.643593702713616,10.644274053520771,10.523077181864506,,10.808979945797672,,10.74928128493401,"rgba(38, 166, 154, 0.5)",0.2570597785141382,10.864367975402882,1.2473053017101396,55.6895821932193,-2.425643668385291,False,False,True,False,True,6.874956120755936,0.0,0.0,0.0,0.0,0,0.9827976459936622,0.9375282933454052,False,False,False,False,0.23539262265283437,0.227032856953021,False,False,False,False,-468864.0,-562501.6803616217,False,False,False,False,24626.308507546702,False,False,False,False
2025-09-25 16:00:00+00:00,11.185,11.185,11.105,11.125,6767.0,,,,,,,11.045244830029095,11.0839009079854,10.765575019550724,10.65040376502104,10.667688766289388,10.734081082600387,10.83197035608224,10.892315024955126,10.809231894207484,10.748256324076591,10.719013489828349,10.70183637796837,10.69537134878561,10.690574168269169,10.65272000190573,10.643807949972373,10.64448303024939,10.52328789674319,,10.809231894207484,,10.749986790806647,"rgba(38, 166, 154, 0.5)",0.24839905412480615,10.864876211261407,1.04720120475135,55.128420276844565,-2.425643668385291,False,False,True,False,True,5.092313230403491,0.0,0.0,0.0,0.0,0,0.9918032786885245,0.9367030965391622,False,False,False,False,0.22805000687500204,0.22754143191401152,False,False,False,False,-475631.0,-561154.8481079531,False,False,False,False,24349.420003553732,False,False,False,False
2025-09-25 17:00:00+00:00,11.125,11.155,11.115,11.125,5382.0,,,,,,,11.048860013886944,11.084468399399855,10.76653972476377,10.651152111156863,10.668347754497837,10.73453391317842,10.83225656911083,10.892479499383924,10.809427947764503,10.748442486522219,10.719200872173124,10.702015349026887,10.695549194942409,10.690742801719576,10.652889802763,10.643975919540768,10.644646867631312,10.523453566229293,,10.809427947764503,,10.750499044093974,"rgba(38, 166, 154, 0.5)",0.245189355029594,10.865299793528976,1.0591822244472173,54.75431233259475,-2.361224428706386,False,False,True,False,True,5.092313230403491,0.0,0.0,0.0,0.0,0,1.0018365472910926,0.9348025711662077,False,False,False,False,0.2221933050725496,0.22486736849328057,False,False,False,False,-475631.0,-559828.8969744964,False,False,False,False,24055.35147636685,False,False,False,False
2025-09-25 18:00:00+00:00,11.125,11.16,11.105,11.155,4676.0,,,,,,,11.052056277218611,11.085035752860263,10.767392799063245,10.651811646932703,10.66892905069231,10.734934743825113,10.832511702561849,10.892627187228587,10.80960248995799,10.748607595790922,10.719366822384579,10.702173735617645,10.695706544185352,10.690891976592756,10.653039797839323,10.644124253371885,10.644791557844174,10.523599401420537,,10.80960248995799,,10.75095574085488,"rgba(38, 166, 154, 0.5)",0.24177481891849642,10.865814464408595,1.1960945183827845,55.46000901154899,-1.0866712671070147,False,False,True,False,True,5.875852758595137,0.0,0.0,0.0,0.0,0,1.0032169117647056,0.9260110294117647,False,False,False,False,0.2207314847886665,0.22279942664097352,False,False,False,False,-470955.0,-558451.0070989229,False,False,False,False,23754.89641471775,False,False,False,False
2025-09-25 19:00:00+00:00,11.155,11.19,11.125,11.19,17374.0,,,,,,,11.065460990790134,11.088082175392357,10.77076704944987,10.65438800871798,10.671205557310529,10.73652083048092,10.833542983186721,10.89323706610282,10.81030487807397,10.749264174667884,10.720023733080097,10.70279924858648,10.69632743280973,10.691480292381984,10.653628686491931,10.644706068513532,10.645359141412692,10.524165537547189,,10.81030487807397,,10.752847991944268,"rgba(38, 166, 154, 1.0)",0.2381963381236252,10.868694126147465,1.3489118950509413,57.01710173411596,0.9406475432423846,True,False,True,False,True,6.786038369785803,0.0,0.0,0.0,0.0,0,1.0022935779816513,0.9243119266055047,False,False,False,False,0.23539262265283326,0.22909602464690337,False,False,False,False,-453581.0,-556825.1155159938,False,False,False,False,23655.967788132977,False,False,False,False
2025-09-26 14:00:00+00:00,11.08,11.135,11.045,11.11,16568.0,,,,,,,11.068551784675225,11.088371479249256,10.773361706588808,10.656481753349418,10.673047020394172,10.737773322854778,10.834311278967574,10.893665285566955,10.810838561401509,10.749781635085391,10.720548524753871,10.703302594616815,10.696828331697727,10.691955852631596,10.654110985846096,10.645183918863683,10.645825234393032,10.524644524243012,,10.810838561401509,,10.753810210843275,"rgba(38, 166, 154, 0.5)",0.23306757710051518,10.869207528064702,1.033144442186612,54.793383686689666,0.9406475432423846,False,False,True,False,True,4.349135358044226,0.0,0.0,0.0,0.0,0,0.9863013698630135,0.9328767123287672,False,False,False,False,0.1960167557742449,0.21255639021057415,False,False,False,False,-470149.0,-555481.2997715598,False,False,False,False,23546.07681467355,False,False,False,False
2025-09-26 15:00:00+00:00,11.115,11.145,11.09,11.115,11830.0,,,,,,,11.071729785713487,11.089036354415157,10.775302275202888,10.65803203010878,10.674413768545085,10.738711859478492,10.83489873414011,10.893999959742608,10.811244988902082,10.750171421957317,10.720942224057845,10.703679444049444,10.697203072382864,10.69231147976383,10.65447025253583,10.645539586264208,10.646172186220003,10.524997984300846,,10.811244988902082,,10.75460318932116,"rgba(38, 166, 154, 0.5)",0.2280050971455104,10.870077128324713,1.0741991066935677,53.49814572164694,0.9406475432423846,False,False,True,False,False,4.483135730763248,0.0,0.0,0.0,0.0,1,0.9858253315043437,0.9341563786008232,False,False,False,False,0.21197979782452453,0.21226809401754934,False,False,False,False,-458319.0,-553974.9075270394,False,False,False,False,23364.432212895666,False,False,False,False
2025-09-26 16:00:00+00:00,11.115,11.12,11.075,11.115,7922.0,,,,,,,11.073068426474466,11.089257837886107,10.776539285049562,10.659034340613163,10.67529686590909,10.73931567849903,10.835272210037665,10.894210127925872,10.81150469592458,10.75042250205879,10.721196560644612,10.703923283640048,10.697445680143701,10.692541821758239,10.654703593552897,10.645770728267108,10.64639766187819,10.52522911552813,,10.81150469592458,,10.75506280087729,"rgba(38, 166, 154, 0.5)",0.224081146820454,10.870521734086957,1.091025592210722,52.63465374495179,0.9406475432423846,False,False,True,False,False,4.483135730763259,0.0,0.0,0.0,0.0,1,0.9801843317972349,0.9456221198156683,False,False,False,False,0.20036021162484344,0.2063141528211964,False,False,False,False,-458319.0,-552491.8702010388,False,False,False,False,23125.014659207358,False,False,False,False
2025-09-26 17:00:00+00:00,11.115,11.13,11.095,11.105,5220.0,,,,,,,11.074071208369745,11.08946743051751,10.777365819064846,10.65970219811345,10.67588580771126,10.739719724479132,10.835523841174409,10.894352789826799,10.811679474528615,10.750590871474675,10.721366884908669,10.704086472071126,10.697608005076118,10.692695919582055,10.654859497944829,10.64592512309186,10.64654827767197,10.525383067743189,,10.811679474528615,,10.75537957851946,#000000,0.2119939655779174,10.870870226806023,1.1044171590248604,51.58660050300979,0.9406475432423846,False,False,False,False,False,4.170434638241868,0.0,0.0,0.0,0.0,1,0.9741816505301981,0.9442139234670355,False,False,False,False,0.20906972725761336,0.2076919400394049,False,False,False,False,-463539.0,-551112.755934356,False,False,False,False,22847.41753270802,False,False,False,False
2025-09-26 18:00:00+00:00,11.11,11.15,11.09,11.145,10627.0,,,,,,,11.07691356746765,11.09025083772745,10.779127945908423,10.661110851828225,10.677130298822371,10.74058016747308,10.83606881802425,10.894667284100517,10.812056489274918,10.75095061491631,10.721729510173084,10.704433276736026,10.697952749253599,10.693023051285397,10.655189333630851,10.646251531346303,10.646866720338258,10.525706057807346,,10.812056489274918,,10.756111617006336,"rgba(38, 166, 154, 0.75)",0.2002426905910556,10.871831619769372,1.3641865249828466,52.762234481464404,0.9406475432423846,True,False,True,False,False,5.289832436940557,0.0,0.0,0.0,0.0,1,0.974642692485016,0.9432918395573997,False,False,False,False,0.2134361577877225,0.2105640489135637,False,False,False,False,-452912.0,-549590.2635942885,False,False,False,False,22657.953694991615,False,False,False,False
2025-09-26 19:00:00+00:00,11.145,11.225,11.145,11.205,22565.0,,,,,,,11.088399566773125,11.094413279736623,10.783479597800957,10.664475701926703,10.680117986577871,10.742690989265851,10.8374686107531,10.895512515221126,10.813013770393061,10.751840027492413,10.72261695830574,10.705277534013437,10.69879039251556,10.693816868397503,10.655981717742259,10.647034014101097,10.647630258150341,10.526462694090656,,10.813013770393061,,10.758279026847635,"rgba(38, 166, 154, 1.0)",0.18935197694025158,10.875414418626928,1.740597519491809,55.91227953872312,1.41592685601519,True,False,True,False,True,6.936290486852954,0.0,0.0,0.0,0.0,1,0.980275229357798,0.93302752293578,False,False,False,False,0.25163572125529765,0.2310998850844307,False,False,False,False,-430347.0,-547741.5308253848,False,False,False,False,22656.512552433604,False,False,False,False
2025-09-29 14:00:00+00:00,11.54,11.545,11.35,11.355,17279.0,,,,,,,11.111768677634082,11.104232658629947,10.788553134964284,10.668111016540827,10.68337843334318,10.745097378268637,10.839209246273176,10.896645760720224,10.814177184650648,10.75286583401675,10.723619146945646,10.706220188204764,10.699721827914075,10.694696969227207,10.656841090448657,10.647878587690661,10.648454695825935,10.527236503029435,,10.814177184650648,,10.761594907462674,"rgba(38, 166, 154, 1.0)",0.180036357689498,10.907996382797759,2.4828519246827483,61.890116671088634,7.002267768359744,True,False,True,False,True,10.804189801854168,-1.0,11.545,11.35,810.0,0,0.9857270294380016,0.9165923282783232,False,False,False,False,0.3428281973319609,0.2869640412081958,False,False,False,False,-413068.0,-545653.5691071617,False,False,False,False,22573.140264798974,False,True,False,False
2025-09-29 15:00:00+00:00,11.355,11.36,11.26,11.275,14617.0,,,,,,,11.122365778592968,11.109110193846224,10.791985295415914,10.670677127076429,10.685672654646298,10.746763328003105,10.840373500375303,10.897383304310013,10.814965254481544,10.75357688226064,10.724320312037454,10.706883172091258,10.700378141542013,10.695318056062076,10.657453571888217,10.648481852187622,10.649043524780554,10.527803099077309,,10.814965254481544,,10.763475280481941,"rgba(38, 166, 154, 1.0)",0.16798554742642374,10.908563699804082,2.1813561095570684,62.037397909155565,7.0797772579157225,True,False,True,False,True,8.230163698423421,0.0,0.0,0.0,0.0,0,0.9817858729453575,0.9315859617947582,False,False,False,False,0.26617035337947126,0.2765671972938335,False,False,False,False,-427685.0,-543824.5990434848,False,False,False,False,22449.789252941624,False,False,False,False
2025-09-29 16:00:00+00:00,11.275,11.28,11.235,11.255,5108.0,,,,,,,11.124979703606611,11.110394673383446,10.793076012046201,10.67150974655915,10.6864161023205,10.747299340877255,10.840742074582458,10.897613687333418,10.815216358530902,10.753805953485331,10.724547178435094,10.707098208852743,10.70059119703779,10.695519821185107,10.657653434050365,10.648678902968843,10.649235854481258,10.52799020692551,,10.815216358530902,,10.764020469814556,"rgba(38, 166, 154, 1.0)",0.15494840757174777,10.908718504627785,2.234818032653045,61.262739977971535,7.0797772579157225,True,False,True,False,True,7.598060143588842,0.0,0.0,0.0,0.0,0,0.9865350089766605,0.9403052064631959,False,False,False,False,0.23773217978652406,0.2571496885401788,False,False,False,False,-432793.0,-542103.1789032758,False,False,False,False,22180.924303283613,False,False,False,False
2025-09-29 17:00:00+00:00,11.255,11.265,11.235,11.235,3724.0,,,,,,,11.126658927193851,11.11124354586605,10.793848049368602,10.67210320714373,10.686945831618644,10.747680478355552,10.841002847656087,10.897776011010734,10.815394413309077,10.753968955425291,10.724708830452643,10.707251550090412,10.700743166145786,10.695663770787718,10.657796223759638,10.648819727713857,10.649373304558322,10.528124374744362,,10.815394413309077,,10.764394623066686,"rgba(38, 166, 154, 0.75)",0.14687888005229724,10.90884033201935,2.2206029067250355,59.84805340356145,7.0797772579157225,True,False,True,False,False,6.962877525110031,0.0,0.0,0.0,0.0,0,0.9877661984594471,0.9374716810149525,False,False,False,False,0.23370121950705683,0.24542545402361782,False,False,False,False,-436517.0,-540466.1838815196,False,False,False,False,21894.770438116426,False,False,False,False
2025-09-29 18:00:00+00:00,11.245,11.28,11.235,11.245,5690.0,,,,,,,11.129310228133805,11.112599612324436,10.795044280166477,10.673020758568878,10.687765339245718,10.74827144182448,10.841408846135256,10.898029682368893,10.815671454959277,10.75422202485291,10.72495958198205,10.707489303707224,10.700978752824316,10.69588690397625,10.658017356275925,10.649037775055035,10.649586132355155,10.528331658312647,,10.815671454959277,,10.764979507392706,"rgba(38, 166, 154, 0.75)",0.14518928310291992,10.90925260086757,2.3124805905572896,59.259611552631085,7.0797772579157225,True,False,True,False,False,7.228777322882166,0.0,0.0,0.0,0.0,0,0.9872900590104401,0.9300953245574219,False,False,False,False,0.23773217978652406,0.24157881690507094,False,False,False,False,-430827.0,-538766.351573279,False,False,False,False,21643.533687137875,False,False,False,False
2025-09-29 19:00:00+00:00,11.245,11.265,11.195,11.235,63754.0,,,,,,,11.148754206246101,11.124101878354699,10.80741962660241,10.682730316554672,10.69644235414563,10.754519650928001,10.845667385138134,10.900675581451704,10.818599296603306,10.756917784984608,10.727638419352939,10.710033961741091,10.703501724176368,10.698278159879594,10.660394099804225,10.651382977028572,10.651875349716194,10.530576938230313,,10.818599296603306,,10.770528317274364,"rgba(38, 166, 154, 0.75)",0.14163937203942908,10.914737365170971,2.261113066357527,58.34271539012225,7.0797772579157225,True,False,True,False,False,6.902158401044403,0.0,0.0,0.0,0.0,0,0.9845594913714805,0.9314259763851046,False,False,False,False,0.22298798468522396,0.23228340079514745,False,False,False,False,-494581.0,-538081.3073628406,False,False,False,False,22296.409133848916,False,False,False,False
2025-09-30 14:00:00+00:00,11.195,11.26,11.135,11.215,43659.0,,,,,,,11.155036970046922,11.129018148156568,10.814957858773903,10.6888537824179,10.701920230798182,10.758457493646686,10.84832027783842,10.90231038300867,10.820444728570337,10.758637228421643,10.729354409338557,10.711668468369053,10.705123726849525,10.699817092406146,10.661930212029018,10.652900233930584,10.653356552962027,10.532044458312065,,10.820444728570337,,10.773564014215346,"rgba(38, 166, 154, 0.75)",0.13732246523956573,10.917857111592742,2.16383304719208,56.649068785351034,10.866972918158702,True,False,True,False,False,6.243575491532912,0.0,0.0,0.0,0.0,0,0.9837545126353789,0.9259927797833937,False,False,False,False,0.2056846471411578,0.21898402396815264,False,False,False,False,-538240.0,-538083.7677138044,False,False,False,False,22627.61209301405,False,False,False,False
2025-09-30 15:00:00+00:00,11.21,11.26,11.165,11.235,45487.0,,,,,,,11.161993809808564,11.134542744233212,10.822836508671616,10.695284040516963,10.707688497128911,10.76263835274984,10.85117051652814,10.904088222580063,10.822431568289257,10.760481247167501,10.731191533341109,10.713417267852947,10.706858642552058,10.701463259057336,10.663570406902059,10.654519767826981,10.654937844544337,10.533604420984503,,10.822431568289257,,10.776817702818631,"rgba(38, 166, 154, 0.75)",0.1328465212123023,10.92199359660953,2.3561505452615723,56.46595438714455,10.440774289731152,True,False,True,False,False,6.80314415569973,0.0,0.0,0.0,0.0,0,0.9914337240757437,0.9238052299368803,False,False,False,False,0.21365511380193702,0.21631956888504483,False,False,False,False,-492753.0,-537380.9651135904,False,False,False,False,22982.02120785104,False,False,False,False
2025-09-30 16:00:00+00:00,11.235,11.265,11.18,11.22,41123.0,,,,,,,11.167261092424889,11.139076633351301,10.829728841876594,10.700982872691778,10.712810516230508,10.766366977487099,10.853721414342159,10.90568684680423,10.824218319802064,10.762141710850077,10.732846226319454,10.714993131663581,10.708422140516353,10.702947306121775,10.665049382882325,10.655980275355493,10.65636404503926,10.535012054728947,,10.824218319802064,,10.779644988249325,"rgba(38, 166, 154, 0.75)",0.12718568393577515,10.925658296595486,2.314267567670178,55.43252437415739,9.196120574597764,True,False,True,False,False,6.296796594585153,0.0,0.0,0.0,0.0,0,0.9906040268456375,0.9185682326621925,False,False,False,False,0.21898359308878335,0.2176515809869141,False,False,False,False,-533876.0,-537326.6245691936,False,False,False,False,23263.276693000636,False,False,False,False
2025-09-30 17:00:00+00:00,11.215,11.23,11.165,11.215,92542.0,,,,,,,11.173238993260187,11.145812767340908,10.843714248480543,10.712930760947238,10.723569666348515,10.774211098965795,10.859055651538608,10.909020790304629,10.82799846470042,10.765687644125775,10.736391237018225,10.718376884546398,10.711781645546557,10.706139244726494,10.66824044515263,10.659133975187084,10.659444180181936,10.53807476917068,,10.82799846470042,,10.785156803752368,"rgba(38, 166, 154, 0.75)",0.12306473064180813,10.932204319121642,2.2979425494495462,54.42430407754086,8.00299529025169,True,False,True,False,False,6.125995191830185,0.0,0.0,0.0,0.0,0,0.98932384341637,0.9221530249110321,False,False,False,False,0.2056846471411578,0.21166811406403596,False,False,False,False,-626418.0,-538707.8862037797,False,False,False,False,24337.365426442488,False,False,False,False
2025-09-30 18:00:00+00:00,11.215,11.24,11.185,11.185,30832.0,,,,,,,11.17481364038772,11.147753960522474,10.848144064214448,10.716786184493483,10.72705020743455,10.77676233390288,10.860796879795558,10.910115027244641,10.82924120063049,10.76685640968562,10.737560485480547,10.719493851389043,10.712890817673596,10.707193670756343,10.669295217945246,10.660176630512181,10.660462691833766,10.539088941903485,,10.82924120063049,,10.786915678655895,#000000,0.11776534157250466,10.934313208123326,2.1286975312879632,51.86447344530782,5.437660880586613,True,False,False,False,False,5.095721775417932,0.0,0.0,0.0,0.0,0,0.9911465250110669,0.9216467463479416,False,False,False,False,0.21365511380193797,0.21266161393298696,False,False,False,False,-657250.0,-540545.7484331785,False,False,False,False,24438.057435334853,False,False,False,False
2025-09-30 19:00:00+00:00,11.185,11.245,11.175,11.2,63482.0,,,,,,,11.177911509535999,11.151581578277632,10.857012171711856,10.724589599976992,10.73410888320482,10.781961171130824,10.864361466936577,10.912367916901713,10.83179678016016,10.769261534001075,10.739966678552268,10.721793252927736,10.715174288391047,10.709365165765037,10.671467389696325,10.66232398641901,10.662560607709795,10.541177810623516,,10.83179678016016,,10.79048787732902,#000000,0.11419250381676149,10.938660038419169,2.2885912196144553,51.17508373803197,4.670760229070687,False,False,False,False,False,5.54574532463727,0.0,0.0,0.0,0.0,1,0.9903211614606248,0.9216893972723275,False,False,False,False,0.21232487052663013,0.21249324222980853,False,False,False,False,-593768.0,-541370.899620261,False,False,False,False,25043.389878197875,False,False,False,False
2025-10-01 14:00:00+00:00,11.26,11.29,11.185,11.185,26558.0,,,,,,,11.179557018673771,11.153392044624233,10.86072992205766,10.727869192690662,10.737082240489102,10.784166128225914,10.8658882653304,10.913342542666724,10.832893343206386,10.770290377036643,10.740994563543655,10.722775067412034,10.716149081438067,10.710292236425314,10.672393436600016,10.663239226810463,10.663454897647746,10.54206525668612,,10.832893343206386,,10.792031935642495,#000000,0.1121646955103618,10.940631811132537,2.1786551263350846,49.71029955974171,3.1630204046542616,False,False,False,False,False,5.020085939912846,0.0,0.0,0.0,0.0,1,0.99128160418483,0.9184829991281606,False,False,False,False,0.22699942377473992,0.21974633300227422,False,False,False,False,-620326.0,-542595.0097036678,False,False,False,False,25066.872205667674,False,False,False,False
2025-10-01 15:00:00+00:00,11.185,11.205,11.115,11.115,11599.0,,,,,,,11.178976861863035,11.153296166387094,10.861995841759043,10.729071729601253,10.738169533981655,10.78495765625067,10.866410616568285,10.91366263643968,10.833277905978635,10.770663551397316,10.741372031051931,10.723138158221534,10.71651043836576,10.7106366503917,10.672741641892017,10.663584290016596,10.66379205967435,10.542409316168587,,10.833277905978635,,10.792481504778285,"rgba(239, 83, 80, 1.0)",0.11051525515346258,10.940974418326984,1.5746747490322688,44.97206661270594,-1.266989694995189,False,True,False,True,False,2.6082357207150224,0.0,0.0,0.0,0.0,0,0.9852941176470589,0.9264705882352942,False,False,False,False,0.1858684189038521,0.20280737595306317,False,False,False,False,-631925.0,-543979.9707935334,False,False,False,False,24858.06798542476,False,False,False,False
2025-10-01 16:00:00+00:00,11.115,11.135,11.085,11.115,26567.0,,,,,,,11.176484419826767,11.152234576303073,10.864516752343865,10.731581471553682,10.740435952154126,10.786590954466737,10.86745742831843,10.914287312168218,10.834061360765004,10.77143963362158,10.742162770407852,10.723901926583144,10.717271611530915,10.71136308211938,10.673481103533742,10.664318187081808,10.664509167021093,10.543152380767532,,10.834061360765004,,10.793291671698164,"rgba(239, 83, 80, 1.0)",0.10890664652660571,10.95068089724678,1.508806927711957,41.81324464801542,-4.063104588581361,False,True,False,True,False,2.6082357207150224,0.0,0.0,0.0,0.0,0,0.9925373134328359,0.9315188762071994,False,False,False,False,0.1596667879182373,0.18123708193565025,False,False,False,False,-631925.0,-545343.4596184398,False,False,False,False,24884.563055418177,False,False,False,False
2025-10-01 17:00:00+00:00,11.115,11.13,11.09,11.105,12631.0,,,,,,,11.17530536790797,11.151708687511281,10.865681597685171,10.732752825421638,10.74149428809634,10.787353870673149,10.867945245420218,10.914577934934913,10.834427847441349,10.771803773151328,10.742534154997541,10.724260887481815,10.717629425763818,10.71170466590281,10.673829131791987,10.66466367450067,10.664846767784121,10.543502915632281,,10.834427847441349,,10.793667947894356,"rgba(239, 83, 80, 1.0)",0.10775033705352646,10.950754082017294,1.4315121622875526,39.21287153194217,-6.3362538980766345,False,True,False,True,False,2.261845036307129,0.0,0.0,0.0,0.0,0,0.9858906525573192,0.9365079365079365,False,False,False,False,0.1596667879182373,0.17045193492694377,False,False,False,False,-644556.0,-546881.6385390841,False,False,False,False,24694.585333628747,False,False,False,False
2025-10-01 18:00:00+00:00,11.105,11.18,11.1,11.155,18253.0,,,,,,,11.174566184936982,11.151594531815652,10.86759679280622,10.734596736751543,10.743164768476785,10.788575200615693,10.868753701902842,10.915075564915762,10.835026394077785,10.772385783727787,10.743123174850123,10.724827847022167,10.718193764132335,10.71224278712037,10.674373441095447,10.665203170643768,10.66537398759519,10.544041538361546,,10.835026394077785,,10.794373076158221,"rgba(239, 83, 80, 0.75)",0.10669164966444937,10.95186389276277,1.903955069362062,41.66600771560448,-6.3362538980766345,False,True,False,True,True,3.8813629161866814,0.0,0.0,0.0,0.0,0,0.9881057268722467,0.9290748898678415,False,False,False,False,0.1753594266489026,0.17290568078792318,False,False,False,False,-626303.0,-548112.9774764626,False,False,False,False,24594.715793572486,False,False,False,False
2025-10-01 19:00:00+00:00,11.155,11.215,11.155,11.21,67112.0,,,,,,,11.176110718693115,11.154052129229461,10.87560679969759,10.742018849443136,10.749914274295003,10.79359425623485,10.87219913267359,10.917267667117185,10.837547494056157,10.774785745936587,10.745532810757144,10.727137641636716,10.7204894826375,10.714429593137524,10.676568399478093,10.667375171734701,10.667496882428518,10.546172273435596,,10.837547494056157,,10.797683295701248,"rgba(239, 83, 80, 0.5)",0.10551674646139053,10.9575543974319,2.392469546627578,46.69660917224326,-8.522013555445596,False,False,False,True,True,5.615379680577739,0.0,0.0,0.0,0.0,0,0.9938298810048479,0.9246364037020715,False,False,False,False,0.19906226276011435,0.18598397177401876,False,False,False,False,-559191.0,-548284.7297636492,False,False,False,False,25253.89849444733,False,False,False,False
2025-10-02 14:00:00+00:00,11.19,11.255,11.19,11.195,18708.0,,,,,,,11.176945518372662,11.15500942158462,10.877906080089822,10.744135005983187,10.751843071340616,10.79504014338673,10.873205581074469,10.917916415134334,10.838283110548018,10.775481620001369,10.74622972050997,10.727804909981453,10.721152384767041,10.715060953671996,10.677200508622443,10.668000355955659,10.668108009042701,10.546782021327562,,10.838283110548018,,10.798672490633036,#000000,0.10450776944269527,10.959107212748348,2.2571794279945774,49.00486550571799,-6.5501075692064745,False,False,False,False,True,5.072062577770183,0.0,0.0,0.0,0.0,1,0.9978012313104662,0.9182058047493403,False,False,False,False,0.21898359308878335,0.20248378243140105,False,False,False,False,-577899.0,-548743.8657363058,False,False,False,False,25152.411696083807,False,False,False,False
2025-10-02 15:00:00+00:00,11.195,11.255,11.195,11.245,18866.0,,,,,,,11.178155754792808,11.156237759503618,10.880318301452528,10.746332513289389,10.753848594500921,10.79655165514845,10.874268917116034,10.918608191835258,10.839058148970047,10.77621042786306,10.746957917982165,10.728501300140916,10.721843915925147,10.715719397087122,10.677858196745635,10.668650518529056,10.668743588987919,10.547412672819405,,10.839058148970047,,10.799737654038305,"rgba(38, 166, 154, 1.0)",0.10372251616873814,10.9608489492911,2.7395310218529256,53.197393092699414,-2.7698980401570026,True,False,True,False,True,6.639158364542261,0.0,0.0,0.0,0.0,1,0.997804128238911,0.9191919191919191,False,False,False,False,0.22031761631381547,0.21140069937260825,False,False,False,False,-559033.0,-548903.3871977584,False,False,False,False,25054.9479488577,False,False,False,False
2025-10-02 16:00:00+00:00,11.245,11.28,11.235,11.28,14834.0,,,,,,,11.179640141803926,11.157591027028234,10.882369772699002,10.748164230856473,10.755522955680764,10.797823285980735,10.87517814583759,10.919207673141317,10.83971696405557,10.776823663199329,10.74756822431999,10.729083693809663,10.722421805204025,10.716269313834797,10.678405290228982,10.669190881371248,10.669271861019235,10.547931844360983,,10.83971696405557,,10.800676709690661,"rgba(38, 166, 154, 1.0)",0.10334059840785316,10.962522410929306,3.072147771176123,57.51733778548009,1.0928602715834117,True,False,True,False,True,7.716187326132161,0.0,0.0,0.0,0.0,0,1.0013233348037054,0.921041023378915,False,False,False,False,0.23773217978652406,0.22456643957956615,False,False,False,False,-544199.0,-548830.4509621342,False,False,False,False,24896.483639573085,False,False,False,False
2025-10-02 17:00:00+00:00,11.275,11.305,11.245,11.265,27192.0,,,,,,,11.182435924937366,11.160134851618524,10.886138570345238,10.751531428742197,10.758603682199684,10.800169466022577,10.876862215693649,10.920322285672103,10.840938200265834,10.77795908678639,10.748697608528587,10.73016123446711,10.723490915927819,10.717286716978242,10.679416884418265,10.670189929345414,10.670248612087462,10.548890412238425,,10.840938200265834,,10.802415445904158,"rgba(38, 166, 154, 1.0)",0.10364753161954608,10.982526138383916,2.725331295422911,59.19993405075308,2.571576727019206,True,False,True,False,True,7.150175357592605,0.0,0.0,0.0,0.0,0,1.0021997360316763,0.9133304003519579,False,False,False,False,0.2471675659595865,0.23586700276957634,False,False,False,False,-571391.0,-549180.2269162096,False,False,False,False,24932.073040509935,False,False,False,False
2025-10-02 18:00:00+00:00,11.265,11.295,11.245,11.255,22403.0,,,,,,,11.18445201607336,11.162026689643971,10.889136470032245,10.754238087249265,10.761081718412575,10.802057971095968,10.878215731442777,10.921217987584138,10.84192368575313,10.77887805551145,10.749612622335693,10.731034900406005,10.724357940766083,10.718112094459764,10.680238377935199,10.671001445486718,10.671042069075773,10.549670986576896,,10.84192368575313,,10.803794380546725,"rgba(38, 166, 154, 1.0)",0.10416644684668239,10.984545035480926,2.5963731384362663,59.505630122377134,2.9813544061344004,True,False,True,False,True,6.769539826816786,0.0,0.0,0.0,0.0,0,1.004401408450704,0.9141725352112677,False,False,False,False,0.24446740639788536,0.24016720458373086,False,False,False,False,-593794.0,-549871.9133206094,False,False,False,False,24892.862605773345,False,False,False,False
2025-10-02 19:00:00+00:00,11.255,11.285,11.25,11.265,51842.0,,,,,,,11.188849171878317,11.166220063639203,10.895925121732251,10.760413456881079,10.76674276307482,10.806385325316628,10.881325289041012,10.923282918859675,10.844195608772747,10.780998614661847,10.751724445656315,10.73305199311253,10.726359838176498,10.720018357906431,10.682135950971146,10.672876127842622,10.67287521667369,10.551474971124236,,10.844195608772747,,10.806936401962282,"rgba(38, 166, 154, 1.0)",0.10492262271202935,10.989204459393662,2.628561252831883,60.26996880049589,3.996842473885323,True,False,True,False,True,7.090613400992176,0.0,0.0,0.0,0.0,0,1.0035211267605635,0.9146126760563381,False,False,False,False,0.24311863857695448,0.24164292158034267,False,False,False,False,-541952.0,-549749.1239668014,False,False,False,False,25310.678689404765,False,False,False,False
2025-10-03 14:00:00+00:00,11.17,11.2,11.075,11.115,40794.0,,,,,,11.129999999999999,11.186472473903468,11.165112812530989,10.899190993499735,10.763885309758594,10.769915408417503,10.808739867580739,10.88288190516671,10.924250695168006,10.845393525751106,10.782188423830192,10.752936301353861,10.734224789625042,10.727528918765367,10.72113639465534,10.683273420902156,10.674005402777857,10.673979609597678,10.552618096815968,,10.845393525751106,,10.825143913163174,#000000,0.10502089024285342,10.997117781165667,1.1224644788454872,52.21582388945254,8.882704044738432,False,False,False,False,False,1.5751820477718184,0.0,0.0,0.0,0.0,0,0.9930555555555556,0.9153645833333334,False,False,False,False,0.17404854034157627,0.20784573096095948,False,False,False,False,-582746.0,-550260.7034401844,False,False,False,False,25550.730182592288,False,False,False,False
2025-10-03 15:00:00+00:00,11.115,11.165,11.105,11.145,24705.0,,,,,,11.133143177758438,11.185323192575188,11.164626045816023,10.901194705007077,10.766003483526205,10.771853817887171,10.810185760220007,10.883846630238747,10.924855951103867,10.84613521810186,10.782922210372218,10.75368257446329,10.734946560345723,10.7282482230472,10.721824262010676,10.683972269980451,10.674699036037094,10.674658018268886,10.553318144368486,,10.84613521810186,,10.826075751638347,"rgba(239, 83, 80, 1.0)",0.10502089024285342,10.996904721586137,1.4101506668949613,48.668111806942164,5.6750904146198735,False,True,False,True,False,2.5683400381784196,0.0,0.0,0.0,0.0,0,0.996538295110342,0.9173517957594116,False,False,False,False,0.17273824597729262,0.19029198846912604,False,False,False,False,-558041.0,-550381.3281930498,False,False,False,False,25537.618086738144,False,False,False,False
2025-10-03 16:00:00+00:00,11.145,11.19,11.145,11.185,23659.0,,,,,,11.143808052371444,11.18505519181956,11.164775022508595,10.903360959960093,10.768198215340238,10.773866600694195,10.811705017787162,10.884889830093698,10.925526888089596,10.84692665441115,10.78369102322776,10.754459330005531,10.735695122709325,10.728993305794507,10.72253605940433,10.684690920103131,10.67541136059683,10.675354748492722,10.554027000445545,,10.84692665441115,,10.827524805466073,"rgba(239, 83, 80, 1.0)",0.1048786085078203,10.99794034442097,1.7835825459591463,48.517655988891775,5.477064043598169,False,True,False,True,False,3.8772112057071375,0.0,0.0,0.0,0.0,0,1.0153508771929824,0.9122807017543859,False,False,False,False,0.1898196576438394,0.19005582305648272,False,False,False,False,-534382.0,-550133.2765931576,False,False,False,False,25508.49222492825,False,False,False,False
2025-10-03 17:00:00+00:00,11.185,11.21,11.1,11.105,20559.0,,,,,,11.14278218811427,11.184164980721683,11.164387657086825,10.904975125458666,10.769923149216062,10.775447517869805,10.812888145748207,10.885680996465737,10.926025046444503,10.847537875595796,10.784296855031934,10.755075772659104,10.736291673197641,10.729587899022183,10.72310488955922,10.685269087350806,10.675985305736903,10.675916166489847,10.554606923912127,,10.847537875595796,,10.828102487141123,"rgba(239, 83, 80, 1.0)",0.10376615254710203,10.997830885162038,1.0327945308496946,45.14292113399361,2.1309811980999314,False,True,False,True,False,1.0718028169644356,0.0,0.0,0.0,0.0,0,1.0069930069930069,0.9064685314685315,False,False,False,False,0.18323745112920872,0.18664663709284574,False,False,False,False,-554941.0,-550207.8149405505,False,False,False,False,25431.75591136347,False,False,False,False
2025-10-03 18:00:00+00:00,11.11,11.16,11.11,11.135,39462.0,,,,,,11.140723582631157,11.182430352713483,11.163583890226539,10.907968727361153,10.773159875605431,10.778416377895619,10.81511223709031,10.88716599035173,10.926959821178583,10.848690563312056,10.78544304492531,10.756243231257,10.737422331319314,10.730715097446819,10.724183651949383,10.686366597499536,10.677075073552578,10.676982234365857,10.555710501446145,,10.848690563312056,,10.829176483269896,"rgba(239, 83, 80, 1.0)",0.10106848093175129,10.997736336525755,1.3581253246196066,44.51841843892142,1.3077436559866555,False,True,False,True,False,2.0644366594968986,0.0,0.0,0.0,0.0,0,1.004820333041192,0.9141104294478528,False,False,False,False,0.17273824597729262,0.1796924415350692,False,False,False,False,-515479.0,-549669.3837011622,False,False,False,False,25649.27907552838,False,False,False,False
2025-10-03 19:00:00+00:00,11.135,11.17,11.135,11.165,11011.0,,,,,,11.141819464386042,11.182179192061561,11.163531500894985,10.90886856651524,10.77410626394225,10.779285848538771,10.815769013572734,10.887613142825748,10.92724616816542,10.84903476268761,10.78578126884604,10.756586267055715,10.737753803715005,10.731045295692986,10.724499471221664,10.68668662175325,10.677392570107036,10.677292843943103,10.556029171121898,,10.84903476268761,,10.829606380897213,"rgba(239, 83, 80, 1.0)",0.0994583076216805,10.997996508989278,1.6791306327669386,45.64818498252258,1.3077436559866555,False,True,False,True,False,3.0502219759443214,0.0,0.0,0.0,0.0,0,1.0101054481546572,0.9081722319859402,False,False,False,False,0.1819229096137522,0.1808076755744107,False,False,False,False,-504468.0,-548968.5870546326,False,False,False,False,25422.329012341892,False,False,False,False
2025-10-06 14:00:00+00:00,11.15,11.255,11.145,11.23,8797.0,,,,,,11.145368756176511,11.182394198661319,11.163810985295475,10.909736533135522,10.774963952062937,10.780075391540697,10.816373726953985,10.888039924368165,10.927527489519282,10.849356779584124,10.786089836482988,10.75689638387071,10.738051917610091,10.731341743282787,10.724782554234706,10.686970964058196,10.677674118379114,10.677568286450697,10.55630610762249,,10.849356779584124,,10.830175244699463,#000000,0.09906431617263908,10.99865928885849,2.3352577404193937,49.28681815437261,1.3077436559866555,False,True,False,False,True,5.137840003151911,0.0,0.0,0.0,0.0,0,1.014429383471797,0.8968080454744206,False,False,False,False,0.20701124371631127,0.193909459645361,False,False,False,False,-495671.0,-548142.267875491,False,False,False,False,25164.571973390855,False,False,False,False
2025-10-06 15:00:00+00:00,11.225,11.28,11.215,11.275,14632.0,,,,,,11.154237724128041,11.183336808564214,11.164730700722368,10.911391849227206,10.776535320147854,10.781524095647589,10.817494204153062,10.888849819927167,10.928071271451183,10.849960260297049,10.786658473415272,10.757464289783154,10.738595883855453,10.731882004402742,10.725297888755158,10.687485362174261,10.678182753134903,10.678065898100547,10.55679906209972,,10.849960260297049,,10.83139808789405,"rgba(38, 166, 154, 0.5)",0.09938173740553945,11.000346768502745,2.763618735869946,53.371720135233545,-3.1534763844957325,False,False,True,False,True,6.541057045318336,0.0,0.0,0.0,0.0,0,1.0222707423580786,0.8925764192139739,False,False,False,False,0.2323592281244151,0.21313434388488806,False,False,False,False,-481039.0,-547101.9071332352,False,False,False,False,25001.276283880918,False,False,False,False
2025-10-06 16:00:00+00:00,11.275,11.285,11.235,11.245,15143.0,,,,,,11.161914458833515,11.184265863571397,11.165646634624508,10.913080233707804,10.778145199105039,10.783008921850762,10.818643444954317,10.889680479907865,10.928629310478598,10.85058038478854,10.787243442127629,10.758048713740061,10.739155839769557,10.732438192389136,10.725828500541672,10.688015191604823,10.678706697122495,10.678578507522682,10.55730728888541,,10.85058038478854,,10.83257459502767,"rgba(38, 166, 154, 1.0)",0.09762850159834549,11.001965892908023,2.489376597131904,54.47146817197543,-1.9672326630853973,True,False,True,False,True,5.4419297644554305,0.0,0.0,0.0,0.0,0,1.0238095238095237,0.9012345679012346,False,False,False,False,0.23907751402814414,0.2261059289565161,False,False,False,False,-496182.0,-546312.451208689,False,False,False,False,24848.43479110757,False,False,False,False
2025-10-06 17:00:00+00:00,11.245,11.255,11.235,11.245,6321.0,,,,,,11.164475293742859,11.184592758479257,11.165981313067283,10.91375963288968,10.778799970208663,10.783612894207904,10.819110424763364,10.890016639803013,10.928854564354065,10.850832289425265,10.787481977091351,10.758287357590858,10.739384693618739,10.732665570866159,10.72604549485035,10.688232165265514,10.678921330511084,10.678788504442478,10.55751617687687,,10.850832289425265,,10.833018897476567,"rgba(38, 166, 154, 1.0)",0.09821960135382332,11.002559723215274,2.4683492240145184,55.204633529803345,-0.9944785694500382,True,False,True,False,True,5.441929764455409,0.0,0.0,0.0,0.0,0,1.027027027027027,0.8927780239255648,False,False,False,False,0.23101805842546214,0.22856199369098912,False,False,False,False,-496182.0,-545535.2349108799,False,False,False,False,24561.187740082645,False,False,False,False
2025-10-06 18:00:00+00:00,11.245,11.255,11.23,11.245,5844.0,,,,,,11.166660155725284,11.184883617218913,11.16628176037425,10.91438214496494,10.779401540289074,10.784167873912386,10.819539569842625,10.890325410233093,10.929061438392157,10.85106391500793,10.7877014879246,10.758507029903189,10.739595396539956,10.732874928059255,10.72624530907244,10.688432015121508,10.679119038563805,10.678981944857561,10.557708720823374,,10.85106391500793,,10.833417541938228,"rgba(38, 166, 154, 1.0)",0.09774829783553124,11.003089343507765,2.474832420092536,55.69341043502196,-0.1532780798663822,True,False,True,False,True,5.441929764455409,0.0,0.0,0.0,0.0,0,1.0294642857142857,0.8924107142857143,False,False,False,False,0.22967770483535596,0.22911984926317253,False,False,False,False,-496182.0,-544770.0684781531,False,False,False,False,24270.99878287206,False,False,False,False
2025-10-06 19:00:00+00:00,11.245,11.255,11.23,11.235,17520.0,,,,,,11.172284716659298,11.185689828725936,11.16713029112087,10.916215620080724,10.781182823113115,10.785811651942085,10.8208108578188,10.891239151345054,10.929673446947286,10.851750793914153,10.788353499417807,10.759159885305875,10.740221845140546,10.733497450447393,10.726839561808877,10.689026698975653,10.679707430720741,10.679557654652053,10.558282506703579,,10.851750793914153,,10.834549248149466,"rgba(38, 166, 154, 1.0)",0.0977910532211621,11.004573194164909,2.356317865949991,55.335393672603416,-0.08767788393761577,True,False,True,False,True,5.059733613292334,0.0,0.0,0.0,0.0,0,1.0286609941782356,0.8884908195253024,False,False,False,False,0.22967770483535596,0.22939877704926426,False,False,False,False,-513702.0,-544288.3929978716,False,False,False,False,24166.33213507559,False,False,False,False
2025-10-07 14:00:00+00:00,11.15,11.175,11.105,11.12,19524.0,,,,,,11.169217878972407,11.184850076085365,11.166702265628274,10.917569500026513,10.782693966827779,10.787202606981522,10.821860337190964,10.89194208656937,10.930119176638328,10.852303874590639,10.788906800334088,10.759724404867093,10.740769502750817,10.73404366424122,10.727362854346044,10.68955989033569,10.680237120150226,10.68007598463452,10.558820917986102,,10.852303874590639,,10.83494541627142,#000000,0.09784603643919822,11.004485743536213,1.1805716477393255,49.289405913636294,4.829038530470122,False,True,False,False,False,0.8318110766647031,0.0,0.0,0.0,0.0,0,1.021758436944938,0.8889875666074603,False,False,False,False,0.1753594266489026,0.20237910184908342,False,False,False,False,-533226.0,-544116.8830289124,False,False,False,False,24094.35799344651,False,False,False,False
2025-10-07 15:00:00+00:00,11.12,11.125,11.055,11.09,28771.0,,,,,,11.160982130166968,11.18265999970038,11.165297008151056,10.91913954687309,10.78462503247928,10.788978085650086,10.82318070836983,10.892785916716429,10.93063316132839,10.85298989302885,10.789616753247662,10.760457067747543,10.741484988582846,10.734758803103468,10.728049489441242,10.69026678824353,10.680940995208505,10.680764833932551,10.559552791862997,,10.85298989302885,,10.835113894412354,"rgba(239, 83, 80, 1.0)",0.0981142926103452,11.003511439704624,0.8815082695327527,44.19740745450686,0.09925369116766802,False,True,False,True,False,0.0,0.0,0.0,0.0,0.0,0,1.0199645075421473,0.8930789707187224,False,False,False,False,0.1470747151937816,0.17472690852143252,False,False,False,False,-561997.0,-544394.0941447432,False,False,False,False,24166.864071067495,False,False,False,False
2025-10-07 16:00:00+00:00,11.085,11.13,11.06,11.11,14341.0,,,,,,11.157977678760584,11.181719471960282,11.16470610345821,10.91995669348147,10.785609767709689,10.789884467759181,10.823858492112826,10.893225038785962,10.930904125143583,10.853344729755388,10.78998112207741,10.760832098540645,10.741850732760915,10.735124198601676,10.728400203887603,10.690627004073832,10.681299496665199,10.681115698426414,10.559923707271029,,10.853344729755388,,10.835281096380626,"rgba(239, 83, 80, 1.0)",0.09804622921396336,11.003201708316306,1.0892646513781867,42.129634880009704,-1.7659987586569343,False,True,False,True,False,0.48330049408372133,0.0,0.0,0.0,0.0,0,1.024641577060932,0.8982974910394267,False,False,False,False,0.12884269648345786,0.1517848025024452,False,False,False,False,-547656.0,-544444.6663285455,False,False,False,False,24014.525093221488,False,False,False,False
2025-10-07 17:00:00+00:00,11.105,11.135,11.08,11.11,15186.0,,,,,,11.155516120360426,11.180845791152873,11.164171027312264,10.920853656471762,10.786673306441491,10.790864151424499,10.82459415367221,10.89370666889792,10.931204205013223,10.853732021675702,10.790376375136026,10.761238060081935,10.742246207267902,10.735519146516436,10.728779175090013,10.69101550541709,10.68168599599638,10.681493975598968,10.560321974999026,,10.853732021675702,,10.835517764132955,"rgba(239, 83, 80, 1.0)",0.09794432137752591,11.003002405583207,1.0924328527875669,40.75111983034493,-3.1212240780181304,False,True,False,True,False,0.48330049408372133,0.0,0.0,0.0,0.0,0,1.011246063877643,0.9055330634278005,False,False,False,False,0.12992068145067487,0.14085274197656003,False,False,False,False,-547656.0,-544494.4544474828,False,False,False,False,23877.648735187042,False,False,False,False
2025-10-07 18:00:00+00:00,11.105,11.12,11.055,11.095,10765.0,,,,,,11.153291497652198,11.18008552716138,11.163675304627874,10.921422663073832,10.787380259413617,10.791515088759231,10.825079799780543,10.89401772870598,10.931394357067418,10.853986134055607,10.790639845639449,10.761510092843048,10.742512019864577,10.735784867168787,10.7290344073055,10.691278388042756,10.68194779791375,10.681750221872758,10.560594514290853,,10.853986134055607,,10.835626342907323,"rgba(239, 83, 80, 1.0)",0.09775926490050887,11.002740800480879,0.9437386790194787,39.146179633785614,-4.795871071192707,False,True,False,True,False,0.0,0.0,0.0,0.0,0.0,0,1.0018050541516246,0.913808664259928,False,False,False,False,0.11792613600788908,0.12938943899222455,False,False,False,False,-558421.0,-544710.3698824055,False,False,False,False,23674.35185557174,False,False,False,False
2025-10-07 19:00:00+00:00,11.095,11.1,11.015,11.045,23899.0,,,,,,11.146284548576995,11.177773536808278,11.162062007773656,10.922400505629508,10.78874927772724,10.792773849817724,10.826003289274134,10.894576246700897,10.931717665660052,10.85446098908988,10.79115167353385,10.76204518450768,10.74303857495691,10.736312444469712,10.729542324821095,10.691807212146724,10.682475697677871,10.68226696698771,10.561156731100569,,10.85446098908988,,10.835610459329498,"rgba(239, 83, 80, 1.0)",0.09853672658709763,11.001630433035384,0.4401360636460874,36.054012271310974,-7.8657520190545185,False,True,False,True,False,0.0,0.0,0.0,0.0,0.0,0,1.0004502476362,0.9099504727600181,False,False,False,False,0.09575855445896093,0.11257399672559273,False,False,False,False,-582320.0,-545293.4649229883,False,False,False,False,23677.83477253962,False,False,False,False
2025-10-08 14:00:00+00:00,11.14,11.175,11.07,11.165,21457.0,,,,,,11.145715076758925,11.177111198885823,11.161732964500992,10.923817117942956,10.790349819944467,10.794251886344474,10.827127684702793,10.895335839654342,10.932204383405619,10.855063240899932,10.791755026937768,10.76266089405441,10.743636364526438,10.736908741212403,10.730114005821864,10.692389824523818,10.683054593426338,10.682833605143784,10.561745689303965,,10.855063240899932,,10.836200418841639,"rgba(239, 83, 80, 0.75)",0.09854788016339387,11.001911762957985,1.6549137005444645,41.311693836935014,-7.8657520190545185,False,True,False,True,True,2.409105446299119,0.0,0.0,0.0,0.0,0,1.00179131213614,0.90371697268249,False,False,False,False,0.1293074093392992,0.12094070303244597,False,False,False,False,-560863.0,-545534.8530637173,False,False,False,False,23643.40322567854,False,False,False,False
2025-10-08 15:00:00+00:00,11.165,11.265,11.16,11.245,18106.0,,,,,,11.149408561456626,11.177731216078254,11.162399177768364,10.92547882748267,10.792024119835315,10.7958024267678,10.828334049996577,10.89620196158045,10.932786621818206,10.85572523018162,10.792390033943557,10.763298903430229,10.74425030540143,10.737519319809769,10.73069772774152,10.692975934385132,10.683635045571458,10.683401751238758,10.56231650732943,,10.85572523018162,,10.837177774832483,#000000,0.09898844231386678,11.00316843814965,2.443028258628047,47.870428206659646,-9.097386765208725,False,True,False,False,True,5.054966191005182,0.0,0.0,0.0,0.0,0,1.0062416406598307,0.898350423539902,False,False,False,False,0.18361493715747157,0.15227782009495877,False,False,False,False,-542757.0,-545491.7855743573,False,False,False,False,23557.55201287732,False,False,False,False
2025-10-08 16:00:00+00:00,11.245,11.255,11.225,11.245,11166.0,,,,,,11.152038773227938,11.17825577311376,11.162924363820913,10.926556958806678,10.793093839448098,10.796793839162369,10.829108722663833,10.896763630810316,10.933167113447753,10.856152596063687,10.792797333514978,10.763707129813755,10.74464259979432,10.73790928207681,10.731070392790809,10.693349217106277,10.684004528867344,10.683763409633587,10.562677790773161,,10.856152596063687,,10.837830383944022,"rgba(38, 166, 154, 1.0)",0.09954400538969221,11.00405397925024,2.4204975458492894,52.24291778647607,-5.261518170870168,True,False,True,False,True,5.054966191005182,0.0,0.0,0.0,0.0,0,1.0109789569990852,0.9176578225068621,False,False,False,False,0.20163625008979486,0.1769570350923768,False,False,False,False,-542757.0,-545449.3857980106,False,False,False,False,23365.434927406353,False,False,False,False
2025-10-08 17:00:00+00:00,11.245,11.28,11.24,11.255,14739.0,,,,,,11.155893772407058,11.17911370768254,11.16375153623113,10.928043551640267,10.794550263510775,10.79814453679688,10.830167977548,10.897537929173053,10.933694981618071,10.85673959291197,10.793353755647038,10.76426367156034,10.745176810127015,10.73844010498448,10.731577504814998,10.693856122685181,10.684506048097438,10.684254317829465,10.563165784528154,,10.85673959291197,,10.838749051041782,"rgba(38, 166, 154, 1.0)",0.0998286820797506,11.022390051931335,2.330091344718337,55.53770851598611,-2.33946650672312,True,False,True,False,True,5.385217211747346,0.0,0.0,0.0,0.0,0,1.0073394495412844,0.9091743119266058,False,False,False,False,0.21482365834786393,0.19589034672012037,False,False,False,False,-528018.0,-545179.1317546306,False,False,False,False,23231.691750237263,False,False,False,False
2025-10-08 18:00:00+00:00,11.26,11.275,11.24,11.245,11907.0,,,,,,11.158667357545161,11.179750581935842,11.164374596100167,10.929216778848291,10.795707590424303,10.799218154398158,10.831009945047795,10.898152398614513,10.934113624859727,10.857206663930844,10.793797471422389,10.7647078230248,10.745603367725625,10.738864027127137,10.731982584997462,10.694261344577873,10.68490703989169,10.684646840407115,10.563556681979586,,10.857206663930844,,10.839460256466237,"rgba(38, 166, 154, 1.0)",0.10034499049345366,11.023236439976856,2.210011271440711,57.075444584037385,-0.8789700464009158,True,False,True,False,True,4.999783214841049,0.0,0.0,0.0,0.0,0,1.0055096418732783,0.9090909090909094,False,False,False,False,0.21317129250623926,0.20453081961317982,False,False,False,False,-539925.0,-545097.6723475821,False,False,False,False,23056.115133954514,False,False,False,False
2025-10-08 19:00:00+00:00,11.25,11.26,11.225,11.23,28019.0,,,,,,11.163668535998646,11.180910087789004,11.165565562090773,10.931818219226392,10.798319542687475,10.801641877658223,10.832908163573626,10.89952928726895,10.935048355286073,10.858259970460665,10.794804260948897,10.765717816641107,10.746574732655608,10.739829827604716,10.732905969786138,10.695187060175343,10.685823566973164,10.685544066613687,10.564454814028984,,10.858259970460665,,10.84097430091934,"rgba(38, 166, 154, 1.0)",0.10054544936197556,11.024716034956722,2.0417031933910015,57.07909415516253,-0.6069421961173589,True,False,True,False,True,4.41693944487249,0.0,0.0,0.0,0.0,0,1.0064367816091955,0.9085057471264372,False,False,False,False,0.20328080694929337,0.20390581328123658,False,False,False,False,-567944.0,-545451.8789778522,False,False,False,False,23133.059085366072,False,False,False,False
2025-10-09 14:00:00+00:00,11.075,11.075,10.93,10.985,58420.0,,,,,,11.14433954700738,11.173608091273305,11.160078959338163,10.932936486664929,10.800730294767622,10.803860757792672,10.834484032640884,10.900342182293786,10.935440588527179,10.859052939290823,10.795753007633058,10.766740124201634,10.74759849839823,10.740861157071976,10.733905054006701,10.696252797349223,10.686893209441138,10.686591710380977,10.565650954462251,,10.859052939290823,,10.840269494344312,"rgba(239, 83, 80, 1.0)",0.10235066026983773,11.01430306774104,-0.28630072013004343,47.88086396635315,6.007519783801399,False,True,False,True,False,0.0,0.0,0.0,0.0,0.0,0,0.9928122192273136,0.9128481581311773,False,False,False,False,0.048986478460291395,0.126446145870764,False,False,False,False,-626364.0,-546706.3304665677,False,False,False,False,23680.143440631713,False,False,False,False
2025-10-09 15:00:00+00:00,10.985,11.015,10.98,10.995,21686.0,,,,,,11.138256276993781,11.171042695842951,11.158131924604046,10.933341843947506,10.801610339173132,10.804671629093727,10.835061317151188,10.900640483938943,10.935584920964482,10.859344988488468,10.79610292472054,10.76711731382974,10.747976399013094,10.74124189052053,10.73427399899383,10.696646492924597,10.687288398680751,10.6869788112528,10.566093288717868,,10.859344988488468,,10.840073996781683,"rgba(239, 83, 80, 1.0)",0.1037546482189641,11.012024888851036,-0.16408796273981968,42.2592406379933,0.9049890139273558,False,True,False,True,False,0.0,0.0,0.0,0.0,0.0,0,0.9954914337240759,0.922452660054103,False,False,False,False,0.04582147986221532,0.08613381286648966,False,False,False,False,-604678.0,-547605.1160407293,False,False,False,False,23649.226488063778,False,False,False,False
2025-10-09 16:00:00+00:00,10.995,11.01,10.96,10.96,17177.0,,,,,,11.133150365151488,11.16883582786044,11.156435358072748,10.933559021530781,10.80223091219925,10.805242675044083,10.835459433818453,10.900826515233971,10.935661486634844,10.859541872731956,10.796351670314856,10.76738924617567,10.748250905935597,10.741519107275915,10.734543279118089,10.696936859861024,10.687580515160217,10.687264982749088,10.566426763681994,,10.859541872731956,,10.839852989397393,"rgba(239, 83, 80, 1.0)",0.1059694414561875,11.0101767357717,-0.47350193680548286,37.696967869555706,-3.214667175272922,False,True,False,True,False,0.0,0.0,0.0,0.0,0.0,0,1.014265991716521,0.9203865623561899,False,False,False,False,0.03791285631838009,0.06202333459243488,False,False,False,False,-621855.0,-548756.2770323459,False,False,False,False,23548.88189134961,False,False,False,False
2025-10-09 17:00:00+00:00,10.965,10.97,10.88,10.9,23637.0,,,,,,11.124129559080965,11.164956665879183,11.153389825893717,10.933443296325734,10.802786443368541,10.805749431411751,10.835772397179044,10.900879673070415,10.935612895949163,10.85967348628901,10.796579320044904,10.767655342489855,10.748528631990125,10.74180245080204,10.734821271035669,10.697249952306496,10.687898298524766,10.68757640364948,10.566817782790277,,10.85967348628901,,10.839227533056901,"rgba(239, 83, 80, 1.0)",0.10846999003757911,11.006798470788734,-0.9845900304013461,33.39921836373196,-7.162901718009273,False,True,False,True,False,0.0,0.0,0.0,0.0,0.0,0,1.0083102493074794,0.9099722991689752,False,False,False,False,-0.011436173643357132,0.025293580474538873,False,False,False,False,-645492.0,-550256.0556830071,False,False,False,False,23550.248063576746,False,False,False,False
2025-10-09 18:00:00+00:00,10.9,10.9,10.81,10.825,42426.0,,,,,,11.10470545685966,11.156359644706212,11.14651565510091,10.932368973682697,10.80315108864408,10.806067247112008,10.835835789053586,10.900545098107846,10.935198745557937,10.859613055710378,10.796743207443807,10.767902018818292,10.74881333266927,10.742101236011278,10.735122305155114,10.697626865784123,10.688288485674237,10.687959055471525,10.567374112239383,,10.859613055710378,,10.837489019673809,"rgba(239, 83, 80, 1.0)",0.11318473299786275,10.999429233301607,-1.541102131723905,29.24043090765315,-11.05963604883462,False,True,False,True,False,0.0,0.0,0.0,0.0,0.0,0,0.9958467928011077,0.9187817258883251,False,False,False,False,-0.05724067928208744,-0.01597354940377428,False,False,False,False,-687918.0,-552390.3493933481,False,False,False,False,23842.895380420516,False,False,False,False
2025-10-09 19:00:00+00:00,10.825,10.83,10.725,10.725,73303.0,,,,,,11.067708631049992,11.13877522426613,11.132181734537474,10.928825753295026,10.80251653812578,10.805431656276347,10.834946211032554,10.899106050168074,10.933826055143289,10.858909254463715,10.796529583924452,10.767858713793773,10.748870083423336,10.74219032731423,10.735239193822018,10.697900576165331,10.688594901335179,10.688260344214758,10.568037410634151,,10.858909254463715,,10.833458328578189,"rgba(239, 83, 80, 1.0)",0.12080596459237715,10.985143078415907,-2.153395979194249,25.142212761379746,-14.968315702058952,False,True,False,True,False,0.0,0.0,0.0,0.0,0.0,0,0.9867033470884916,0.9225126088950025,False,False,False,False,-0.11267443323444284,-0.06432399131910857,False,False,False,False,-761221.0,-555628.0338988776,False,False,False,False,24609.718707855856,False,False,False,False
2025-10-10 14:00:00+00:00,10.8,10.82,10.56,10.575,19407.0,,,,,,11.056213298157843,11.13312026189144,11.127509782752094,10.927325558228734,10.80193152108302,10.804872032703438,10.834378779024888,10.89843710680128,10.93324197447376,10.858522319637881,10.796306946632127,10.767690375225484,10.748739704859567,10.742071192388606,10.73513536389201,10.697846924067475,10.688553173461925,10.688219871193883,10.568113582296998,,10.858522319637881,,10.832012093093288,"rgba(239, 83, 80, 1.0)",0.1342957942765663,10.98054687660225,-3.0198032543526687,21.038232802435836,-18.936171891019516,False,True,False,True,False,0.0,0.0,0.0,0.0,0.0,0,0.9698605488079174,0.9284750337381917,False,False,False,False,-0.1716151924289256,-0.11796959187401708,False,False,False,False,-780628.0,-559116.4054663368,False,False,False,False,24529.056402307702,False,False,False,False
2025-10-10 15:00:00+00:00,10.575,10.575,10.245,10.275,30859.0,,,,,,11.02712310533221,11.119197906192142,11.115900716154986,10.922527030792537,10.7992536449244,10.802341090296931,10.83207938195958,10.896153800042578,10.931377708288213,10.8570614830852,10.795255491972673,10.766764819496123,10.747923010476079,10.741283755234926,10.734405594008694,10.697233877525582,10.687972867295692,10.687652433800201,10.567819838247448,,10.8570614830852,,10.827859345006642,"rgba(239, 83, 80, 1.0)",0.16432987040194322,10.968425939631437,-4.21971938476766,16.791035369830276,-23.072554179836967,False,True,False,True,False,0.0,0.0,0.0,0.0,0.0,0,0.9463028169014086,0.9511443661971833,False,False,False,False,-0.34282825441539394,-0.2303989231447055,False,False,False,False,-811487.0,-563029.1278622075,False,False,False,False,24627.195062737042,False,False,False,False
2025-10-10 16:00:00+00:00,10.275,10.3,10.18,10.26,24074.0,,,,,,11.002313503654133,11.107032321760416,11.105697733211178,10.918057499583606,10.796624148199252,10.799857970544789,10.829850626091186,10.893992225572992,10.929629721160579,10.855655207757831,10.794214152588738,10.76583391523324,10.747092148936863,10.740479264363005,10.73365654247764,10.696587403147891,10.687356257071857,10.687049296084053,10.567457912876373,,10.855655207757831,,10.824128307911348,"rgba(239, 83, 80, 1.0)",0.18888380049676828,10.957934598851626,-3.6950474154800133,13.905673177554448,-26.00391487887413,False,True,False,True,False,0.0,0.0,0.0,0.0,0.0,0,0.9332146037399822,0.9915405164737312,False,False,False,False,-0.34282825441539394,-0.2866135887800497,False,False,False,False,-835561.0,-567254.4282054291,False,False,False,False,24618.618395097707,False,False,False,False
2025-10-10 17:00:00+00:00,10.265,10.27,10.21,10.25,34754.0,,,,,,10.96901140050753,11.089990496045125,11.091328280234887,10.91167690265539,10.792849219263845,10.796290786526331,10.826644671936778,10.89088102542527,10.927109715389502,10.853625405229053,10.792708686251117,10.764487303794816,10.745889579976767,10.739314672151906,10.732571862883319,10.695650507219895,10.686462421793046,10.686174922847613,10.566931448079604,,10.853625405229053,,10.818926279379568,"rgba(239, 83, 80, 1.0)",0.21410978492355834,10.943683126240678,-3.239847849496172,11.943034235384228,-28.203345448897437,False,True,False,True,False,0.0,0.0,0.0,0.0,0.0,0,0.9295392953929541,1.0036133694670282,False,False,False,False,-0.34282825441539394,-0.3147209215977218,False,False,False,False,-870315.0,-571953.041721624,False,False,False,False,24775.756094398515,False,False,False,False
2025-10-10 18:00:00+00:00,10.25,10.295,9.995,10.005,45252.0,,,,,,10.92195671438228,11.065151641957593,11.070241625601623,10.90178392109503,10.786733755051026,10.790513904415533,10.821497762530932,10.88597717242305,10.923166152811033,10.850379383436675,10.790246629519666,10.762259339723974,10.743883029941564,10.737365520156112,10.730750252550433,10.694047186811922,10.684924901355892,10.684670492093106,10.565942500280864,,10.850379383436675,,10.811131151902018,"rgba(239, 83, 80, 1.0)",0.24935370514648886,10.923090184362282,-3.681879055388116,9.87502067056978,-30.610249111685157,False,True,False,True,False,0.0,0.0,0.0,0.0,0.0,0,0.902135231316726,1.0026690391459077,False,False,False,False,-0.34282825441539394,-0.3287745880065579,False,False,False,False,-915567.0,-577280.3899119864,False,False,False,False,25093.21724022179,True,False,False,False
2025-10-10 19:00:00+00:00,10.005,10.11,9.98,10.05,113160.0,,,,,10.046666666666667,10.81774872117515,11.005117929933782,11.018627951720541,10.876542069158253,10.770789125883434,10.775430256635767,10.808042758007355,10.873188614104382,10.912859418611104,10.841833637099587,10.783711520493256,10.75632411065407,10.738522064709105,10.732152922160932,10.72587205769105,10.689730756462229,10.680779468181465,10.68061335399015,10.563216410580054,10.046666666666667,10.841833637099587,,10.754888490695917,"rgba(239, 83, 80, 1.0)",0.2770561461294793,10.834124755236127,-2.8302016258815414,10.239241625433511,-30.807084932747742,False,True,False,True,False,0.0,1.0,10.11,9.98,0.0,0,0.8988962472406182,1.0141280353200886,True,False,False,False,-0.34282825441539394,-0.3358014212109759,False,False,False,False,-802407.0,-580770.7249521106,False,False,False,False,26458.59371711758,False,False,False,False
2025-10-13 14:00:00+00:00,10.05,10.05,10.05,10.05,0.0,,,,,10.046666666666667,10.81774872117515,11.005117929933782,11.018627951720541,10.876542069158253,10.770789125883434,10.775430256635767,10.808042758007355,10.873188614104382,10.912859418611104,10.841833637099587,10.783711520493256,10.75632411065407,10.738522064709105,10.732152922160932,10.72587205769105,10.689730756462229,10.680779468181465,10.68061335399015,10.563216410580054,10.046666666666667,10.841833637099587,,10.754888490695917,"rgba(239, 83, 80, 1.0)",0.3017018992914144,10.834124755236127,-2.5990050346973086,10.482055595342665,-31.25721284011327,False,True,False,True,False,0.0,0.0,0.0,0.0,0.0,0,0.9042553191489363,1.0199468085106385,False,False,False,False,-0.3401900566993061,-0.337995738955141,False,False,False,False,-802407.0,-584206.9462706824,False,False,False,False,26048.38296181343,False,False,False,False
2025-10-13 15:00:00+00:00,10.05,10.05,10.05,10.05,0.0,,,,,10.046666666666667,10.81774872117515,11.005117929933782,11.018627951720541,10.876542069158253,10.770789125883434,10.775430256635767,10.808042758007355,10.873188614104382,10.912859418611104,10.841833637099587,10.783711520493256,10.75632411065407,10.738522064709105,10.732152922160932,10.72587205769105,10.689730756462229,10.680779468181465,10.68061335399015,10.563216410580054,10.046666666666667,10.841833637099587,,10.754888490695917,"rgba(239, 83, 80, 1.0)",0.3239026936519132,10.834124755236127,-2.4208651876134057,10.643931575282101,-31.853061326217443,False,True,False,True,False,0.0,0.0,0.0,0.0,0.0,0,0.9055679287305125,1.0191536748329622,False,False,False,False,-0.3401900566993061,-0.3390928978272235,False,False,False,False,-802407.0,-587589.8928401291,False,False,False,False,25644.53206318066,False,False,False,False
2025-10-13 16:00:00+00:00,10.05,10.05,10.05,10.05,0.0,,,,,10.046666666666667,10.81774872117515,11.005117929933782,11.018627951720541,10.876542069158253,10.770789125883434,10.775430256635767,10.808042758007355,10.873188614104382,10.912859418611104,10.841833637099587,10.783711520493256,10.75632411065407,10.738522064709105,10.732152922160932,10.72587205769105,10.689730756462229,10.680779468181465,10.68061335399015,10.563216410580054,10.046666666666667,10.841833637099587,,10.754888490695917,"rgba(239, 83, 80, 1.0)",0.34408787899093174,10.834124755236127,-2.2788502679479494,10.751848895241725,-32.51941621646979,False,True,False,True,False,0.0,0.0,0.0,0.0,0.0,0,0.9019873532068656,1.030713640469738,False,False,False,False,-0.3401900566993061,-0.33964147726326477,False,False,False,False,-802407.0,-590920.3906255534,False,False,False,False,25246.942418790262,False,False,False,False
2025-10-13 17:00:00+00:00,10.05,10.45,10.05,10.43,3515.0,,,,,10.054599957145918,10.815877922047973,11.003847540086069,11.017519756984054,10.87602307547431,10.77048095798382,10.775137277856285,10.807774259650612,10.87292218621444,10.912639298739919,10.841658041375965,10.783582234060846,10.756209151789939,10.73841974076209,10.73205398353107,10.725779960598802,10.689652127356092,10.680704679831583,10.680540161893868,10.563175125279123,10.054599957145918,10.841658041375965,,10.75492987193314,"rgba(239, 83, 80, 0.75)",0.3509680948513879,10.83362895395771,-1.15004457635564,23.54572074816397,-33.69771771534954,False,True,False,True,True,0.0,0.0,0.0,0.0,0.0,0,0.9024923480542197,0.9868823786620028,False,False,False,False,-0.2379192341637723,-0.28878035571351857,False,False,False,False,-798892.0,-594144.7566623666,False,False,False,False,24910.013078964057,False,False,False,False
2025-10-13 18:00:00+00:00,10.435,10.5,10.425,10.435,25994.0,,,,,10.12724836276042,10.806261523490182,10.996506382912502,11.011069538481205,10.873178829239048,10.768920141643367,10.773646188374405,10.806366791245894,10.87145940003839,10.911402434644682,10.840712192321368,10.782917033639935,10.755633343301978,10.737917210554668,10.731571746047551,10.725334504676864,10.689290809776617,10.680366027194747,10.68020881837649,10.563042844826334,10.12724836276042,10.840712192321368,,10.75665270617733,"rgba(239, 83, 80, 0.75)",0.3572174117806803,10.832511456219402,-1.1127997771381326,32.181881328231455,-25.964845942892282,False,True,False,True,True,0.0,0.0,0.0,0.0,0.0,0,0.9339168490153175,0.9881838074398251,False,False,False,False,-0.13433164023877409,-0.21155599797614633,False,False,False,False,-772898.0,-596916.1247761283,False,False,False,False,24926.81907773981,False,False,False,False
2025-10-13 19:00:00+00:00,10.435,10.52,10.39,10.51,101136.0,,,,,10.27081247991906,10.775117147815815,10.970701232116138,10.988168627133922,10.862977739053047,10.763366590215348,10.768328054732159,10.801299722593765,10.866131464318078,10.9068602102837,10.837263318484064,10.780509725808315,10.753560547930682,10.73611496763054,10.729844987645608,10.723741545935088,10.68801373628398,10.679173190862267,10.679041628367122,10.562624466616866,10.27081247991906,10.837263318484064,,10.757182569187277,"rgba(239, 83, 80, 0.5)",0.36188038688829616,10.823471710226622,-0.8662301732405947,39.55968259442561,-19.577060549343138,False,False,False,True,True,0.0,0.0,0.0,0.0,0.0,0,0.9291028446389499,0.9921225382932168,False,False,False,False,-0.13792686455299352,-0.17474143126456992,False,False,False,False,-671762.0,-598076.5259423899,False,False,False,False,26108.356766457022,False,False,False,False
2025-10-14 14:00:00+00:00,10.325,10.46,10.235,10.43,21864.0,,,,,10.279386893716115,10.767185839836108,10.964416207875363,10.982574824956181,10.860301101899486,10.761795536445009,10.766828008492858,10.799902126519552,10.86471467482552,10.905670681650063,10.836327059664217,10.779829192776218,10.752960596755447,10.735583985100368,10.729332780171086,10.72326562323282,10.687614086083258,10.67879479524252,10.678671237697998,10.562435490796814,10.279386893716115,10.836327059664217,,10.755879537186852,"rgba(239, 83, 80, 0.5)",0.367877746046216,10.819733906256436,-1.0594114768972052,42.60496157561358,-17.104449899016018,False,False,False,True,True,0.0,0.0,0.0,0.0,0.0,0,0.9042918454935623,0.9948497854077254,False,False,False,False,-0.18989724297215166,-0.1823193371183608,False,False,False,False,-693626.0,-599557.9131370815,False,False,False,False,26042.552785581716,False,False,False,False
2025-10-14 15:00:00+00:00,10.425,10.47,10.375,10.465,23158.0,,,,,10.291997504850077,10.760389081136985,10.958583752773665,10.977350359286485,10.85785408867906,10.76040839960737,10.765499707181784,10.79864516833271,10.863410768095159,10.904562278369246,10.83547152352631,10.77922029003141,10.752430549681003,10.73511916874818,10.728886006447368,10.72285195566776,10.687275176473133,10.678476177485388,10.678359376050619,10.562301461994887,10.291997504850077,10.83547152352631,,10.754954639720928,"rgba(239, 83, 80, 0.5)",0.37269411170678385,10.816656823104,-0.9435534720244373,45.46383211342158,-14.509597687754578,True,False,False,True,True,0.0,0.0,0.0,0.0,0.0,0,0.9180960548885079,0.9952830188679247,False,False,False,False,-0.15354842393995854,-0.16793388052915967,False,False,False,False,-670468.0,-600657.2943287547,False,False,False,False,25997.831036968048,False,False,False,False
2025-10-14 16:00:00+00:00,10.465,10.48,10.405,10.455,29082.0,,,,,10.306146486363497,10.752491374740925,10.951576296218194,10.971048149397397,10.854892878940285,10.75873639054068,10.76389694813311,10.797122207468075,10.861822628964806,10.903207326324948,10.834429119160006,10.77848091237258,10.751788424084952,10.734556982010101,10.728346006897429,10.722352250153898,10.68686779674253,10.678093738540117,10.677985031312126,10.562146916599268,10.306146486363497,10.834429119160006,,10.753799393248247,#000000,0.37717815467013427,10.812958367764523,-0.9490432129548427,47.108096324535495,-12.79979443469481,True,False,False,False,True,0.0,0.0,0.0,0.0,0.0,0,0.9149849720910262,1.0004293688278234,False,False,False,False,-0.1439268352068436,-0.15593035786800163,False,False,False,False,-699550.0,-602190.5145717197,False,False,False,False,26045.64761003831,False,False,False,False
2025-10-14 17:00:00+00:00,10.455,10.495,10.415,10.475,26059.0,,,,,10.31792868813378,10.74607584505075,10.945639998195842,10.965684791841838,10.852371652939501,10.757324538262267,10.762541682211168,10.795826638590391,10.860460866391666,10.902039679198069,10.833535755882757,10.777851002426264,10.751243506157147,10.734081241535513,10.72788956499238,10.72193030056854,10.686526655604391,10.677774265382133,10.677672309669996,10.562026728371864,10.31792868813378,10.833535755882757,,10.752821285570313,#000000,0.38147930410373054,10.809870487437632,-0.8778208511845644,48.75579906870333,-10.878601347729202,True,False,False,False,True,0.0,0.0,0.0,0.0,0.0,0,0.9227782571182055,0.9956859361518553,False,False,False,False,-0.13792686455299438,-0.146928611210498,False,False,False,False,-673491.0,-603295.9484543287,False,False,False,False,26045.854623836167,False,False,False,False
2025-10-14 18:00:00+00:00,10.48,10.505,10.43,10.44,9461.0,,,,,10.321687203559035,10.743789614005502,10.943505602254511,10.963752713266285,10.851456534535687,10.756809523289343,10.762047222975752,10.795354073689275,10.859964641029404,10.901614081686683,10.833209571513578,10.777620521732002,10.751043902498399,10.733906820561687,10.727722165159175,10.72177548732301,10.686401224001814,10.677656725015524,10.67755724770895,10.56198171691668,10.321687203559035,10.833209571513578,,10.752442829636115,#000000,0.3861469052477815,10.80873532248692,-0.954909433367881,48.78508012201028,-10.29183856370507,True,False,False,False,True,0.0,0.0,0.0,0.0,0.0,0,0.9186046511627909,0.9935400516795868,False,False,False,False,-0.13193674595327162,-0.1394326785818848,False,False,False,False,-682952.0,-604530.9259976725,False,False,False,False,25788.725094784444,False,False,False,False
2025-10-14 19:00:00+00:00,10.435,10.455,10.385,10.43,38913.0,,,,,10.33176860154321,10.733648701325457,10.934300610680959,10.955418687325238,10.847405774164363,10.75446357754934,10.759797876583896,10.79322384044949,10.857759740327161,10.89973461758518,10.831749218641626,10.776572509843241,10.750127963341747,10.733100922469598,10.726946660970532,10.7210563071168,10.685807822269101,10.677097666001849,10.677009911723864,10.561734618618456,10.33176860154321,10.831749218641626,,10.750436281426555,#000000,0.39073033949029934,10.803400473254438,-0.9556475029339484,48.48837495137724,-9.898349196313802,True,False,False,False,True,0.0,0.0,0.0,0.0,0.0,0,0.9124839124839126,0.9978549978549981,False,False,False,False,-0.15475307254080847,-0.14709287556134665,False,False,False,False,-721865.0,-606350.0589279411,False,False,False,False,25992.202225097866,False,False,False,False
2025-10-15 14:00:00+00:00,10.685,11.295,10.665,11.155,61001.0,,,,,10.426842651884629,10.748049081933214,10.937108660583686,10.957375833490694,10.850196289064062,10.757559936693609,10.762667654396553,10.79540446736182,10.85917796886624,10.900583183251783,10.832896646290955,10.777780736485559,10.751385213795002,10.734337512108608,10.728185362342899,10.72225035271683,10.687049991489516,10.67833820440188,10.678225293329113,10.563062436171677,10.426842651884629,10.832896646290955,,10.757423873832916,"rgba(38, 166, 154, 1.0)",0.3910231669826271,10.822965121618433,0.849143750084554,58.937856921228544,0.2833780467955691,True,False,True,False,True,6.6132920018966495,0.0,0.0,0.0,0.0,0,0.9223378702962372,0.9455564451561251,False,False,False,False,0.11044688403329345,-0.0183229957640266,False,False,False,False,-660864.0,-607195.2363089033,False,False,False,False,26534.97428362348,False,False,False,False
2025-10-15 15:00:00+00:00,11.16,11.2,11.09,11.12,68265.0,,,,,10.519740261524618,10.767571043639727,10.942959807413235,10.961989946003452,10.85480639318492,10.762131720555004,10.766930706278535,10.79876856144153,10.86159564410619,10.902189708522062,10.834773123748954,10.779625003491024,10.753256947196162,10.73615333327868,10.729995746982908,10.72398837384489,10.688815966729278,10.680092859331094,10.679944506655103,10.564845254509295,10.519740261524618,10.834773123748954,,10.765508745421831,"rgba(38, 166, 154, 1.0)",0.39087476393480236,10.838000207448417,0.7214581716987486,65.04670379347216,5.9561563616773086,True,False,True,False,True,5.769636528488686,0.0,0.0,0.0,0.0,0,0.9578025477707007,0.9530254777070065,False,False,False,False,0.18989719419584883,0.08578709921591111,False,False,False,False,-729129.0,-609085.6822576025,False,False,False,False,27181.95142651304,False,False,False,False
2025-10-15 16:00:00+00:00,11.125,11.23,11.12,11.185,61754.0,,,,,10.58945813234321,10.7854259743898,10.949041540410695,10.966911994766544,10.859448676443174,10.766623131812544,10.771129542874563,10.802123442714052,10.864072551952026,10.903879210539412,10.83668230942271,10.78146991454222,10.755116872220723,10.737951326852674,10.7317860770125,10.725705595559798,10.690549119876302,10.681812427632568,10.681629547501915,10.566565333936868,10.58945813234321,10.83668230942271,,10.772369136140215,"rgba(38, 166, 154, 1.0)",0.39071256225812945,10.850308783454205,0.8566174955098516,69.59726854257755,10.136202656432346,True,False,True,False,True,7.099768474201245,0.0,0.0,0.0,0.0,0,0.9572171131547382,0.9632147141143543,False,False,False,False,0.20457142796689065,0.14517926359140088,False,False,False,False,-667375.0,-609989.3926101978,False,False,False,False,27717.952179590357,False,False,False,False
2025-10-15 17:00:00+00:00,11.185,11.185,10.995,11.055,24791.0,,,,,10.60938684289425,10.79044955925676,10.950368898108051,10.96792043703542,10.860702310956889,10.767967696333848,10.772383092882285,10.803100052689487,10.864743085446355,10.904306643986928,10.837220201470776,10.782020341592194,10.755683618523312,10.738506049932422,10.73234073300495,10.726239824766349,10.691099510556892,10.682361050828284,10.682167257820776,10.567140715443497,10.60938684289425,10.837220201470776,,10.774305396176484,"rgba(38, 166, 154, 1.0)",0.388144697640342,10.85305990894615,0.5202701267890787,69.37083589621126,10.136202656432346,True,False,True,False,True,4.002060657526531,0.0,0.0,0.0,0.0,0,0.9445105033690052,0.9635354736424893,False,False,False,False,0.16319825631061255,0.15418875995100673,False,False,False,False,-692166.0,-611263.4485387218,False,False,False,False,27672.573076030814,False,False,False,False
2025-10-15 18:00:00+00:00,11.055,11.08,11.01,11.015,17987.0,,,,,10.62161334792006,10.793455259970308,10.95099463066153,10.968358054880433,10.86142360273112,10.768800805777436,10.773158301501306,10.803693434977271,10.865128796641875,10.904538561805467,10.837539099830995,10.782360209005839,10.756038517017812,10.738856218329882,10.732691788582718,10.726578840622475,10.691453289052529,10.682714695641058,10.682513905824491,10.567522052132226,10.62161334792006,10.837539099830995,,10.775471670645342,"rgba(38, 166, 154, 1.0)",0.3864173396217701,10.85451187489498,0.4153233011285369,68.27237892384753,10.136202656432346,True,False,True,False,True,3.0771221094809036,0.0,0.0,0.0,0.0,0,0.9407790143084261,0.9785373608903021,False,False,False,False,0.141525587515891,0.14785717373344887,False,False,False,False,-710153.0,-612796.6198792066,False,False,False,False,27522.40915237142,False,False,False,False
2025-10-15 19:00:00+00:00,11.015,11.04,10.905,10.92,65996.0,,,,,10.65340216614461,10.800425903598965,10.95110041847423,10.968045782333046,10.862823189747838,10.770908131843736,10.775106664458672,10.805100753031054,10.865869666450328,10.904864984719897,10.83822991336525,10.783207023355478,10.75696175930592,10.73978879569335,10.73363387759539,10.727495373071124,10.692444301171236,10.683712912764383,10.683492630021668,10.568677372325793,10.65340216614461,10.83822991336525,,10.778264580973598,"rgba(38, 166, 154, 0.75)",0.3848105536002983,10.856706411291396,0.16447986708375556,65.35381129039108,10.136202656432346,True,False,True,False,False,0.9229274550330899,0.0,0.0,0.0,0.0,0,0.9298732171156895,0.9837559429477022,False,False,False,False,0.10687563187490262,0.12736640280417574,False,False,False,False,-776149.0,-615329.214919839,False,False,False,False,28118.898932954806,False,False,False,False
2025-10-16 14:00:00+00:00,10.88,10.97,10.84,10.965,24932.0,,,,,10.662845450733634,10.802424038797643,10.95084256781995,10.967668955260532,10.863172534747067,10.771564156664038,10.77571095227346,10.80552057688244,10.86605324449953,10.904914070134108,10.838422272669918,10.78346928664679,10.757255817746948,10.74009019452883,10.733939754207054,10.727794303739643,10.692774192841766,10.684046625921336,10.683819893068646,10.56907828461004,10.662845450733634,10.838422272669918,,10.779070358689669,"rgba(38, 166, 154, 0.75)",0.38335330539433526,10.8571839523212,0.28124460168119486,64.08604411209781,10.136202656432346,True,False,True,False,False,1.897814591864453,0.0,0.0,0.0,0.0,0,0.924921383647799,0.9846698113207547,False,False,False,False,0.07484529764188429,0.10110585022303001,False,False,False,False,-751217.0,-617436.002285423,False,False,False,False,28069.489647172562,False,False,False,False
2025-10-16 15:00:00+00:00,10.97,11.0,10.94,10.995,20324.0,,,,,10.671540928479468,10.804694406942046,10.951062189991468,10.967744518559556,10.86369758182138,10.772279268235202,10.776374658806812,10.806012435934672,10.866336688651794,10.905059683215091,10.838674657446601,10.783762654315701,10.757570739804349,10.740405819277257,10.734257776504363,10.728103038234039,10.693104023167198,10.684378041256364,10.684144863836051,10.569453304177104,10.671540928479468,10.838674657446601,,10.779932863932824,"rgba(38, 166, 154, 0.75)",0.38179145054822444,10.858174048139636,0.35837877370981186,63.706245019409366,10.136202656432346,True,False,True,False,False,2.546468076231651,0.0,0.0,0.0,0.0,0,0.9362957137239483,0.9815178922532443,False,False,False,False,0.10568582219211389,0.10339583620757195,False,False,False,False,-730893.0,-619195.0255058041,False,False,False,False,27949.404536363683,False,False,False,False
2025-10-16 16:00:00+00:00,10.995,11.03,10.955,11.015,14836.0,,,,,10.678019042542065,10.806517283717616,10.951345927131907,10.967910494843053,10.864149710216054,10.772852728287775,10.776908092120113,10.806414638672903,10.866582547044278,10.905196935752674,10.838886810770116,10.784000033075149,10.7578225653696,10.74065662269343,10.734509964054972,10.72834739888337,10.693362562921621,10.684637291950969,10.684399069422648,10.56974110854101,10.678019042542065,10.838886810770116,,10.780613041400565,"rgba(38, 166, 154, 0.75)",0.3803481454032834,10.859056450024614,0.41000213057444956,63.780488805070476,10.136202656432346,True,False,True,False,False,2.981189460897209,0.0,0.0,0.0,0.0,0,0.9360857483128228,0.9940452560539897,False,False,False,False,0.11640525786631759,0.10990054703694477,False,False,False,False,-716057.0,-620696.7615444738,False,False,False,False,27746.09593890068,False,False,False,False
2025-10-16 17:00:00+00:00,11.015,11.015,10.985,11.005,16002.0,,,,,10.684760525276717,10.808462272373202,10.951658656503762,10.968096810532844,10.864639963905494,10.773472543877814,10.777484881006181,10.806850305008815,10.866850016254762,10.905347125937126,10.839117373852476,10.784257455594057,10.75809546199594,10.740928329693599,10.734783139895828,10.728612086621487,10.693642447161293,10.684917916118348,10.684674240937014,10.570052301989767,10.684760525276717,10.839117373852476,,10.781335192726825,"rgba(38, 166, 154, 0.75)",0.37905616546440973,10.860006762569588,0.3825112229813507,63.516872393687734,10.136202656432346,True,False,True,False,False,2.7431999675158316,0.0,0.0,0.0,0.0,0,0.9281723862729452,1.0019952114924182,False,False,False,False,0.11998420893111869,0.11494237798403173,False,False,False,False,-732059.0,-622423.3078771177,False,False,False,False,27564.016932096016,False,False,False,False
2025-10-16 18:00:00+00:00,11.005,11.01,10.92,10.965,18638.0,,,,,10.691398364571102,10.810258583252784,10.951754533398729,10.96807702932001,10.865054966562946,10.774074920405964,10.778043693073998,10.807260249110113,10.867075847672593,10.905455100161728,10.839324704767932,10.784506079162508,10.758364810914259,10.741199679398377,10.735056995389318,10.728878419202324,10.693929067582177,10.6852063779902,10.684957137261042,10.57038344979383,10.691398364571102,10.839324704767932,,10.782013000449599,"rgba(38, 166, 154, 0.75)",0.377454286952399,10.860750094481478,0.27619213537153114,62.038928157071,10.136202656432346,True,False,True,False,False,1.7866937156378917,0.0,0.0,0.0,0.0,0,0.9219123505976098,1.001593625498008,False,False,False,False,0.10330709348163433,0.10912473573283303,False,False,False,False,-750697.0,-624412.0472898756,False,False,False,False,27425.629072683674,False,False,False,False
2025-10-16 19:00:00+00:00,10.965,11.0,10.91,10.98,37131.0,,,,,10.703652283963127,10.813679847743657,10.951917967087393,10.968017421846874,10.865857978923016,10.775253385800102,10.779137264569835,10.808062083484092,10.86751506532243,10.905663059331179,10.839730273840658,10.784994804013524,10.758895017176965,10.741734302347297,10.735596698062244,10.729403494986226,10.694494777909055,10.685775877460708,10.685515686499665,10.57103873740368,10.703652283963127,10.839730273840658,,10.783296801388586,"rgba(38, 166, 154, 0.75)",0.3759953397257745,10.862174580733516,0.3133693607809564,61.40139125081039,10.136202656432346,True,False,True,False,False,2.129762164925552,0.0,0.0,0.0,0.0,0,0.9256461232604377,0.9976143141153082,False,False,False,False,0.09855310150371903,0.10383891861827603,False,False,False,False,-713566.0,-625794.2791148387,False,False,False,False,27576.09993977385,False,False,False,False
2025-10-17 14:00:00+00:00,10.985,11.02,10.97,10.985,12860.0,,,,,10.708078196765126,10.815047029960722,10.952111336319042,10.968119897222259,10.86621299824279,10.775719094433294,10.779570807946008,10.808388199722154,10.867710957064885,10.905769950958998,10.839902178405765,10.78519024043968,10.759103371817428,10.741942462787106,10.73580620633282,10.72960676230128,10.694710744191628,10.68599265440168,10.685728288649065,10.571281536161816,10.708078196765126,10.839902178405765,,10.783799645706178,"rgba(38, 166, 154, 0.75)",0.3745658507880577,10.862833126147146,0.3261559311822567,61.10224763577681,10.136202656432346,True,False,True,False,False,2.245720500589691,0.0,0.0,0.0,0.0,0,0.931763766959298,0.996807661612131,False,False,False,False,0.11759790727070718,0.11071841294449161,False,False,False,False,-700706.0,-626955.7011440659,False,False,False,False,27347.9433515603,False,False,False,False
2025-10-17 15:00:00+00:00,10.985,11.035,10.975,10.99,7464.0,,,,,10.710658849358204,10.815867945771357,10.952246171525372,10.968199873603446,10.866431761919788,10.775998870943882,10.779831482965221,10.808585530275007,10.867831994803527,10.905837876628656,10.840007243047225,10.785308074415685,10.759228457876475,10.7420671474463,10.735931604045042,10.729728342097028,10.694839461592863,10.68612175806248,10.685854905917683,10.571425120056523,10.710658849358204,10.840007243047225,,10.784100123617588,"rgba(38, 166, 154, 0.75)",0.3734178274719603,10.86324069469334,0.3394570263686141,61.041614576528865,10.136202656432346,True,False,True,False,False,2.3636655265913724,0.0,0.0,0.0,0.0,0,0.9299719887955185,0.9975990396158464,False,False,False,False,0.12237187133445487,0.11654514213947324,False,False,False,False,-693242.0,-627983.3956999718,False,False,False,False,27039.66516006324,False,False,False,False
2025-10-17 16:00:00+00:00,10.995,11.02,10.975,10.985,7513.0,,,,,10.713151974088909,10.816657272439882,10.952362286812669,10.968263179009917,10.866640285817626,10.77627141978123,10.780085321209318,10.808776842693927,10.867947469614677,10.905901315693178,10.840108457421968,10.785422872495074,10.759350751404964,10.742189288346706,10.736054521279943,10.729847593763473,10.694966086356548,10.686248844260751,10.685979548940596,10.571567302802615,10.713151974088909,10.840108457421968,,10.784389631711697,"rgba(38, 166, 154, 0.75)",0.37208757324340586,10.863623925668835,0.3262029776301215,60.76317016363459,10.136202656432346,True,False,True,False,False,2.235899843477558,0.0,0.0,0.0,0.0,0,0.9468128298822577,0.9979699553390176,False,False,False,False,0.11879088978006358,0.11766801595976842,False,False,False,False,-700755.0,-629111.637627104,False,False,False,False,26736.926165333574,False,False,False,False
2025-10-17 17:00:00+00:00,10.985,11.04,10.96,11.035,10806.0,,,,,10.716891358176394,10.817896870169019,10.952602368965852,10.968419852033774,10.866982235504164,10.776695240675428,10.780480659182029,10.80907858024195,10.868137415939456,10.906011498438234,10.840271190958669,10.78560230545738,10.759540187638637,10.742377565412346,10.73624369162724,10.730030846425521,10.695159202579752,10.686442350688758,10.686169329768127,10.571780519286905,10.716891358176394,10.840271190958669,,10.784840663458482,"rgba(38, 166, 154, 0.75)",0.37104778595143795,10.864262001726358,0.46015096906140335,62.122894130821514,10.136202656432346,True,False,True,False,False,3.4417977146567473,0.0,0.0,0.0,0.0,0,0.9530228758169937,0.9893790849673203,False,False,False,False,0.11998420893111869,0.11882611244544355,False,False,False,False,-689949.0,-630054.8525476139,False,False,False,False,26489.93506199507,False,False,False,False
2025-10-17 18:00:00+00:00,11.035,11.105,11.035,11.09,13264.0,,,,,10.722339499520116,10.819900294453904,10.953215815542295,10.968897353010465,10.867587347590861,10.777356718631353,10.781100000367845,10.809566168613197,10.868475160738003,10.906229442066516,10.840546112583771,10.785885380482709,10.759832172552382,10.742664006018378,10.736530252827786,10.730307296303009,10.695444539224946,10.686726967837458,10.686448435567906,10.572080583950676,10.722339499520116,10.840546112583771,,10.78555667739418,"rgba(38, 166, 154, 1.0)",0.370879973785266,10.865431098524677,0.6055029048436693,64.5060598814501,11.090242798812945,True,False,True,False,True,4.7486149865152,0.0,0.0,0.0,0.0,0,0.9615384615384618,0.9762684124386252,False,False,False,False,0.15354837576288022,0.1361872441041619,False,False,False,False,-676685.0,-630777.8005701315,False,False,False,False,26284.881805219953,False,False,False,False
2025-10-17 19:00:00+00:00,11.085,11.1,10.995,11.07,87393.0,,,,,10.752519328543544,10.831310840352673,10.956427177458243,10.971329194282248,10.8710843067894,10.78133284609654,10.784822348438134,10.812477825221224,10.870444635836023,10.907470822192439,10.842176874995317,10.787598856057482,10.761611977549377,10.744417448621325,10.73828682818409,10.732004529544948,10.69720768271191,10.688488281626169,10.688175906595532,10.573964236944947,10.752519328543544,10.842176874995317,,10.789657597402078,"rgba(38, 166, 154, 1.0)",0.3705933640008224,10.871831651964424,0.5347325864019964,64.96290998879691,11.708162343574735,True,False,True,False,True,4.211846743886813,0.0,0.0,0.0,0.0,1,0.951718494271686,0.9844517184942717,False,False,False,False,0.142725982995819,0.13945661354999045,False,False,False,False,-764078.0,-632844.470328734,False,False,False,False,27232.294490410342,False,False,False,False
2025-10-20 14:00:00+00:00,11.29,11.79,11.275,11.755,40684.0,,,,,10.787131598177792,10.848442481464687,10.965839501336664,10.979574318841248,10.877418828167889,10.786798775346229,10.789989159034358,10.816839814756937,10.874045776745259,10.910176336812846,10.844873625497677,10.790019450936882,10.76397744968992,10.746665031903245,10.740510863195675,10.734127777868602,10.699279071416548,10.690528022590179,10.690175711799203,10.57583604168932,10.787131598177792,10.844873625497677,,10.795612481863557,"rgba(38, 166, 154, 1.0)",0.3824490544886786,10.883931968464294,2.2776053994963985,72.7045439990255,18.908907298534942,True,False,True,False,True,17.692467059007008,0.0,0.0,0.0,0.0,0,0.9546159813809156,0.9441427463149731,False,False,False,False,0.3428282046232895,0.24114240908663997,False,False,False,False,-723394.0,-634248.3390058079,False,False,False,False,27440.84806420243,False,False,False,False
2025-10-20 15:00:00+00:00,11.755,11.91,11.725,11.785,40331.0,,,,,10.826505645492322,10.868981065767592,10.977734323463599,10.990079669539169,10.885284532762077,10.793450767141243,10.796286153200834,10.822199968088494,10.878546175666344,10.913602036444113,10.848225208765038,10.792989183875559,10.766862808255556,10.749397053191695,10.74321088126794,10.736702586793157,10.701773746685673,10.692980618935275,10.692580335332506,10.578043636382922,10.826505645492322,10.848225208765038,,10.802771819852556,"rgba(38, 166, 154, 1.0)",0.3942793403136964,10.89856134211618,2.2482503323114833,77.98851669450691,23.47013919711607,True,False,True,False,True,18.176065843233843,0.0,0.0,0.0,0.0,0,0.9884704073789394,0.9377401998462722,False,False,False,False,0.3428282126293537,0.29198531085799684,False,False,False,False,-683063.0,-635005.1554553303,False,False,False,False,27640.6953810365,False,False,False,False
2025-10-20 16:00:00+00:00,11.785,11.915,11.755,11.775,33049.0,,,,,10.856828526380308,10.885310111933121,10.987328955250723,10.998577166681422,10.891688859499933,10.798881662158243,10.801430414004763,10.826586044399324,10.882234572549148,10.916415762423558,10.850978008747697,10.795429710918997,10.769234174790137,10.751642878753586,10.745430479380762,10.738819662279282,10.703824985225246,10.694997342243658,10.694557763374252,10.579858971999737,10.856828526380308,10.850978008747697,,10.808502802649695,"rgba(38, 166, 154, 1.0)",0.40486909240146707,10.910111767719174,2.1362169859664304,81.1696885251411,26.05137483456629,True,False,True,False,True,17.909388720966387,0.0,0.0,0.0,0.0,0,1.003460207612457,0.9365628604382932,False,False,False,False,0.3428282130378764,0.3174067619479366,False,False,False,False,-716112.0,-636262.625913387,False,False,False,False,27724.54506505144,False,False,False,False
2025-10-20 17:00:00+00:00,11.775,11.805,11.74,11.745,19454.0,,,,,10.872907001198318,10.894141464668948,10.992528437234762,11.003186383793722,10.895208967263105,10.801890412828314,10.804281193171176,10.829015782681568,10.884272650184947,10.91796907799851,10.85250464871175,10.796788339656654,10.77055633125104,10.752896425106211,10.74666982611507,10.74000233477898,10.704972919184703,10.696126475385505,10.695664979444059,10.580880468717636,10.872907001198318,10.85250464871175,,10.811623205968747,"rgba(38, 166, 154, 1.0)",0.4143816298234529,10.91630423051378,1.9998371304231897,82.19412212294807,26.794138456577812,True,False,True,False,True,17.10243674370957,0.0,0.0,0.0,0.0,0,1.0023103581055066,0.9430111667308434,False,False,False,False,0.3171804753854323,0.3172936186666845,False,False,False,False,-735566.0,-637802.2131085283,False,False,False,False,27596.31956016692,False,False,False,False
2025-10-20 18:00:00+00:00,11.745,11.855,11.745,11.845,26453.0,,,,,10.895093284191098,10.906566013394594,10.999954248629246,11.009785439852452,10.900232316953119,10.806169880897313,10.808337978603983,10.832481107761817,10.88719088870973,10.920200646566538,10.854689642715037,10.798728084588197,10.772441800588297,10.75468289020085,10.748435618303642,10.74168709892035,10.706605868702727,10.697732161357251,10.69723954455274,10.58232721358511,10.895093284191098,10.854689642715037,,10.816029086453705,"rgba(38, 166, 154, 1.0)",0.42580001015577146,10.925029075965986,2.160570460525493,83.5257660120909,28.028348518952086,True,False,True,False,True,18.76377073054674,0.0,0.0,0.0,0.0,0,1.0000000000000002,0.9408829174664108,False,False,False,False,0.3284139663138046,0.32285379249024454,False,False,False,False,-709113.0,-638907.8067037449,False,False,False,False,27578.59367551317,False,False,False,False
2025-10-20 19:00:00+00:00,11.845,11.93,11.83,11.845,79576.0,,,,,10.959479373641072,10.944079392808174,11.022915811311183,11.0302784207682,10.915880180037266,10.819497363102977,10.820983899662423,10.843318167878218,10.896358590190125,10.927243378084361,10.861564890831536,10.804822829258763,10.7783609204098,10.760289390137189,10.753976330806163,10.746973786511674,10.711724253761442,10.70276397917751,10.702174298308258,10.58684635669655,10.959479373641072,10.861564890831536,,10.829476580669143,"rgba(38, 166, 154, 1.0)",0.43644950586657555,10.951347839770731,2.04754994155604,84.41352860485279,28.984873903031456,True,False,True,False,True,18.76377073054674,0.0,0.0,0.0,0.0,0,1.0034390523500192,0.9361864730607568,False,False,False,False,0.34282821405258374,0.33284100327141414,False,False,False,False,-709113.0,-639996.2593129892,False,False,False,False,28384.755013877304,False,False,False,False
2025-10-21 14:00:00+00:00,12.035,12.47,12.03,12.445,52097.0,,,,,11.015751696823417,10.978215054816989,11.04490249655378,11.05004566224206,10.930530541876873,10.831682251645955,10.83256243237318,10.8533295435498,10.904984065381251,10.933959353298642,10.86799036360794,10.810435549518289,10.783775429158847,10.76539672183357,10.759016242498351,10.751776070979982,10.716335482273522,10.70728831395609,10.706611359479258,10.590813044535915,11.015751696823417,10.86799036360794,,10.841770083820187,"rgba(38, 166, 154, 1.0)",0.4675715968685498,10.97574825699543,3.142303238358651,87.23338814917581,31.78390186743823,True,False,True,False,True,20.0,0.0,0.0,0.0,0.0,0,1.0054904831625184,0.900073206442167,False,False,False,False,0.3428282208254813,0.3378346120484477,False,False,False,False,-657016.0,-640260.131261625,False,False,False,False,28752.386719088507,False,False,False,False
2025-10-21 15:00:00+00:00,12.445,12.495,12.39,12.47,38819.0,,,,,11.058835960555344,11.005054878174676,11.062516167341744,11.065932902954033,10.942307083923087,10.841457958664495,10.841858600650644,10.861390452603446,10.911959642062278,10.939412562720843,10.87319007471669,10.814968133067055,10.788143078640735,10.76951429629813,10.763078512683244,10.755646483075425,10.720046497068147,10.710928229111337,10.710181287350062,10.59399026510896,11.058835960555344,10.87319007471669,,10.85152065333852,"rgba(38, 166, 154, 1.0)",0.49730746195057235,10.994976469733528,2.966019300175062,89.16599254725456,33.727893065832205,True,False,True,False,True,20.0,0.0,0.0,0.0,0.0,0,1.03283473184969,0.8982123312659616,False,False,False,False,0.3428282235224815,0.3403314177854646,False,False,False,False,-618197.0,-639918.0672110571,False,False,False,False,28908.458242823566,False,False,False,False
2025-10-21 16:00:00+00:00,12.475,12.52,12.45,12.475,30633.0,,,,,11.091745759384475,11.02597947141092,11.076400732477191,11.07848387367197,10.9516544615738,10.849231492122378,10.849254723548063,10.867813260097803,10.917526367607206,10.943773056081342,10.877346777306306,10.818592506005363,10.791635446360758,10.77280710062515,10.766327117016948,10.758742103383252,10.723014303023463,10.713839185106659,10.713036460631656,10.596530203223356,11.091745759384475,10.877346777306306,,10.859186720032902,"rgba(38, 166, 154, 1.0)",0.5249806946257535,11.009966015282348,2.7906435412106725,90.4659319352024,35.122650046443894,True,False,True,False,True,20.0,0.0,0.0,0.0,0.0,0,1.040555352575813,0.8958713920350752,False,False,False,False,0.34282822406057517,0.34157982092301986,False,False,False,False,-587564.0,-639106.3762465445,False,False,False,False,28935.19532433018,False,False,False,False
2025-10-21 17:00:00+00:00,12.475,12.57,12.47,12.555,28057.0,,,,,11.121617326653121,11.04527144658155,11.089325523243717,11.090188445018084,10.960393289004182,10.856503063783167,10.85617629550578,10.873832320244405,10.922752324612627,10.94787443226737,10.881253194908677,10.821997681976889,10.794915779459194,10.775899830966775,10.769378197797348,10.761649678563618,10.725800811802085,10.716572138179279,10.715717173907274,10.59891210581295,11.121617326653121,10.881253194908677,,10.866301553014406,"rgba(38, 166, 154, 1.0)",0.5542765189501259,11.023800170786277,2.762519747569355,91.52222779092243,36.347730851447125,True,False,True,False,True,20.0,0.0,0.0,0.0,0.0,0,1.0406891495601176,0.8980938416422288,False,False,False,False,0.34282822448983535,0.3422040227064276,False,False,False,False,-559507.0,-637872.2773900089,False,False,False,False,28921.579892945214,False,False,False,False
2025-10-21 18:00:00+00:00,12.555,12.585,12.505,12.525,22690.0,,,,,11.144993302509851,11.060583593676554,11.099658774403899,11.099560198369838,10.967419776420984,10.86236107284051,10.861754438641773,10.878687689421499,10.926971338278486,10.951189693087718,10.884411596833738,10.824752299501846,10.797569736966334,10.778402478903143,10.771847242432301,10.764002930657426,10.728056315881274,10.718784399943015,10.717887260416402,10.600840721607113,11.144993302509851,10.884411596833738,,10.871986743039686,"rgba(38, 166, 154, 1.0)",0.5803633298155606,11.03478241119806,2.5677321640489086,91.18208242240843,36.347730851447125,True,False,True,False,True,20.0,0.0,0.0,0.0,0.0,0,1.0373489564262177,0.8971072867081656,False,False,False,False,0.34282822478909075,0.3425161237477592,False,False,False,False,-582197.0,-637009.0947948149,False,False,False,False,28824.966251194124,False,False,False,False
2025-10-21 19:00:00+00:00,12.525,12.605,12.51,12.555,87683.0,,,,,11.229610229065907,11.117615188652437,11.138734111874305,11.135111336375987,10.99430479320747,10.884863733015292,10.883199203795481,10.897391815810217,10.943253374919424,10.964018785187651,10.896638605435365,10.835427626209517,10.807857380459687,10.788107300723041,10.781422514395896,10.77313188080783,10.736807693985703,10.727368808848752,10.72630893996346,10.60832791321949,11.229610229065907,10.896638605435365,,10.893475061797647,"rgba(38, 166, 154, 1.0)",0.6056594425585815,11.075746250530715,2.4423853497936774,91.07017440927642,36.54104687929711,True,False,True,False,True,20.0,0.0,0.0,0.0,0.0,0,1.0346209912536446,0.8965014577259477,False,False,False,False,0.34282822493648535,0.34267217434212227,False,False,False,False,-494514.0,-634799.8685189263,False,False,False,False,29737.49390621437,False,False,False,False
2025-10-22 14:00:00+00:00,12.605,12.7,12.56,12.605,25976.0,,,,,11.253898268920203,11.134411050777052,11.150423243334824,11.145779075281947,11.002419799898565,10.891670550728017,10.889691117131399,10.903067033215757,10.948206446172252,10.967933626119386,10.90036707872696,10.838683435020316,10.81099444064222,10.791066958846853,10.784342626113743,10.775916410254922,10.739476246220317,10.729986372938285,10.72887713664887,10.610608624051686,11.253898268920203,10.90036707872696,,10.899890977052177,"rgba(38, 166, 154, 1.0)",0.6311008043294173,11.087850375954284,2.403973523148619,91.18989304219721,37.06316303891036,True,False,True,False,True,20.0,0.0,0.0,0.0,0.0,0,1.0375722543352603,0.8898121387283239,False,False,False,False,0.3428282257632632,0.34275020005269274,False,False,False,False,-468538.0,-632222.165131036,False,False,False,False,29679.176171234303,False,False,False,False
2025-10-22 15:00:00+00:00,12.605,12.635,12.445,12.485,18670.0,,,,,11.269599556696836,11.145456828527438,11.158148162117662,11.152839194819759,11.007845444927927,10.896249128127236,10.894059571097271,10.906887015242505,10.951536745713453,10.97056652220084,10.90288183581358,10.840885360254294,10.813118323420337,10.793072408116124,10.786321790469591,10.777804438125239,10.741287925382268,10.731764040318994,10.730621414604407,10.61216332132926,11.269599556696836,10.90288183581358,,10.904155451365252,"rgba(38, 166, 154, 0.75)",0.651361242682186,11.095801450803952,2.1327620652951085,86.79802819031528,40.941341061575685,True,False,True,False,False,20.0,0.0,0.0,0.0,0.0,0,1.028959599570969,0.8970325348587773,False,False,False,False,0.31725332073621076,0.3300017603944517,False,False,False,False,-487208.0,-629973.8835010974,False,False,False,False,29508.4912693547,False,False,False,False
2025-10-22 16:00:00+00:00,12.485,12.51,12.305,12.375,31787.0,,,,,11.292874460725018,11.162191887782726,11.169914502862524,11.163611701219935,11.016238922430636,10.903390626006825,10.900876519516034,10.912849229465388,10.956725671389037,10.974669143033301,10.906816255256093,10.844343242616654,10.816458606208661,10.796230020127975,10.789439126513104,10.780779818243078,10.744148009323894,10.734571742462727,10.733376655577777,10.614631595685648,11.292874460725018,10.906816255256093,,10.91070688682235,"rgba(38, 166, 154, 0.75)",0.6676031148211733,11.107828007759194,1.898091791528318,80.45244552326892,35.07519718188662,True,False,True,False,False,20.0,0.0,0.0,0.0,0.0,0,1.0243378668575522,0.9030064423765213,False,False,False,False,0.28030945715665284,0.30515560877555226,False,False,False,False,-518995.0,-628253.2806561192,False,False,False,False,29543.81698610889,False,False,False,False
2025-10-22 17:00:00+00:00,12.375,12.43,12.25,12.27,31799.0,,,,,11.313596540418331,11.177434980125637,11.180710540752663,11.173516006280524,11.024053903802148,10.910088008828755,10.907272996037946,10.918447125474362,10.961593074993921,10.978520191039717,10.91052124296166,10.847609604144766,10.819617622449131,10.799219129998033,10.7923909621628,10.783598577148028,10.74686126765498,10.737236309169175,10.735991701325206,10.616983436781918,11.313596540418331,10.91052124296166,,10.916763161077485,"rgba(38, 166, 154, 0.75)",0.6805312776205323,11.11878230093066,1.6916455377254018,73.42854225324592,28.875614996429874,True,False,True,False,False,19.931783321869144,0.0,0.0,0.0,0.0,0,1.022775800711744,0.908896797153025,False,False,False,False,0.2617775948318959,0.28346660180372407,False,False,False,False,-550794.0,-627052.3615761794,False,False,False,False,29578.781063843635,False,False,False,False
2025-10-22 18:00:00+00:00,12.275,12.295,12.18,12.205,42404.0,,,,,11.337593293753823,11.195589023317584,11.19367885106169,11.185442467878955,11.033614708388376,10.91835566645273,10.91517434133176,10.925366788506224,10.967602301706963,10.983278223577098,10.91511736676855,10.851677349120852,10.82355752229706,10.802951545724289,10.79607816068456,10.787121615197751,10.750258265014981,10.740573901914876,10.73926766944264,10.619943996018167,11.337593293753823,10.91511736676855,,10.924112152907949,"rgba(38, 166, 154, 0.5)",0.691467150210214,11.131832827747132,1.552014686347157,67.17626879937592,23.558251472341922,False,False,True,False,False,18.310438032964818,0.0,0.0,0.0,0.0,0,1.0180979418026972,0.9166075230660043,False,False,False,False,0.23396480556090835,0.2587157036823162,False,False,False,False,-593198.0,-626527.4877532929,False,False,False,False,29777.621667504976,False,False,False,False
2025-10-22 19:00:00+00:00,12.205,12.27,12.17,12.245,41983.0,,,,,11.360182967026773,11.21298243463954,11.206225658094139,11.197005835954327,11.042945015077754,10.926449875648531,10.922914381265954,10.93215469446895,10.973503690286229,10.987959680469002,10.919642086480458,10.855685989508544,10.82744123660478,10.806632029097248,10.799714353779642,10.79059678848648,10.7536099855564,10.743867344042668,10.742500576952981,10.622867482238018,11.360182967026773,10.919642086480458,,10.93124410528392,"rgba(38, 166, 154, 0.5)",0.7028851545882555,11.209195097429802,1.4736474313175147,63.79444328436731,20.857671556976044,False,False,True,False,False,18.91196439269668,0.0,0.0,0.0,0.0,0,1.023412557644555,0.913799219581412,False,False,False,False,0.22925271703429143,0.2439842103583038,False,False,False,False,-551215.0,-625359.8522842496,False,False,False,False,29966.852339326604,False,False,False,False
2025-10-23 14:00:00+00:00,12.47,12.605,12.395,12.595,28641.0,,,,,11.380106227813126,11.22796154554448,11.21710080005714,11.207025620956697,11.050834539439967,10.933187892843264,10.929357363769936,10.937819226148427,10.978463610767909,10.99190933801456,10.923422351611682,10.85900870778647,10.83064945312908,10.80966537429348,10.802708862905204,10.793456128276178,10.756356363429276,10.746563192205596,10.745146651195459,10.625231477597767,11.380106227813126,10.923422351611682,,10.937298736389284,"rgba(38, 166, 154, 0.5)",0.7220484935425341,11.225976535234695,1.8960270355922568,66.39197027445393,20.857671556976044,False,False,True,False,True,20.0,0.0,0.0,0.0,0.0,0,1.0288294546717611,0.8961444946161863,False,False,False,False,0.3060161182243937,0.27500016429134877,False,False,False,False,-522574.0,-623766.2731790675,False,False,False,False,29946.296489104487,False,False,False,False
2025-10-23 15:00:00+00:00,12.595,12.68,12.575,12.635,23862.0,,,,,11.397568693095668,11.241105712860476,11.226693606891613,11.215870569539248,11.057776310980374,10.939101257838862,10.935013017430794,10.942797312634012,10.982831970563513,10.995393725121254,10.926750078244444,10.861929111223583,10.83346712530073,10.81232829434104,10.805337260000975,10.79596556191967,10.75876439306229,10.748926395661185,10.747466249603809,10.627297910908,11.397568693095668,10.926750078244444,,10.942619227861076,"rgba(38, 166, 154, 0.5)",0.7413060850362206,11.238856422098035,1.883356424672743,68.51894535972868,20.857671556976044,False,False,True,False,True,20.0,0.0,0.0,0.0,0.0,0,1.0443828016643553,0.8893897364771153,False,False,False,False,0.3421120916599687,0.30855612797565873,False,False,False,False,-498712.0,-621827.4472383067,False,False,False,False,29851.966310978834,False,False,False,False
2025-10-23 16:00:00+00:00,12.635,12.635,12.57,12.6,15859.0,,,,,11.40864638383515,11.249530569473036,11.232870106002194,11.221571898489534,11.06227370702653,10.942943138712865,10.938688591886368,10.946034356108127,10.985672759258637,10.99766130834832,10.928917888509037,10.863833709609557,10.835305453968395,10.814066280424635,10.8070528882414,10.797603867904353,10.760337199563411,10.750470126383096,10.748981574648646,10.628649538262353,11.40864638383515,10.928917888509037,,10.946055567332783,"rgba(38, 166, 154, 0.5)",0.7587495640202493,11.246155451388152,1.7843101502931697,68.97963837945296,20.857671556976044,False,False,True,False,True,20.0,0.0,0.0,0.0,0.0,0,1.0449398443029019,0.9019815994338289,False,False,False,False,0.3349691626582644,0.3217626453169615,False,False,False,False,-514571.0,-620164.5565834492,False,False,False,False,29635.02109685513,False,False,False,False
2025-10-23 17:00:00+00:00,12.605,12.83,12.535,12.795,29573.0,,,,,11.43076405519476,11.266316062074834,11.245223717039938,11.232979994325946,11.071229918956025,10.95056776694156,10.945984123662539,10.952466025356928,10.991329525411171,11.002183409467102,10.933230260903619,10.867615264868114,10.838952248466581,10.817512121960382,10.810453734319344,10.80085083187989,10.7634509465104,10.75352550410841,10.751980723762347,10.631315912135069,11.43076405519476,10.933230260903619,,10.952896607367249,"rgba(38, 166, 154, 0.5)",0.7801941604036434,11.34956767217211,1.8526571989209413,71.27632237816215,13.932091178000164,False,False,True,False,True,20.0,0.0,0.0,0.0,0.0,0,1.0429619280475027,0.8903248340901154,False,False,False,False,0.34282822633358995,0.33229543582527576,False,False,False,False,-484998.0,-618068.9510550236,False,False,False,False,29634.059529462025,False,False,False,False
2025-10-23 18:00:00+00:00,12.795,12.8,12.745,12.745,33983.0,,,,,11.456100110106402,11.28569863838847,11.259578230132226,11.246252481392375,11.081670311853845,10.959461607345974,10.954497124563234,10.959979240754505,10.997946256053915,11.00748097136494,10.938279695205274,10.872042964109061,10.843221612116425,10.821546303485139,10.814435168056558,10.804652416050708,10.767095803680638,10.757101933794846,10.755491500445478,10.634434913037786,11.456100110106402,10.938279695205274,,10.96084836409689,"rgba(38, 166, 154, 0.5)",0.7990799157229087,11.36675447590986,1.7247905959984913,71.43907854453833,14.477422890185593,False,False,True,False,True,20.0,0.0,0.0,0.0,0.0,0,1.0612530626531327,0.886944347217361,False,False,False,False,0.34282822726021217,0.337561831542744,False,False,False,False,-518981.0,-616532.7037518449,False,False,False,False,29701.484963113777,False,False,False,False
2025-10-23 19:00:00+00:00,12.745,12.76,12.66,12.66,61595.0,,,,,11.497316525839523,11.317974980136713,11.283736399676732,11.26864811012399,11.099494838143443,10.97474442521175,10.969136243681481,10.972916924523352,11.009343556564751,11.01662255865774,10.947012924230302,10.879720690694196,10.850631487148481,10.828553813670435,10.821352667401467,10.811260552097993,10.773437966154281,10.763326909431425,10.761602964244442,10.639879856359014,11.497316525839523,10.947012924230302,,10.974335719699576,"rgba(38, 166, 154, 0.5)",0.814988127918848,11.38986602392975,1.5584692985818842,69.30431406825139,14.477422890185593,False,False,True,False,True,20.0,0.0,0.0,0.0,0.0,0,1.053808525506639,0.8906359189378059,False,False,False,False,0.32594916262068896,0.3317554970817165,False,False,False,False,-580576.0,-615975.2354766226,False,False,False,False,30195.958064460847,False,False,False,False
2025-10-24 14:00:00+00:00,12.6,12.735,12.55,12.665,11557.0,,,,,11.504476677771125,11.32368111392489,11.288042184850056,11.27264769719258,11.10270566099808,10.977510408489186,10.971787202320433,10.975262317861988,11.011410378130774,11.018282706029318,10.948601435028666,10.88111979961471,10.851982646159234,10.829832365521819,10.822615005217212,10.812466851796422,10.77459653512064,10.7644643135787,10.762719732266113,10.640876786366132,11.504476677771125,10.948601435028666,,10.976754090911905,"rgba(38, 166, 154, 0.5)",0.8301810179247315,11.393704630182707,1.5313471909960652,67.9530203974274,14.477422890185593,False,False,True,False,False,20.0,0.0,0.0,0.0,0.0,0,1.0435986159169552,0.8934256055363324,False,False,False,False,0.30791883172973605,0.3198371644057263,False,False,False,False,-569019.0,-615247.2318258223,False,False,False,False,29906.9819704382,False,False,False,False
2025-10-24 15:00:00+00:00,12.665,12.74,12.605,12.735,16179.0,,,,,11.514725829779653,11.331845992622247,11.294214937695196,11.278383029390536,11.107303576884252,10.981467215206827,10.975579809378097,10.978619379805545,11.014371339647527,11.020662706708976,10.950876780463958,10.883122635761941,10.853916275007554,10.831661777951803,10.824421102352112,10.814192693156398,10.776253471115805,10.766090839829392,10.76431675897877,10.642300824955347,11.514725829779653,10.950876780463958,,10.980216348834597,"rgba(38, 166, 154, 0.5)",0.8460712065107218,11.399626883703444,1.5783223752569966,68.07770717286267,14.477422890185593,False,False,True,False,False,20.0,0.0,0.0,0.0,0.0,0,1.047241379310345,0.8962068965517243,False,False,False,False,0.31590772647010107,0.3178724454379137,False,False,False,False,-552840.0,-614279.6778440265,False,False,False,False,29694.14504066396,False,False,False,False
2025-10-24 16:00:00+00:00,12.735,12.77,12.63,12.63,18379.0,,,,,11.525994694836573,11.340891708272428,11.301078840167676,11.284766236856504,11.112440018681863,10.985896434327483,10.979826301998155,10.982380137081217,11.017689041813908,11.023331287190816,10.95342968072675,10.88537155259747,10.856088057096605,10.833717032756786,10.826450305009471,10.8161320193814,10.778115913053078,10.767919264198161,10.766112097991128,10.643902981260194,11.525994694836573,10.95342968072675,,10.984076680264883,"rgba(38, 166, 154, 0.5)",0.858684007784731,11.406037958543537,1.4253928457501985,65.20029964488063,14.477422890185593,False,True,True,False,False,20.0,0.0,0.0,0.0,0.0,0,1.0454545454545456,0.9022038567493115,False,False,False,False,0.3232653071393666,0.32056887628864017,False,False,False,False,-571219.0,-613612.0704355919,False,False,False,False,29518.716435382346,False,False,False,False
2025-10-24 17:00:00+00:00,12.635,12.635,12.56,12.56,8856.0,,,,,11.530920590659592,11.344910977960177,11.304143183637724,11.287620056967995,11.114758711848113,10.987907157376995,10.981754801639669,10.984088611766959,11.019194895051804,11.024542963119949,10.954591819535393,10.88639783942551,10.857080095271119,10.834656555188241,10.827378134208743,10.817019081352898,10.778968769017814,10.768756798212884,10.766934538239392,10.644639313853853,11.530920590659592,10.954591819535393,,10.98581324471674,"rgba(38, 166, 154, 0.5)",0.8697447953331096,11.408525960359416,1.3239217363750633,61.52185023087998,17.14890617640259,False,True,True,False,False,19.239048543520116,0.0,0.0,0.0,0.0,0,1.0412654745529575,0.9092159559834939,False,False,False,False,0.29600620598705424,0.3082875411378472,False,False,False,False,-580075.0,-613092.1158551951,False,False,False,False,29198.36424258572,False,False,False,False
2025-10-24 18:00:00+00:00,12.565,12.635,12.555,12.625,6938.0,,,,,11.534820373764218,11.348092164121718,11.306570989655205,11.28988140164059,11.116594777309773,10.989498558653917,10.983281206586454,10.985441218142576,11.02038763895162,11.025503055556891,10.955512264839493,10.887210448013963,10.857865472932158,10.83540029761058,10.828112597317139,10.817721259837025,10.779643747182156,10.769419622363538,10.767585420247736,10.64522172598012,11.534820373764218,10.955512264839493,,10.987188212035344,"rgba(38, 166, 154, 0.5)",0.8816928486039248,11.410581346239514,1.3773715593626512,60.36692196765333,15.878933844189632,False,True,True,False,False,20.0,0.0,0.0,0.0,0.0,0,1.0426409903713894,0.9092159559834939,False,False,False,False,0.29534680963156923,0.3018171753847082,False,False,False,False,-573137.0,-612472.6566946494,False,False,False,False,28853.24231634408,False,False,False,False
2025-10-24 19:00:00+00:00,12.625,12.63,12.575,12.61,31954.0,,,,,11.552421860148309,11.362538632319263,11.317636630479965,11.300196933370874,11.124992978617245,10.99678774494805,10.990274396217927,10.99164182058727,11.025857918676467,11.029909889583895,10.959738294525707,10.890943140516503,10.861473555690269,10.838817663648928,10.831487457632209,10.820948141563758,10.782746029824535,10.772466191611977,10.770577214090594,10.647899651253557,11.552421860148309,10.959738294525707,,10.993467807265365,"rgba(38, 166, 154, 0.5)",0.8928209670921177,11.420065214270284,1.3327809601126253,59.17954146614288,14.516182713617525,False,True,True,False,False,19.787533159759327,0.0,0.0,0.0,0.0,0,1.0432840948127793,0.9075918928203366,False,False,False,False,0.29732575013639506,0.29957146276055163,False,False,False,False,-605091.0,-612358.2124048098,False,False,False,False,28901.31607888138,False,False,False,False
2025-10-27 14:00:00+00:00,12.675,12.76,12.535,12.57,58629.0,,,,,11.583743544468701,11.388543342641354,11.337713445444278,11.318945387422085,11.140328780225452,11.010129083171002,11.003080670227007,11.003012294143295,11.035902052115398,11.03801678058386,10.967514115761128,10.897816026634699,10.868117947531948,10.845112467183279,10.837704285485026,10.826893630161202,10.788462550842382,10.778080397926267,10.776090920483478,10.652835788008048,11.583743544468701,10.967514115761128,,11.004902175522995,"rgba(38, 166, 154, 0.5)",0.9027651116690724,11.437889449743922,1.2540477424553786,57.237149390406245,12.442326992956119,False,True,True,False,False,18.805468143009044,0.0,0.0,0.0,0.0,0,1.040747028862479,0.9001697792869271,False,False,False,False,0.3092476456550921,0.3044095542078219,False,False,False,False,-663720.0,-613154.5191892312,False,False,False,False,29362.210403239806,False,False,False,False
2025-10-27 15:00:00+00:00,12.58,12.62,12.485,12.565,64369.0,,,,,11.614058939364458,11.414443206321433,11.357975285362569,11.337929167400363,11.156085001461818,11.023945827681558,11.01635574754619,11.014820654701403,11.046338846558204,11.046461357473962,10.975635660261371,10.905017040539304,10.875087046471304,10.851721566710847,10.844233339771048,10.833141380302887,10.794476860408047,10.783989185476232,10.781894861976607,10.658048852804214,11.614058939364458,10.975635660261371,,11.016582991429692,"rgba(38, 166, 154, 0.5)",0.9121480340581032,11.454823878434912,1.2171008214817578,55.791513077002016,10.848910474038462,False,True,True,False,False,18.681666170724014,0.0,0.0,0.0,0.0,0,1.0358229131463335,0.9121324771882394,False,False,False,False,0.2841746705019374,0.2942921123548796,False,False,False,False,-728089.0,-614936.4491242819,False,False,False,False,29904.95132722058,False,False,False,False
2025-10-27 16:00:00+00:00,12.57,12.605,12.52,12.545,42307.0,,,,,11.632975704318612,11.430849560921203,11.370929637293901,11.350092409683139,11.166251354984027,11.032893314987108,11.02495802393941,11.02248451514938,11.053120838500082,11.051960656767644,10.980928546367037,10.90971600782413,10.879636292569694,10.856037718121703,10.84849766394252,10.837223238278872,10.798407576896892,10.787851444312983,10.785688982560687,10.661459657707999,11.632975704318612,10.980928546367037,,11.024098157256352,"rgba(38, 166, 154, 0.5)",0.9207238632904329,11.465819824124717,1.1720997129568989,54.1800166703998,9.10168848068642,False,True,True,False,False,18.179722782430744,0.0,0.0,0.0,0.0,0,1.0475059382422804,0.9127926705123856,False,False,False,False,0.286797105268563,0.2905446088117213,False,False,False,False,-770396.0,-617346.6747192543,False,False,False,False,30097.23115160476,False,False,False,False
2025-10-27 17:00:00+00:00,12.545,12.565,12.51,12.555,26553.0,,,,,11.644299532138652,11.440788922162408,11.378828254385649,11.357520151886298,11.17249651966214,11.038407160438464,11.030261564462176,11.027214298536444,11.057308903000008,11.055361350199561,10.984204483315366,10.912627806914266,10.882456368635616,10.858714354193598,10.851142429995166,10.839755470806853,10.800847014857597,10.790248708478448,10.788044133005165,10.663579100817813,11.644299532138652,10.984204483315366,,11.028705326394586,"rgba(38, 166, 154, 0.5)",0.927737546375581,11.472480560186407,1.1668380179746987,53.436633480090585,8.148912361476768,False,True,True,False,False,18.33462649126624,0.0,0.0,0.0,0.0,0,1.0437733288089583,0.9161859518154055,False,False,False,False,0.2802481318084979,0.28539637031010956,False,False,False,False,-743843.0,-619307.8580569401,False,False,False,False,30042.28183142484,False,False,False,False
2025-10-27 18:00:00+00:00,12.555,12.59,12.535,12.565,31714.0,,,,,11.657753347501286,11.452641040391999,11.388283387230254,11.36641890608368,11.179989449751186,11.045027007155628,11.036630672961907,11.032898995708704,11.06234714800086,11.059457075584982,10.988149153895641,10.916134473980039,10.88585247729783,10.861937951799183,10.854327658528167,10.842805441556877,10.803785012539711,10.793135920440307,10.790880743502376,10.666131110675757,11.657753347501286,10.988149153895641,,11.03422934872932,"rgba(38, 166, 154, 0.5)",0.9344503997268014,11.480639509772693,1.1604259472138199,53.2977007965346,7.7013703165246525,False,True,True,False,False,18.491823286127765,0.0,0.0,0.0,0.0,0,1.0464564259070874,0.9128518141742964,False,False,False,False,0.286797105268563,0.2860967377893363,False,False,False,False,-712129.0,-620746.9455289255,False,False,False,False,30068.199942565538,False,False,False,False
2025-10-27 19:00:00+00:00,12.565,12.61,12.52,12.525,57982.0,,,,,11.681054681751665,11.47345424453201,11.405017528330866,11.382197924097675,11.193368118759286,11.05689063216865,11.04805143407372,11.043105745923416,11.071400911124716,11.06683031469959,10.995257346152496,10.922462127786078,10.891983219920766,10.867759971870159,10.860081058453694,10.848316194635,10.809095792587451,10.798355677963889,10.796009504684067,10.670750627004674,11.681054681751665,10.995257346152496,,11.044072152825994,#000000,0.9397809165817327,11.494987816182402,1.0960130873523846,51.59542550084204,5.795665778308226,False,True,False,False,False,17.44507174128997,0.0,0.0,0.0,0.0,0,1.043918918918919,0.9125000000000002,False,False,False,False,0.28745331309699607,0.2867750254431662,False,False,False,False,-770111.0,-623062.6673036709,False,False,False,False,30500.97203647925,False,False,False,False
2025-10-28 14:00:00+00:00,12.205,12.27,12.1,12.245,26045.0,,,,,11.687118510671425,11.479624810392671,11.410153176011855,11.38708904080929,11.197780937519681,11.060937220664469,11.051955788427918,11.04660265922175,11.074487989086492,11.069350914033366,10.997722787012776,10.92468713228767,10.894150278262213,10.869826425252644,10.86212572501976,10.85027858463765,10.81099836302746,10.80022867532998,10.797850604344717,10.672437223615674,11.687118510671425,10.997722787012776,,11.047270342281474,"rgba(239, 83, 80, 1.0)",0.9406856086995514,11.497657760377393,0.7944654757244213,43.75126555424557,-1.562282499942519,False,True,False,True,False,10.599449689583963,0.0,0.0,0.0,0.0,0,1.0316518298714146,0.9215298384437851,False,False,False,False,0.19009393474566472,0.23843448009441545,False,False,False,False,-796156.0,-625746.2848648543,False,False,False,False,30431.88719870438,False,False,False,False
2025-10-28 15:00:00+00:00,12.245,12.36,12.235,12.26,19676.0,,,,,11.69230063572964,11.48472440347294,11.414375563208223,11.391103364625765,11.2013519739412,11.064187847213036,11.055091387084119,11.049411999815677,11.076973279256247,11.071381360263887,10.999701660338522,10.926467637036906,10.895882293969827,10.871476606687361,10.863758050857783,10.851844659073876,10.812514535464246,10.80172074205408,10.799317191188072,10.673775309007773,11.69230063572964,10.999701660338522,,11.049868025014458,"rgba(239, 83, 80, 1.0)",0.9406498759842693,11.500367063395643,0.8075618314513657,39.11060774546692,-5.615157137934517,False,True,False,True,False,10.859089585389945,0.0,0.0,0.0,0.0,0,1.0368178829717292,0.9207758053911901,False,False,False,False,0.21847026473470169,0.22845237241455857,False,False,False,False,-776480.0,-628083.241688655,False,False,False,False,30265.129257639193,False,False,False,False
2025-10-28 16:00:00+00:00,12.255,12.315,12.23,12.27,15664.0,,,,,11.69627095347031,11.488671359575156,11.417656929552617,11.394226297159344,11.204143363475943,11.066735214615685,11.057549310511206,11.051615374390396,11.078922769485073,11.072975243576401,11.001256393173197,10.927867883338665,10.897244859870124,10.872775196133734,10.865042699023894,10.853077387337843,10.813708417944692,10.802895771072953,10.800472210181848,10.674830165817426,11.69627095347031,11.001256393173197,,11.051896889985326,"rgba(239, 83, 80, 1.0)",0.9391704793003357,11.50246053274736,0.8172525480405238,36.43979080280667,-7.853680561689224,False,True,False,True,False,11.034522129567435,0.0,0.0,0.0,0.0,0,1.0330992978936813,0.9368104312938816,False,False,False,False,0.21213596380490896,0.22029416810973376,False,False,False,False,-760816.0,-630141.1139105363,False,False,False,False,30038.75516062153,False,False,False,False
2025-10-28 17:00:00+00:00,12.265,12.35,12.26,12.345,9957.0,,,,,11.698968967996626,11.491308079676449,11.419843007486783,11.396304903104694,11.205987421805998,11.068411395135104,11.059166416549223,11.053065264242818,11.080207036662552,11.074025573349468,11.002278933115756,10.928787309077832,10.898138948902966,10.873626903330925,10.865885133670906,10.853885613965891,10.814490566539455,10.803665416144877,10.801228728727981,10.675519548602125,11.698968967996626,11.002278933115756,,11.05323975840442,"rgba(239, 83, 80, 1.0)",0.9359508822871467,11.503980631824206,0.8985721196401125,37.69953610436281,-7.853680561689224,False,True,False,True,False,12.345994277504762,0.0,0.0,0.0,0.0,0,1.041150886584142,0.9220475075276011,False,False,False,False,0.2203739030545724,0.2203340355821531,False,False,False,False,-750859.0,-632012.7090437062,False,False,False,False,29727.410119371583,False,False,False,False
2025-10-28 18:00:00+00:00,12.345,12.37,12.28,12.28,17882.0,,,,,11.703691679943251,11.495954293772403,11.423706339933462,11.399981008273697,11.209259231576416,11.071390445848165,11.062041071202279,11.0556437430509,11.082491332459275,11.075894839672799,11.004099751892236,10.930425592995297,10.899732436734338,10.875145177836266,10.867386965071939,10.855326642997289,10.815885432588674,10.805038084237085,10.802578033215752,10.676749902826334,11.703691679943251,11.004099751892236,,11.055621100306395,"rgba(239, 83, 80, 1.0)",0.9262354398802313,11.506659730627927,0.834928395173554,37.00686373205775,-7.853680561689224,False,True,False,True,False,10.790464040366935,0.0,0.0,0.0,0.0,0,1.0440293529019347,0.9156104069379586,False,False,False,False,0.22545800574229247,0.22289602066222278,False,False,False,False,-768741.0,-634132.5275081448,False,False,False,False,29543.760350079,False,False,False,False
2025-10-28 19:00:00+00:00,12.28,12.315,12.22,12.245,32188.0,,,,,11.711325135086211,11.50368042282365,11.430188989847663,11.406164570095974,11.214834643144197,11.07650191377952,11.066976365944836,11.060074551796557,11.086415185381734,11.079109604362037,11.007239519826683,10.933258242938368,10.902490331099223,10.877775080396356,10.869989014705178,10.857824442254925,10.818305872905773,10.807420742907777,10.804920380140798,10.678892249766385,11.711325135086211,11.007239519826683,,11.059669362960193,"rgba(239, 83, 80, 1.0)",0.9150040023542854,11.510896591289391,0.8022952979678512,35.776108524833155,-8.542126742740706,False,True,False,True,False,9.959132711906136,0.0,0.0,0.0,0.0,0,1.0398538691464632,0.9186316838259715,False,False,False,False,0.21087112932657331,0.21688357499439803,False,False,False,False,-800929.0,-636718.519329724,False,False,False,False,29584.756313643666,False,False,False,False
2025-10-29 14:00:00+00:00,11.98,12.105,11.97,12.095,15458.0,,,,,11.713585930410698,11.506352889596988,11.432512501995424,11.408402990537923,11.216974382239151,11.078521994982035,11.068930576696122,11.06183222508854,11.087965421232504,11.080382504899246,11.008497960953985,10.934406484139377,10.903613026921906,10.87884924958943,10.871052882520539,10.858847341393863,10.819301851036437,10.808402436693774,10.805885778274268,10.679786987145333,11.713585930410698,11.008497960953985,,11.061205270817377,"rgba(239, 83, 80, 1.0)",0.9015257487591319,11.511783358660553,0.6469217791529439,32.31323111270606,-11.97864618619969,False,True,False,True,False,6.505171663207808,0.0,0.0,0.0,0.0,0,1.0287863918874718,0.9254170755642787,False,False,False,False,0.1533353343261023,0.18510945466025017,False,False,False,False,-816387.0,-639504.0771695732,False,False,False,False,29365.736835912758,False,False,False,False
2025-10-29 15:00:00+00:00,12.095,12.105,12.03,12.035,11827.0,,,,,11.715295789014885,11.508380230499302,11.434278628783519,11.410105243292689,11.218604177593742,11.080061956451708,11.070420550675184,11.063172849642736,11.089148174155879,11.081354171856061,11.00945876497736,10.935283426007166,10.90447053387109,10.879669781417846,10.87186556640853,10.859628789186779,10.82006279820111,10.809152494754596,10.806623404722728,10.680470771274887,11.715295789014885,11.00945876497736,,11.06237540513939,"rgba(239, 83, 80, 1.0)",0.8809232615800492,11.512484588063623,0.593145208811013,29.186154660702606,-15.004470801098975,False,True,False,True,False,5.174781377014657,0.0,0.0,0.0,0.0,0,1.0353172007848268,0.9244604316546763,False,False,False,False,0.1607753009970616,0.1729423778286559,False,False,False,False,-828214.0,-642429.8124072542,False,False,False,False,29093.81843535597,False,False,False,False
2025-10-29 16:00:00+00:00,12.035,12.035,11.965,11.98,8829.0,,,,,11.71632639209595,11.509710257115957,11.435457061564726,11.411246273711912,11.219725088056219,11.081134051788842,11.071458668292982,11.06410764056546,11.089971558872683,11.082031252614668,11.010131560661247,10.935900258241537,10.905074701118433,10.880248653473592,10.872439127858367,10.86018065564975,10.82060118263158,10.80968343853894,10.807145615206974,10.680957310919176,11.71632639209595,11.010131560661247,,11.06317653744895,"rgba(239, 83, 80, 1.0)",0.8599267567805221,11.512816354822869,0.5432830662534789,26.4081555402745,-17.672243815265546,False,True,False,True,False,3.9690893416525626,0.0,0.0,0.0,0.0,0,1.035116508040696,0.9284542172628816,False,False,False,False,0.1440589064531634,0.15850064214090964,False,False,False,False,-837043.0,-645447.0711296224,False,False,False,False,28779.635203800062,False,False,False,False
2025-10-29 17:00:00+00:00,11.975,12.01,11.925,12.0,12744.0,,,,,11.7177207607199,11.511558089823144,11.437103806120756,11.412843175057171,11.221306069560196,11.082651736145907,11.072928687012423,11.065431905055796,11.091137721336324,11.082990739512626,11.011086278689897,10.936776730208091,10.905933586016078,10.881071905744516,10.873254921843488,10.860965754655002,10.821367500773851,10.81043927564061,10.80788905533623,10.681650939259697,11.7177207607199,11.011086278689897,,11.064305431925586,"rgba(239, 83, 80, 1.0)",0.8376796943165756,11.513247644749914,0.5810721670258525,25.50000979286281,-18.655814305707075,False,True,False,True,False,4.363247538409944,0.0,0.0,0.0,0.0,0,1.0305418719211825,0.9300492610837439,False,False,False,False,0.13603926125721374,0.1472699516990617,False,False,False,False,-824299.0,-648219.9692516437,False,False,False,False,28531.020704516337,False,False,False,False
2025-10-29 18:00:00+00:00,12.005,12.02,11.885,11.91,9072.0,,,,,11.71855338706126,11.512752677794381,11.438183803049952,11.413894460144421,11.222368250128088,11.083680887759108,11.07392613727318,11.066331063455518,11.091928663131227,11.083642054685113,11.01173670371925,10.937375834958933,10.906521384427194,10.881635861524432,10.87381392952696,10.861503984135231,10.821893558729128,10.81095832596103,10.80839964230567,10.68212903900754,11.71855338706126,11.01173670371925,,11.065061482438882,"rgba(239, 83, 80, 1.0)",0.8137226601045409,11.513439859382178,0.4873406629316127,23.68401262255204,-20.572250630583074,False,True,False,True,False,2.3912716490838477,0.0,0.0,0.0,0.0,0,1.0268412438625207,0.9299509001636662,False,False,False,False,0.13234380531731796,0.13980687850818985,False,False,False,False,-833371.0,-651090.5278678973,False,False,False,False,28229.330461035464,False,False,False,False
2025-10-29 19:00:00+00:00,11.905,12.04,11.86,12.025,35548.0,,,,11.975,11.722290647233486,11.517767643923689,11.442678208500396,11.41825882837921,11.22671178903161,11.08786179545696,11.077977373368563,11.06998397705207,11.095147380833538,11.086293736845038,11.014377086271995,10.939802236761079,10.908899816028054,10.883916375990893,10.876073972956162,10.863679463905097,10.824017656462571,10.813053593005355,10.810460684354954,10.684053518785392,11.722290647233486,11.014377086271995,,11.111347894530766,"rgba(239, 83, 80, 0.75)",0.78856853432874,11.559626820975888,0.5901493133000242,27.286635409989394,-20.572250630583074,False,True,False,True,True,4.669794109047878,0.0,0.0,0.0,0.0,0,1.0259909031838859,0.9269005847953218,False,False,False,False,0.13172824790828463,0.13576756320823724,False,False,False,False,-797823.0,-653365.449916457,False,False,False,False,28342.798205825613,False,False,False,False
2025-10-30 14:00:00+00:00,13.015,13.27,12.98,13.095,54838.0,,,,12.666648264111698,11.752912247908602,11.544059412231329,11.464001766988488,11.438376550327552,11.243374534559916,11.102424964068351,11.092008343124311,11.0825880784286,11.10644112904843,11.095561318755024,11.023222208230358,10.947620746654993,10.916449481647726,10.8910721256781,10.883140229738196,10.870444392029583,10.830509393355985,10.819427830491005,10.81672441805672,10.689622860769967,11.752912247908602,11.023222208230358,,11.156030014104996,"rgba(239, 83, 80, 0.75)",0.7857777578200659,11.616989542541935,1.8809522702174946,43.970204773321456,-13.318110239917871,False,True,False,True,True,20.0,0.0,0.0,0.0,0.0,0,1.0328709288299156,0.914354644149578,False,False,False,False,0.3428282303680698,0.23929789678815352,False,False,False,False,-742985.0,-654754.9003053491,False,False,False,False,28753.576528215912,False,False,False,False
2025-10-30 15:00:00+00:00,13.1,13.28,12.99,13.215,74245.0,,13.161666666666669,,12.8898907961846,11.793636095512019,11.579323922847468,11.492811816352612,11.465602996620502,11.26602206246841,11.122261310256553,11.111130848846797,11.099793398057496,11.12188258412346,11.108261430222374,11.035344102153378,10.958343075706352,10.92680421427681,10.900889214248183,10.892835000617971,10.879727970893024,10.839418484533336,10.828176150805966,10.825321908415077,10.697266941145738,11.793636095512019,11.035344102153378,13.161666666666669,11.182606872585147,"rgba(38, 166, 154, 0.5)",0.7841122253746775,11.760383034910777,1.855113232540346,55.668439549045445,-3.4443081117500185,False,False,True,False,True,20.0,0.0,0.0,0.0,0.0,0,1.0336309523809526,0.9151785714285717,False,False,False,False,0.34282823044589283,0.29106306361702317,False,False,False,False,-668740.0,-654971.723556429,False,True,False,False,29458.86991537535,False,False,False,False
2025-10-30 16:00:00+00:00,13.215,13.22,12.895,12.915,75618.0,,13.085138571005965,,12.92769498173423,11.8284243796722,11.610400034527464,11.518589693409119,11.49006076139831,11.286743220775653,11.140601934711755,11.128833219150618,11.115758990874394,11.136221127924058,11.120093300797791,11.046679108492208,10.968413050023623,10.9365436412534,10.910136031115952,10.901970203523149,10.888482901732527,10.847834542710423,10.836444564444681,10.833449581985722,10.704527782547723,11.8284243796722,11.046679108492208,13.085138571005965,11.198947764419286,"rgba(38, 166, 154, 0.5)",0.7765376028555842,11.783050772185025,1.4576875912414609,58.814418331662544,-1.4160541953987433,False,False,True,False,True,16.24291505117587,0.0,0.0,0.0,0.0,0,1.027027027027027,0.9224441833137486,False,False,False,False,0.3243629518143549,0.30771300771568905,False,False,False,False,-744358.0,-656357.5572997401,False,False,False,False,30174.51534304395,False,False,False,False
2025-10-30 17:00:00+00:00,12.915,13.06,12.915,12.96,46142.0,,13.059995297739004,,12.93585359991527,11.848148167216648,11.628293854154593,11.533568461548327,11.504304858154764,11.298919149222273,11.151432681444415,11.139294826916688,11.125210044977676,11.144717930468136,11.127121272353525,11.053421475931295,10.974414758848523,10.942351932056523,10.915654209875818,10.907422708577457,10.89371067011477,10.852863278837763,10.841386163709817,10.838307710517812,10.708875434811755,11.848148167216648,11.053421475931295,13.059995297739004,11.207870151888278,"rgba(38, 166, 154, 0.5)",0.7662431928772224,11.796140166478185,1.5189170283543445,61.248229792922295,0.4682511064073651,False,False,True,False,True,16.789042523763914,0.0,0.0,0.0,0.0,0,1.0322108345534409,0.9270863836017571,False,False,False,False,0.30786671424558026,0.30778986098063466,False,False,False,False,-698216.0,-657006.5254036202,False,False,False,False,30422.073244702184,False,False,False,False
2025-10-30 18:00:00+00:00,12.965,13.075,12.96,13.055,35386.0,,13.055408197956417,,12.946206933165932,11.863492550399755,11.642215647364985,11.54525234491225,11.515421644055557,11.308422322114229,11.159885075177476,11.147461084820394,11.132593541354213,11.151363272102474,11.132624488018124,11.058698282649438,10.979111247209817,10.946896402386534,10.919971658168619,10.911688676783736,10.897801052556852,10.856797084424993,10.845251676221276,10.842108082990759,10.712274023636827,11.863492550399755,11.058698282649438,13.055408197956417,11.215025575738773,"rgba(38, 166, 154, 1.0)",0.7569878668979324,11.807348055944981,1.6481795793739507,63.596926396950025,2.6615932554425825,True,False,True,False,True,17.931693985928693,0.0,0.0,0.0,0.0,0,1.0364644107351226,0.9224037339556594,False,False,False,False,0.31491617267305017,0.3113530168268424,False,False,False,False,-662830.0,-657096.811831471,False,False,False,False,30499.03334943548,False,False,False,False
2025-10-30 19:00:00+00:00,13.055,13.12,12.91,12.915,60794.0,,13.0400650329985,,12.951841806270384,11.887889993026567,11.664687880232115,11.564265422299714,11.533549416924128,11.32405606766458,11.17385951164614,11.160971409495165,11.144826054549242,11.162380472408929,11.141766230637172,11.067477810162439,10.986941038272606,10.954477802932292,10.92717914542825,10.918811498665814,10.904633503481435,10.863372794332692,10.851714718465935,10.848462974732882,10.71796842345738,11.887889993026567,11.067477810162439,13.0400650329985,11.226244475004089,"rgba(38, 166, 154, 1.0)",0.743246518584137,11.824215102388793,1.467595031173667,62.969977594725535,2.6615932554425825,True,False,True,False,True,15.26718439507819,0.0,0.0,0.0,0.0,0,1.0329289428076256,0.9202772963604854,False,False,False,False,0.31432756776785736,0.3128402922973499,False,False,False,False,-723624.0,-658128.2411054017,False,False,False,False,30968.722754870592,False,False,False,False
2025-10-31 14:00:00+00:00,12.555,12.67,12.345,12.485,39908.0,,12.975164793195482,,12.90916015154994,11.896533446913612,11.673787233688287,11.572326021154723,11.541329895816776,11.331224661216062,11.180503752969951,11.16741476386102,11.150685735395932,11.167645096048014,11.146160115984845,11.071758363708993,10.99081457320256,10.958248725549444,10.93078030576636,10.922375101967852,10.908059861891342,10.86669080682697,10.85498150988571,10.851676824586892,10.720898899579513,11.896533446913612,11.071758363708993,12.975164793195482,11.229193135598322,"rgba(38, 166, 154, 0.5)",0.7230600762550287,11.824632471535436,0.9132955201797742,57.414870911660884,2.6615932554425825,False,False,True,False,False,7.824547206201963,0.0,0.0,0.0,0.0,0,1.0129213483146071,0.9367977528089889,False,False,False,False,0.19853902531648,0.25568965880691497,False,False,False,False,-763532.0,-659762.4079099691,False,False,False,False,31107.316200531513,False,False,False,False
2025-10-31 15:00:00+00:00,12.485,12.485,12.225,12.32,28138.0,,12.925811812420363,,12.873828073508102,11.900937997890697,11.678890551347118,11.576980559643294,11.545856556934766,11.335556228760089,11.184597054422145,11.171390904217516,11.154310687785372,11.170898639806294,11.148884541842577,11.074431738086503,10.99325151398028,10.960627402481757,10.93305697891481,10.924629500583272,10.910229978630051,10.868798544393194,10.857058437830043,10.85372065045688,10.722777870041412,11.900937997890697,11.074431738086503,12.925811812420363,11.230510210074105,#000000,0.6990936861265713,11.823249987244022,0.7105628653411142,52.209517813628935,12.888368826567273,False,False,False,False,False,5.234269843239574,0.0,0.0,0.0,0.0,0,1.0030555555555558,0.9497222222222226,False,False,False,False,0.16487597481578936,0.21028281681135216,False,False,False,False,-791670.0,-661807.4868571014,False,False,False,False,31061.280290445753,False,False,False,False
2025-10-31 16:00:00+00:00,12.315,12.37,12.2,12.205,14655.0,,12.899718821188308,,12.854441402018605,11.902763599336541,11.681181707232623,11.5791161570578,11.547944844325661,11.337608526593565,11.186562008429185,11.173301722756346,11.156055600875456,11.172463713382914,11.150197961211608,11.0757266813058,10.99443757090279,10.961787086754944,10.93416853290408,10.92573064094237,10.911290751395812,10.869830783820492,10.858076129544866,10.854722296861246,10.723703524772132,11.902763599336541,11.0757266813058,12.899718821188308,11.231005297258326,"rgba(239, 83, 80, 1.0)",0.672595316263439,11.82212372861482,0.5692520630566171,47.75157599466041,8.49123487990476,False,True,False,True,False,3.488523348046499,0.0,0.0,0.0,0.0,0,0.9997238331952502,0.95857497928749,False,False,False,False,0.14955164346457595,0.17991723013796407,False,False,False,False,-806325.0,-664048.0684562161,False,False,False,False,30806.919355710157,False,False,False,False
2025-10-31 17:00:00+00:00,12.205,12.28,12.17,12.265,15984.0,,12.872672525392074,,12.833978547799923,11.904622801654002,11.683574186599271,11.581362072380772,11.550144864144137,11.339788158419765,11.18865713257029,11.17533990555388,11.157918057568528,11.174134242717216,11.151601157182984,11.077112000252464,10.995708223099513,10.963030102375209,10.93536048589021,10.926911574095051,10.912428669790572,10.870938693967588,10.859168597456469,10.85579760729958,10.724698710682578,11.904622801654002,11.077112000252464,12.872672525392074,11.231536942452383,"rgba(239, 83, 80, 1.0)",0.6639672126389347,11.820916181737074,0.668833957173755,45.594062219468746,6.158803165098334,False,True,False,True,False,4.307407595016436,0.0,0.0,0.0,0.0,0,0.9977967502065551,0.9636463784081521,False,False,False,False,0.13647203468715136,0.1581946324125577,False,False,False,False,-790341.0,-666006.0984026314,False,False,False,False,30577.106652520848,False,False,False,False
2025-10-31 18:00:00+00:00,12.265,12.305,12.23,12.235,12265.0,,12.85393113142413,,12.819631174087155,11.906113124331911,11.685456330988481,11.58312288352058,11.551868240216624,11.34148749429677,11.190287112759835,11.176925464489516,11.15936701218906,11.175434565091317,11.152693542825016,11.07818950755392,10.996695832641004,10.963995953132148,10.936286478951482,10.92782894730428,10.91331256106757,10.871798992711403,10.860016836544801,10.856632519013429,10.725470698732325,11.906113124331911,11.07818950755392,12.85393113142413,11.232029298688031,"rgba(239, 83, 80, 1.0)",0.6540964127077709,11.820218566753233,0.6341288916869157,43.853330446501076,4.0576074502487955,False,True,False,True,False,3.8467539438352034,0.0,0.0,0.0,0.0,0,0.9989001924663186,0.9637063513885072,False,False,False,False,0.1457317032199416,0.15196316781624966,False,False,False,False,-802606.0,-668123.9263343734,False,False,False,False,30293.198022249206,False,False,False,False
2025-10-31 19:00:00+00:00,12.235,12.28,12.16,12.245,102200.0,,12.727408933347846,,12.718189997219056,11.917092153182974,11.699916981146504,11.596843164634546,11.56534372978149,11.354975354899272,11.203322353528261,11.189616756711144,11.170985713338169,11.185868660697793,11.161481248696662,11.086877999716158,11.004681764817569,10.971813141147624,10.94378778899713,10.93526222133237,10.920478376314502,10.878780425533717,10.866902503127866,10.863411029694765,10.731754808299454,11.917092153182974,11.086877999716158,12.727408933347846,11.236542198705573,"rgba(239, 83, 80, 1.0)",0.6450832965280666,11.81605642610896,0.6649429247349565,42.85530574916142,2.5205172196887986,False,True,False,True,False,3.987051781314374,0.0,0.0,0.0,0.0,0,0.994519046314059,0.9665661825157581,False,False,False,False,0.13538421949228446,0.14367369365426708,False,False,False,False,-700406.0,-668624.4236005071,False,False,False,False,31408.03216143914,False,False,False,False
2025-11-03 15:00:00+00:00,11.705,11.865,11.605,11.735,36764.0,,12.660105872420598,,12.661040820467415,11.914887280738883,11.700249957639771,11.597891973520964,11.566550820532967,11.357043157181513,11.205713274543541,11.191974663192799,11.173182362955131,11.18781927250322,11.163161807343924,11.088634476066714,11.006381240380243,10.973506798187486,10.945436777492374,10.936903172918546,10.922071894390108,10.880362647838602,10.868471110798522,10.864957662211264,10.733261591083163,11.914887280738883,11.088634476066714,12.660105872420598,11.235214417237483,"rgba(239, 83, 80, 1.0)",0.6344496302571165,11.80791165328696,-0.11492110612061027,37.8418203838365,-2.723230009185734,False,True,False,True,False,0.0,0.0,0.0,0.0,0.0,0,0.9763737722325462,0.9689408016989647,False,False,False,False,0.03098077016550863,0.08732723190988785,False,False,False,False,-737170.0,-669687.1457152279,False,False,False,False,31491.070422502096,False,False,False,False
2025-11-03 16:00:00+00:00,11.735,11.795,11.705,11.755,32935.0,,12.608075131209633,,12.616031296023564,11.913135754926905,11.700683447341131,11.598930697641666,11.567723256549627,11.358957427552642,11.207903865208253,11.194134047682635,11.175193698560312,11.18960786449643,11.164702629287163,11.090240314866584,11.007931683719603,10.975050757251173,10.946939256279686,10.938398089842675,10.92352332007153,10.881802668148957,10.869898476209997,10.866365010527414,10.734629997444552,11.913135754926905,11.090240314866584,12.608075131209633,11.234370645696785,"rgba(239, 83, 80, 1.0)",0.6223586854325986,11.801577529163366,-0.07484032962597598,34.83369078066306,-5.955312228992696,False,True,False,True,False,0.0,0.0,0.0,0.0,0.0,0,0.9814716781365806,0.9722075172048705,False,False,False,False,0.03418805920589265,0.06075764555789025,False,False,False,False,-704235.0,-670222.7713630538,False,False,False,False,31513.456927579584,False,False,False,False
2025-11-03 17:00:00+00:00,11.755,11.79,11.73,11.755,27631.0,,12.569116147998196,,12.581836045735932,11.91175452549923,11.701088350229666,11.599828944227916,11.568730718868231,11.360576168190576,11.209750524572803,11.195954372439612,11.176889751789085,11.191117378263304,11.166003711645857,11.091595072621605,11.009239084285966,10.97635243066279,10.948205862884729,10.939658279725997,10.924746860685817,10.883016345346856,10.871101445030478,10.867551136846638,10.735782702732065,11.91175452549923,11.091595072621605,12.569116147998196,11.233846652965958,"rgba(239, 83, 80, 1.0)",0.6073504561426097,11.796789657184897,-0.0688064967470509,32.82827104521411,-8.271959545155973,False,True,False,True,False,0.0,0.0,0.0,0.0,0.0,0,0.9901385927505335,0.9712153518123672,False,False,False,False,0.03632663850288715,0.0485421420303887,False,False,False,False,-704235.0,-670750.09273727,False,False,False,False,31453.263796919437,False,False,False,False
2025-11-03 18:00:00+00:00,11.755,11.775,11.72,11.755,22015.0,,12.540248820729547,,12.556226003380573,11.910612725309647,11.701360534674183,11.600500161137308,11.569490877440346,11.36182971277525,11.211190788934863,11.197374963205968,11.178214770273817,11.192296774246117,11.167021747032132,11.09265710747813,11.010265947478084,10.97737542721831,10.9492018530767,10.940649374596006,10.925709432537154,10.883971756311466,10.872048600657982,10.868485107546958,10.736691794684182,11.910612725309647,11.09265710747813,12.540248820729547,11.233484545714058,"rgba(239, 83, 80, 1.0)",0.5930114168720536,11.793162246708778,-0.06435330859238994,31.491324554914804,-10.030387814467716,False,True,False,True,False,0.0,0.0,0.0,0.0,0.0,0,0.9880031991468945,0.9701412956544924,False,False,False,False,0.03365346398458993,0.04109780300748932,False,False,False,False,-704235.0,-671269.2385863046,False,False,False,False,31306.934125649364,False,False,False,False
2025-11-03 19:00:00+00:00,11.755,11.775,11.73,11.755,24210.0,,12.510889108066594,,12.529932668358411,11.909401225541357,11.70167665582833,11.601247712280442,11.570334802121847,11.36321071535194,11.212775558341473,11.19893817916751,11.179673297223223,11.193595745708413,11.168143573299686,11.09382698602689,11.011396985681397,10.978502142541151,10.950298842610175,10.941740968449318,10.92676965838353,10.885024032792531,10.873091783793877,10.869513794903584,10.737692930200923,11.909401225541357,11.09382698602689,12.510889108066594,11.233180393266954,"rgba(239, 83, 80, 1.0)",0.5789645774847044,11.789446247472123,-0.059496295303199116,30.60002689471527,-11.441435552439955,False,True,False,True,False,0.0,0.0,0.0,0.0,0.0,0,0.9864036256998137,0.9714742735270598,False,False,False,False,0.0347226739616528,0.03791023848457106,False,False,False,False,-704235.0,-671780.3356624859,False,False,False,False,31196.904139205188,False,False,False,False
2025-11-03 20:00:00+00:00,11.76,11.785,11.675,11.77,70265.0,,12.43589511301458,,12.461658915360678,11.905769782290475,11.702399270161957,11.603236533561919,11.572609358212024,11.367062864570581,11.217238904324244,11.203344798222137,11.183791746333402,11.19726518371662,11.171320063307045,11.097147868792414,11.014616217899853,10.981711806090381,10.953426330558406,10.944853741628181,10.92979439781011,10.888028687111774,10.876071253198718,10.872452241082051,10.740558906071614,11.905769782290475,11.097147868792414,12.43589511301458,11.23258851763355,"rgba(239, 83, 80, 1.0)",0.5647979547854176,11.779631349241512,-0.01705273391999442,30.39524021106983,-12.276725119609175,False,True,False,True,False,0.0,0.0,0.0,0.0,0.0,0,0.9858704345507868,0.9720074646760868,False,False,False,False,0.02991181865234785,0.033911028568459456,False,False,False,False,-633970.0,-671194.1289080288,False,False,False,False,31802.61105177565,False,False,False,False
2025-11-04 15:00:00+00:00,11.605,11.655,11.475,11.485,26374.0,,12.404142767529278,,12.432527019294225,11.902778463555473,11.701337919928603,11.602897320223942,11.572441035141946,11.367711872491736,11.21824961859964,11.204359505191354,11.18476143239838,11.19811756814726,11.172079262537748,11.09799294449971,11.015479387887906,10.982587207646873,10.954290870263913,10.945717523506392,10.9306393260308,10.888882050930958,10.876921232212705,10.873291665883979,10.741411382848238,11.902778463555473,11.09799294449971,12.404142767529278,11.231641648058181,"rgba(239, 83, 80, 1.0)",0.5537824482592972,11.774418023149785,-0.5226204334563372,27.662962800903884,-15.432418020986582,False,True,False,True,False,0.0,0.0,0.0,0.0,0.0,0,0.9713082390102661,0.9707817846801792,False,False,False,False,-0.005339867085443912,0.014285580741507771,False,False,False,False,-660344.0,-671025.9098551912,False,False,False,False,31718.44653934502,False,False,False,False
2025-11-04 16:00:00+00:00,11.485,11.575,11.465,11.55,22571.0,,12.378455648136095,,12.40879810891888,11.900199229436645,11.700394574264399,11.602572715391428,11.572263414850621,11.368236466029146,11.219087165389311,11.205201480855077,11.18556763227296,11.198825881666574,11.17271177268529,11.098699959649187,11.016204099130352,10.983322996019268,10.955018192768058,10.946444391165153,10.931350668513147,10.88960123929226,10.877637774653348,10.873999390262286,10.742131877520608,11.900199229436645,11.098699959649187,12.378455648136095,11.230869953844477,"rgba(239, 83, 80, 1.0)",0.5401326413672217,11.770097426763389,-0.4074877352464056,27.461552551751293,-16.16085792672363,False,True,False,True,False,0.0,0.0,0.0,0.0,0.0,0,0.9695857367593083,0.9756161510225487,False,False,False,False,-0.014952580771141089,-0.0003335000148166588,False,False,False,False,-637773.0,-670510.3608651883,False,False,False,False,31576.625662766026,False,False,False,False
2025-11-04 17:00:00+00:00,11.555,11.555,11.415,11.435,21811.0,,12.353325376740758,,12.385496340060987,11.89733096214906,11.699166455772223,11.601997562387577,11.571844794990394,11.368548158982655,11.219732565932745,11.205857287156505,11.186204275342858,11.199380561107954,11.173215737848354,11.099283603009527,11.016818651467634,10.983952139974276,10.955644089799115,10.94707102463047,10.931965813869176,10.890227905877992,10.878263386014948,10.874617684075712,10.742772465667297,11.89733096214906,11.099283603009527,12.353325376740758,11.229971022196068,"rgba(239, 83, 80, 1.0)",0.528610987945425,11.765623456528061,-0.6254570261831089,26.32980419711284,-17.771834006973293,False,True,False,True,False,0.0,0.0,0.0,0.0,0.0,0,0.966492146596859,0.9811518324607333,False,False,False,False,-0.022430955691312805,-0.011382227853064732,False,False,False,False,-659584.0,-670340.9599215419,False,False,False,False,31425.220613730893,False,False,False,False
2025-11-04 18:00:00+00:00,11.435,11.5,11.4,11.475,13572.0,,12.338207655503188,11.458333333333334,12.371418822743228,11.895524162379443,11.698375969519995,11.601615561784403,11.571561003476557,11.368721794556487,11.2201163984307,11.206248233909934,11.186584994261553,11.19971177175936,11.173517869517278,11.099636032915862,11.01719176632295,10.984334739440353,10.956025205899103,10.947452725527565,10.932340756974442,10.89061043425367,10.878645421267288,10.874995302287807,10.743165018685845,11.895524162379443,11.099636032915862,12.338207655503188,11.239823969056689,"rgba(239, 83, 80, 1.0)",0.5161232568062383,11.77427367645282,-0.5798492366042961,26.6251986367085,-17.9895403396458,False,True,False,True,False,0.0,0.0,0.0,0.0,0.0,0,0.9621113143454406,0.9853671282989288,False,False,False,False,-0.02991184003068668,-0.020647033941875705,False,False,False,False,-646012.0,-669963.7667444637,False,False,False,False,31148.426495688553,False,False,False,False
2025-11-04 19:00:00+00:00,11.475,11.575,11.45,11.575,21046.0,,12.3176633387061,11.503929554952144,12.352140149631387,11.893227230847101,11.697540183523094,11.601335172266227,11.571413370706107,11.369213969631241,11.22089579560669,11.207031739934331,11.187335628677928,11.200372165626002,11.174108158543767,11.100295161347544,11.017867262957461,10.985020497663406,10.956703129580799,10.948130229334575,10.933003876259574,10.891280829578449,10.879313364873456,10.875655069605717,10.743836645098263,11.893227230847101,11.100295161347544,12.3176633387061,11.241347690283876,"rgba(239, 83, 80, 0.75)",0.5015219000365573,11.772921205175997,-0.3946412014342165,29.35677809791984,-17.9895403396458,False,True,False,True,True,0.0,0.0,0.0,0.0,0.0,0,0.9638209266007292,0.9817803227485687,False,False,False,False,-0.016554920413283433,-0.018600977177579567,False,False,False,False,-624966.0,-669266.126949976,False,False,False,False,30991.799728313537,False,False,False,False
2025-11-04 20:00:00+00:00,11.575,11.66,11.545,11.655,67863.0,,12.264608708953018,11.580791496309885,12.301584248935162,11.887751945916145,11.696294364700865,11.601579081841264,11.572010970440584,11.371608714136073,11.224072615705458,11.210197078135275,11.19033484442065,11.203033586037336,11.176454474942776,11.10282959240372,11.020397616426038,10.987567781072745,10.959205221295313,10.950626173304173,10.9354394311357,10.893723543782784,10.881742082787463,10.878052678902131,10.746231438534593,11.887751945916145,11.10282959240372,12.264608708953018,11.244160408234825,"rgba(239, 83, 80, 0.75)",0.48480281121898255,11.767791203703942,-0.23265377405783055,33.04512123059304,-22.060544482852045,False,True,False,True,True,0.0,0.0,0.0,0.0,0.0,0,0.9689199689199692,0.9759129759129761,False,False,False,False,0.002669898490584591,-0.007965539343497488,False,False,False,False,-557103.0,-667527.1637414491,False,False,False,False,31563.446244153638,False,False,False,False
2025-11-05 15:00:00+00:00,11.965,12.15,11.965,12.025,24419.0,12.046666666666667,12.258803884697429,11.670438508011557,12.295403896490292,11.888889629159902,11.698308316669555,11.603662170803325,11.574102429162755,11.373920257541783,11.226421948719075,11.212497737252116,11.192465491691571,11.204954498709068,11.17809905682013,11.104482901892185,11.021947106503479,10.989094371190367,10.960679280333373,10.9520893305502,10.936855184709666,10.895112509897853,10.883114932780549,10.87940558298028,10.747509170024548,11.888889629159902,11.104482901892185,12.152735275682048,11.24952065054062,"rgba(239, 83, 80, 0.5)",0.46474734005710383,11.812180034977613,0.45792616047299517,41.64059112793427,-14.11466162118758,False,False,False,True,True,1.6674266922644136,0.0,0.0,0.0,0.0,0,0.9754740834386854,0.9668773704171936,False,False,False,False,0.10018823375378816,0.046111347205145335,False,False,False,False,-532684.0,-665436.5720555352,False,False,False,False,31452.679635717144,False,False,False,False
2025-11-05 16:00:00+00:00,12.025,12.115,12.01,12.085,26603.0,12.058832725752291,12.25347987027258,11.739684935582147,12.289603529051396,11.890291245674693,11.70062141341185,11.60602785617216,11.576471540882906,11.37650731229794,11.229038551772948,11.215059510841686,11.194837743541003,11.207095020902194,11.179931609441972,11.10632194468348,11.02366818127899,10.990789079685207,10.962315041927514,10.953712796143437,10.938425802690185,10.8966524831085,10.884636809423817,10.880905319963697,10.748923275009131,11.890291245674693,11.10632194468348,12.156156298012435,11.25416004561304,#000000,0.44501758240401285,11.816703064247038,0.6028906415418593,48.103203742142426,-8.483835861268503,True,False,False,False,True,2.500402896356114,0.0,0.0,0.0,0.0,0,0.9778393351800557,0.9687736086628056,False,False,False,False,0.1012670672788212,0.07368920724198327,False,False,False,False,-506081.0,-662965.9430314184,False,False,False,False,31377.490804155637,False,False,False,False
2025-11-05 17:00:00+00:00,12.085,12.12,12.065,12.08,22589.0,12.067885574166905,12.249618086072198,11.784409390167259,12.285299723870658,11.891584146531203,11.702659382773309,11.608096464301342,11.57853955966242,11.37874664425028,11.231295797329205,11.217269153345605,11.196883998036789,11.20894271045996,11.181513684718407,11.107907615201588,11.025150668014419,10.99224828993162,10.963723134770476,10.95511018673643,10.939777575240893,10.897977313096781,10.885945935858976,10.882195393982844,10.750138270868415,11.891584146531203,11.107907615201588,12.158751830119552,11.257518865415859,"rgba(38, 166, 154, 1.0)",0.42321923694769215,11.819923297477718,0.6145200402467199,52.310346978533545,-4.966268951125059,True,False,True,False,True,2.42561814922707,0.0,0.0,0.0,0.0,0,0.9843276036400407,0.9673913043478263,False,False,False,False,0.10774509368072557,0.09071715046135442,False,False,False,False,-528670.0,-660883.8353875204,False,False,False,False,31241.235132773378,False,False,False,False
2025-11-05 18:00:00+00:00,12.075,12.105,12.045,12.065,20789.0,12.068718255649719,12.245869137906809,11.814741375077666,12.281176712050685,11.892659656302857,11.704435878535646,11.609919089006727,11.58036633615848,11.380747007013085,11.23332252575927,11.219254141820873,11.19872387850312,11.210604235417579,11.182938159938082,11.109337682867174,11.026490048774647,10.993567430760184,10.964996756738147,10.956374318929171,10.94100081496144,10.899176938986452,10.887131565681422,10.883363862719909,10.751240601623417,11.892659656302857,11.109337682867174,12.157293696778265,11.260071318983,"rgba(38, 166, 154, 1.0)",0.4195694704582365,11.821880184611478,0.5794506810111703,54.780659417557324,-2.893251967615832,True,False,True,False,True,2.1975797764903042,0.0,0.0,0.0,0.0,0,0.9858371269600406,0.9656044511886697,False,False,False,False,0.10396518477271352,0.09734116761703397,False,False,False,False,-549459.0,-659156.3185598069,False,False,False,False,31079.18497567612,False,False,False,False
2025-11-05 19:00:00+00:00,12.065,12.07,11.955,11.98,13819.0,12.060156118611335,12.242496564599032,11.827001083689288,12.277636327139305,11.893090698244276,11.705384031600241,11.610940257775225,11.581401223887168,11.38193625240873,11.234552306536568,11.220460584375138,11.199844890609574,11.211615659197443,11.183808144305019,11.11021696445498,11.027318973631436,10.994385697692943,10.96578830007191,10.957160397330648,10.94176222295341,10.899925479425585,10.887871877871941,10.88409362611212,10.751933541770454,11.893090698244276,11.11021696445498,12.151326341605184,11.261278570049244,"rgba(38, 166, 154, 1.0)",0.41706231305769825,11.822050041833096,0.37872028524680645,54.53047097466537,-2.893251967615832,True,False,True,False,True,0.9048891688686318,0.0,0.0,0.0,0.0,0,0.9810749432248298,0.9677012364370428,False,False,False,False,0.09048888005926883,0.0939150238381514,False,False,False,False,-563278.0,-657669.8330007402,False,False,False,False,30811.58520861137,False,False,False,False
2025-11-05 20:00:00+00:00,11.985,12.035,11.95,11.965,32900.0,12.042245917747907,12.234246560188202,11.848114922003282,12.26902115288738,11.893932338949883,11.707479030042833,11.613237068394223,11.583738128504043,11.3846661152479,11.237394765868126,11.22325088398999,11.202440482621764,11.213957622863292,11.185825700621061,11.11226047433977,11.02924977490366,10.996293115555511,10.967634668500098,10.958994362441373,10.943539296686328,10.901673918613447,10.88960150020303,10.885798766527412,10.753556037110082,11.893932338949883,11.11226047433977,12.138246238968055,11.263711823948844,"rgba(38, 166, 154, 1.0)",0.4145115436509392,11.82203746123184,0.34489398656783526,54.02927302345302,-2.893251967615832,True,False,True,False,True,0.6766977342480907,0.0,0.0,0.0,0.0,0,0.9798437893675991,0.9697656840513984,False,False,False,False,0.08618360779566078,0.09004931581690609,False,False,False,False,-596178.0,-656716.4712487906,False,False,False,False,30843.963732508866,False,False,False,False
2025-11-06 15:00:00+00:00,11.865,12.13,11.865,11.885,12977.0,12.035319681670302,12.230845759021287,11.853773779411247,12.265493789695839,11.894174490692233,11.708227552312612,11.61407861738842,11.584599047046266,11.385694370628697,11.238475127474187,11.224312263406585,11.203429108260998,11.214849580161642,11.186595501877454,11.113042362627688,11.029990639577482,10.997025713416502,10.96834441620183,10.959699509017579,10.944222882991731,10.902347174397018,10.890267704909624,10.886455616447293,10.754182714886884,11.894174490692233,11.113042362627688,12.133082720345794,11.264512816492266,#000000,0.4123595911731618,11.82183390360132,0.15318207154821506,51.9233509459757,-2.893251967615832,True,False,False,False,False,0.0,0.0,0.0,0.0,0.0,0,0.9770516338238965,0.9645796956847097,False,False,False,False,0.0872596209319488,0.08865446837442745,False,False,False,False,-609155.0,-655979.0840976465,False,False,False,False,30566.956542857562,False,False,False,False
2025-11-06 16:00:00+00:00,11.885,11.915,11.855,11.9,11194.0,12.025478139431707,12.227238410662816,11.855288194016527,12.261832615025126,11.894161334135186,11.708691145759525,11.614655031867674,11.585200631923765,11.38647064782343,11.239314298151998,11.225138478709443,11.204201118181704,11.215545155927087,11.187198316331353,11.113660016583422,11.030580734421694,10.997610888661018,10.968912672445757,10.960264463302805,10.944771223957869,10.902888847972973,10.890804148209211,10.886984669315934,10.754691415263645,11.894161334135186,11.113660016583422,12.126358275047261,11.264948456726687,#000000,0.41161259447202614,11.821077832908353,0.1917389510223338,50.88030471103565,-2.893251967615832,True,False,False,False,False,0.0,0.0,0.0,0.0,0.0,0,0.9785214785214787,0.9742757242757244,False,False,False,False,0.06309328271368644,0.07587387554405695,False,False,False,False,-597961.0,-655079.578917838,False,False,False,False,30266.600627464424,False,False,False,False
2025-11-06 17:00:00+00:00,11.895,11.985,11.895,11.955,11120.0,12.020405201897095,12.224301953651535,11.858865201817196,12.25879326448054,11.894320004131464,11.709288332008404,11.61533915830218,11.585903311624033,11.387323404081403,11.24021606607029,11.226024932279145,11.205027674512792,11.216290947633588,11.187842906972438,11.114316015631381,11.031203590309296,10.998227217147528,10.969510144779312,10.960858163558505,10.945346969603873,10.903456301526578,10.891365777121058,10.887538461158279,10.755220761045623,11.894320004131464,11.114316015631381,12.122353577774316,11.26555811844522,#000000,0.41021019661323654,11.820850801975244,0.32702550822069876,51.52810936535253,-2.893251967615832,True,False,False,False,False,0.545765991804732,0.0,0.0,0.0,0.0,0,0.9789789789789792,0.9757257257257261,False,False,False,False,0.07489700135465982,0.07538543844935838,False,False,False,False,-586841.0,-654021.6164539956,False,False,False,False,29969.754106108387,False,False,False,False
2025-11-06 18:00:00+00:00,11.955,11.985,11.925,11.965,9034.0,12.017381338840837,12.222072708649556,11.861986136435991,12.256469772012512,11.894481904034544,11.709798592809983,11.615915261985142,11.586493279655446,11.38803079506063,11.24096080405194,11.226756816002926,11.20570989565831,11.216906780086608,11.188374979657263,11.114856736183516,11.031716354583736,10.998734381728568,10.970001626253959,10.96134649237203,10.94582045563626,10.90392274748345,10.891827378117245,10.887993608003448,10.75565527584952,11.894481904034544,11.114856736183516,12.119727023745195,11.266080003348321,"rgba(38, 166, 154, 0.75)",0.4114764122497211,11.820771750093964,0.3505140163866907,52.20908862269904,-2.893251967615832,True,False,True,False,False,0.7023203720893321,0.0,0.0,0.0,0.0,0,0.9759217456734391,0.9801856032104341,False,False,False,False,0.07811967812229499,0.0767525582858267,False,False,False,False,-577807.0,-652839.9944934685,False,False,False,False,29645.16877112996,False,False,False,False
2025-11-06 19:00:00+00:00,11.965,11.98,11.895,11.915,9785.0,12.013001731300164,12.219445018071555,11.864221585883351,12.253757982762412,11.89457893682268,11.710286180234268,11.616485625987586,11.58708165607388,11.388757049589522,11.24173392108855,11.227517255170078,11.206419671872721,11.217547208651808,11.188929278684174,11.115421978868685,11.032254142944653,10.999266901310078,10.970518168693676,10.961859860883582,10.946318466521202,10.904413940687283,10.89231363121284,10.888473116693232,10.756114478939814,11.89457893682268,11.115421978868685,12.116223374685859,11.266557774526184,#000000,0.41303733225690653,11.820499522900176,0.22879403317723374,51.20207956475164,-2.893251967615832,True,False,False,False,False,0.0,0.0,0.0,0.0,0.0,0,0.9712356178089047,0.9799899949974988,False,False,False,False,0.07436004129154662,0.07555629978868666,False,False,False,False,-587592.0,-651828.3976796163,False,False,False,False,29337.259177779106,False,False,False,False
2025-11-06 20:00:00+00:00,11.915,12.06,11.915,12.025,40027.0,12.010789586663039,12.211655596427256,11.880313404611673,12.245418994872066,11.895744033501302,11.712886805445919,11.619313531700898,11.58995471185017,11.392089365718403,11.245198308025973,11.230919167715355,11.209588177832549,11.2204112689126,11.191401486032575,11.117924047398079,11.034618369808618,11.001602282636473,10.97277912183258,10.964105647286658,10.948495013516384,10.906555161123993,10.894431848645624,10.890561554379937,10.75810097495585,11.895744033501302,11.117924047398079,12.111222591545147,11.26920060353653,"rgba(38, 166, 154, 0.75)",0.41335522319260065,11.821359376220386,0.4926528379314307,53.3829154836731,-1.795321183099233,True,False,True,False,False,1.6466455998878615,0.0,0.0,0.0,0.0,0,0.9716347350087086,0.9773575516297586,False,False,False,False,0.08510779369748389,0.08033204674308528,False,False,False,False,-547565.0,-650211.9108938858,False,False,False,False,29502.99159362749,False,False,False,False
2025-11-07 15:00:00+00:00,11.75,11.85,11.7,11.79,9061.0,12.002230278695302,12.208214758570579,11.877692455934962,12.241982291509624,11.895455184346787,11.713022905390986,11.61958130135502,11.590253577887388,11.392567501744846,11.245750858157487,11.23146600861826,11.210103267562445,11.220874562562244,11.191807339124901,11.118347705940673,11.035030362478238,11.00201327600493,10.973180240145412,10.96450500019969,10.948883650024255,10.906941422563786,10.894815035713954,10.890939697200224,10.75847027672038,11.895455184346787,11.118347705940673,12.10522251863294,11.26925836005393,#000000,0.4156248633408388,11.82029100496694,-0.0728806374177383,49.291081481957434,-1.795321183099233,True,False,False,False,False,0.0,0.0,0.0,0.0,0.0,0,0.9592837870983568,0.9791513367672311,False,False,False,False,0.03953513644042268,0.05993359159175398,False,False,False,False,-556626.0,-648760.9665389418,False,False,False,False,29186.061491400706,False,False,False,False
2025-11-07 16:00:00+00:00,11.795,11.85,11.775,11.78,10115.0,11.994256828281559,12.204629000032556,11.87553786683776,12.2383824236252,11.89519462676986,11.713223124683285,11.619919397099,11.590624070315439,11.393129637184169,11.246391296140828,11.232099235892512,11.210698995343153,11.221410848794195,11.192276406214809,11.118835471648419,11.035503102156314,11.002484328051636,10.973639559150293,10.964962177633227,10.949328363714637,10.907382902503826,10.895252865316138,10.89137172515316,10.758890958846377,11.89519462676986,11.118835471648419,12.099442914157057,11.2693881537761,"rgba(239, 83, 80, 0.5)",0.4180625949943345,11.819285538090128,-0.09397046892143235,46.37676780489821,1.6818637690272098,False,False,False,True,False,0.0,0.0,0.0,0.0,0.0,0,0.9637698898408816,0.9784577723378216,False,False,False,False,0.047560086912412,0.05374683925208299,False,False,False,False,-566741.0,-647489.3391507412,False,False,False,False,28890.386119441002,False,False,False,False
2025-11-07 17:00:00+00:00,11.785,11.805,11.745,11.78,4846.0,11.990189989123643,12.202828219021075,11.874213422011152,12.236580995542875,11.895037078109477,11.713291703973493,11.620058711497354,11.590780137970526,11.393381957017947,11.246683810642175,11.232388816904406,11.21097192216884,11.221656373107235,11.192491667427413,11.119060362238093,11.03572199722322,11.002702754561234,10.973852795582783,10.96517449098714,10.949535013101222,10.907588348518932,10.895456694238785,10.891572879982894,10.759087554399871,11.895037078109477,11.119060362238093,12.096509104072359,11.269422249418504,"rgba(239, 83, 80, 0.5)",0.41995718357482514,11.81874640610793,-0.09226275349812521,44.43389202019206,-0.21476128399386596,False,False,False,True,False,0.0,0.0,0.0,0.0,0.0,0,0.969284121872678,0.9789447609611098,False,False,False,False,0.03953513644042268,0.04664098784625284,False,False,False,False,-566741.0,-646237.4269158461,False,False,False,False,28517.60493929463,False,False,False,False
2025-11-07 18:00:00+00:00,11.785,11.8,11.76,11.79,6670.0,11.985002005404565,12.20041266668969,11.872568138411106,12.234159998537177,11.894833087470431,11.713395757921058,11.62025820381484,11.591002209307506,11.393734736970313,11.247090956012508,11.232791766715131,11.211351568499841,11.221998011116227,11.192791070478048,11.1193727841735,11.03602578039253,11.003005781648712,10.974148543256469,10.965468935246072,10.949821566226083,10.907873132125328,10.895739210080094,10.891851682900528,10.75935979492124,11.894833087470431,11.1193727841735,12.092707336047127,11.269483759828397,"rgba(239, 83, 80, 0.5)",0.42087930263610074,11.818049372341902,-0.06664469401612359,43.47409974867092,-1.263027727917013,False,False,False,True,False,0.0,0.0,0.0,0.0,0.0,0,0.9675581971272906,0.9762258543833583,False,False,False,False,0.04060481331180457,0.043622900579028706,False,False,False,False,-560071.0,-644901.5133202516,False,False,False,False,28178.882382096264,False,False,False,False
2025-11-07 19:00:00+00:00,11.785,11.83,11.765,11.83,6030.0,11.981085100020346,12.198382179490485,11.87153375046845,12.23211359685336,11.894690516058802,11.713523093288233,11.620465719479888,11.59122857082978,11.394073548119897,11.247475638941303,11.233172064855992,11.211709336140501,11.222320250310334,11.193072931842442,11.119665601080925,11.036309382910577,11.003288300573772,10.974423982139042,10.96574307585551,10.95008821951872,10.908137778329298,10.896001652727131,10.892110648229897,10.759611794752981,11.894690516058802,11.119665601080925,12.089733639755416,11.26957997515031,"rgba(239, 83, 80, 0.5)",0.42225246493561996,11.817525267810755,0.029543302230686394,44.213205689873995,-1.263027727917013,False,False,False,True,False,0.0,0.0,0.0,0.0,0.0,0,0.9688195991091316,0.9745112595892107,False,False,False,False,0.04434942992752832,0.04398616525327852,False,False,False,False,-554041.0,-643492.8231912554,False,False,False,False,27835.488856792446,False,False,False,False
2025-11-07 20:00:00+00:00,11.83,11.83,11.725,11.745,19475.0,11.966757578980717,12.191280185891456,11.866349413861201,12.224999832578762,11.89401262035587,11.713752309109383,11.620984860073833,11.591816745442122,11.395054347365736,11.248622417250076,11.234308152577396,11.212781398282802,11.223284740130703,11.19391996502497,11.120552494059973,11.037174551128006,11.004152239827642,10.975267935573047,10.966583524030131,10.950906539822087,10.908951927853892,10.896809566122402,10.892908035839232,10.76039254508272,11.89401262035587,11.120552494059973,12.079018882436086,11.269708461881455,"rgba(239, 83, 80, 1.0)",0.42535277356806384,11.815454634333076,-0.16563812136939685,42.50172160673874,-2.5839368059176877,False,True,False,True,False,0.0,0.0,0.0,0.0,0.0,0,0.97082096933729,0.9725519287833829,False,False,False,False,0.04006996342014381,0.04202806433671116,False,False,False,False,-573516.0,-642407.9112037941,False,False,False,False,27705.868874516593,False,False,False,False
