date,Open,High,Low,Close,Volume,aVWAP_peak_288,aVWAP_peak_235,aVWAP_peak_199,aVWAP_peak_166,aVWAP_peak_136,aVWAP_peak_99,aVWAP_peak_98,aVWAP_peak_51,aVWAP_valley_297,aVWAP_valley_267,aVWAP_valley_251,aVWAP_valley_219,aVWAP_OB_bull_267,Peaks_avg,Valleys_avg,color,StDev,StDev_Mean,StdDev_ZScore,QQEMOD,QQE1_Value,QQE1_Above_Upper,QQE1_Below_Lower,QQE2_Above_Threshold,QQE2_Below_Threshold,QQE2_Above_TL,banker_RSI,OB,OB_High,OB_Low,OB_Mitigated_Index,TTM_squeeze_Active,VI_plus,VI_minus,VI_Regular_Bullish,VI_Regular_Bearish,VI_Hidden_Bullish,VI_Hidden_Bearish,Fisher,Fisher_Signal,Fisher_Regular_Bullish,Fisher_Regular_Bearish,Fisher_Hidden_Bullish,Fisher_Hidden_Bearish,OBV,OBV_Smoothed,OBV_Regular_Bullish,OBV_Regular_Bearish,OBV_Hidden_Bullish,OBV_Hidden_Bearish,Volume_MA,Vol_Regular_Bullish,Vol_Regular_Bearish,Vol_Hidden_Bullish,Vol_Hidden_Bearish
2024-02-16 17:00:00+00:00,6.78,6.84,6.765,6.805,64125.0,,,,,,,,,,,,,,,,#000000,,,,,,False,False,False,False,False,,0.0,0.0,0.0,0.0,0,,,False,False,False,False,,,False,False,False,False,0.0,0.0,False,False,False,False,64125.0,False,False,False,False
2024-02-19 17:00:00+00:00,6.805,6.805,6.805,6.805,0.0,,,,,,,,,,,,,,,,#000000,,,,,,False,False,False,False,False,,0.0,0.0,0.0,0.0,0,,,False,False,False,False,,,False,False,False,False,0.0,0.0,False,False,False,False,63130.813953488374,False,False,False,False
2024-02-20 17:00:00+00:00,6.85,6.885,6.78,6.84,41886.0,,,,,,,,,,,,,,,,"rgba(38, 166, 154, 0.5)",,,,100.0,,False,False,True,False,False,,0.0,0.0,0.0,0.0,0,,,False,False,False,False,,,False,False,False,False,41886.0,649.3953488372093,False,False,False,False,62801.43699296917,False,False,False,False
2024-02-21 17:00:00+00:00,7.025,7.055,6.98,7.03,44980.0,,,,,,,,,,,,,,,,"rgba(38, 166, 154, 0.5)",,,,100.0,50.0,False,False,True,False,True,,0.0,0.0,0.0,0.0,0,,,False,False,False,False,,,False,False,False,False,86866.0,1986.0868938164774,False,False,False,False,62525.13564424097,False,False,False,False
2024-02-22 17:00:00+00:00,7.085,7.155,7.065,7.13,51597.0,,,,,,,,,,,,,,,,"rgba(38, 166, 154, 0.5)",,,,100.0,50.0,False,False,True,False,True,,0.0,0.0,0.0,0.0,0,,,False,False,False,False,,,False,False,False,False,138463.0,4102.008027245679,False,False,False,False,62355.70718464033,False,False,False,False
2024-02-23 17:00:00+00:00,7.025,7.075,6.995,7.06,20607.0,,,,,,,,,,,,,,,,"rgba(38, 166, 154, 0.5)",,,,93.0054689748756,43.704922077388034,False,False,True,False,False,,0.0,0.0,0.0,0.0,0,,,False,False,False,False,,,False,False,False,False,117856.0,5865.635809769002,False,False,False,False,61708.44040658388,False,False,False,False
2024-02-26 17:00:00+00:00,7.065,7.135,7.055,7.12,48630.0,,,,,,,,,,,,,,,,"rgba(38, 166, 154, 0.5)",,,,89.51955611700097,40.98727236680834,False,False,True,False,False,,0.0,0.0,0.0,0.0,0,,,False,False,False,False,,,False,False,False,False,166486.0,8355.874014268707,False,False,False,False,61505.673888652345,False,False,False,False
2024-02-27 17:00:00+00:00,7.185,7.19,7.115,7.135,38285.0,,,,,,,,,,,,,,,,"rgba(38, 166, 154, 0.5)",,,,87.45851789711972,39.56531773319168,False,False,True,False,False,,0.0,0.0,0.0,0.0,0,,,False,False,False,False,,,False,False,False,False,204771.0,11401.06976598547,False,False,False,False,61145.663440766264,False,False,False,False
2024-02-28 17:00:00+00:00,7.125,7.175,7.12,7.14,21846.0,,,,,,,,,,,,,,,,"rgba(38, 166, 154, 0.5)",,,,86.1770571147475,38.73674453082313,False,False,True,False,False,,0.0,0.0,0.0,0.0,0,,,False,False,False,False,,,False,False,False,False,226617.0,14737.75085488492,False,False,False,False,60536.36633315748,False,False,False,False
2024-02-29 17:00:00+00:00,7.395,7.41,7.22,7.295,41861.0,,,,,,,,,,,,,,,,"rgba(38, 166, 154, 0.5)",,,,87.33035829734274,38.73674453082313,False,False,True,False,True,,0.0,0.0,0.0,0.0,0,,,False,False,False,False,,,False,False,False,False,268478.0,18671.708205971976,False,False,False,False,60246.82576985271,False,False,False,False
2024-03-01 17:00:00+00:00,7.545,7.55,7.475,7.485,56372.0,,,,,,,,,,,,,,,,"rgba(38, 166, 154, 0.5)",,,,89.26118925718873,36.126341165261366,False,False,True,False,True,,0.0,0.0,0.0,0.0,0,,,False,False,False,False,,,False,False,False,False,324850.0,23418.658466344503,False,False,False,False,60186.750951715454,False,False,False,False
2024-03-04 17:00:00+00:00,7.43,7.455,7.4,7.44,25067.0,,,,,,,,,,,,,,,,"rgba(38, 166, 154, 0.5)",,,,87.99514865435825,36.126341165261366,False,False,True,False,True,,0.0,0.0,0.0,0.0,0,,,False,False,False,False,,,False,False,False,False,299783.0,27703.37693973451,False,False,False,False,59642.25868889815,False,False,False,False
2024-03-05 17:00:00+00:00,7.53,7.575,7.495,7.5,96569.0,,,,,,,,,,,,,,,,"rgba(38, 166, 154, 0.5)",,,,87.68332247442225,36.126341165261366,False,False,True,False,False,,0.0,0.0,0.0,0.0,0,,,False,False,False,False,,,False,False,False,False,396352.0,33418.85946780064,False,False,False,False,60214.76630612453,False,False,False,False
2024-03-06 17:00:00+00:00,7.575,7.595,7.495,7.565,79282.0,,,,,,,,,,,,,,,,"rgba(38, 166, 154, 0.5)",,,,87.98465758041172,36.126341165261366,False,False,True,False,False,,0.0,0.0,0.0,0.0,0,,,False,False,False,False,,,False,False,False,False,475634.0,40274.90815822233,False,False,False,False,60510.382332386165,False,False,False,False
2024-03-07 17:00:00+00:00,7.635,7.655,7.535,7.58,53723.0,,,,,,,,,,,,,,,,"rgba(38, 166, 154, 0.5)",,,,88.2986747320347,36.126341165261366,False,False,True,False,False,,0.0,0.0,0.0,0.0,0,,,False,False,False,False,,,False,False,False,False,529357.0,47857.576248792524,False,False,False,False,60405.151598550714,False,False,False,False
2024-03-08 17:00:00+00:00,7.545,7.555,7.465,7.51,237793.0,,,,,,,,,,,,,,,,"rgba(38, 166, 154, 0.5)",,,,84.50518459868994,37.727234669645426,False,False,True,False,False,,0.0,0.0,0.0,0.0,0,,,False,False,False,False,,,False,False,False,False,291564.0,51635.9704154779,False,False,False,False,63155.35079857318,False,False,False,False
2024-03-11 17:00:00+00:00,7.51,7.555,7.475,7.545,29092.0,,,,,,,,,,,,,,,,"rgba(38, 166, 154, 0.5)",,,,82.5193562716935,35.91031829906146,False,False,True,False,False,,0.0,0.0,0.0,0.0,0,,,False,False,False,False,,,False,False,False,False,320656.0,55806.82358733095,False,False,False,False,62627.23683270383,False,False,False,False
2024-03-12 17:00:00+00:00,7.545,7.575,7.525,7.57,83662.0,,,,,,,,,,,,,,,,"rgba(38, 166, 154, 0.5)",,,,81.57935191478103,35.036779548849495,False,False,True,False,False,,0.0,0.0,0.0,0.0,0,,,False,False,False,False,,,False,False,False,False,404318.0,61210.09764024055,False,False,False,False,62953.35719188672,False,False,False,False
2024-03-13 17:00:00+00:00,7.7,7.755,7.7,7.72,34877.0,,,,,,,,,,,,,,,,"rgba(38, 166, 154, 0.5)",,,,82.75255958719212,35.036779548849495,False,False,True,False,False,,0.0,0.0,0.0,0.0,0,,,False,False,False,False,,,False,False,False,False,439195.0,67070.32868457791,False,False,False,False,62518.064832322576,False,False,False,False
2024-03-14 17:00:00+00:00,7.75,7.755,7.675,7.7,64226.0,,,,,,,,,,,,,,,,"rgba(38, 166, 154, 0.5)",,,,82.44637489117854,35.036779548849495,False,False,True,False,False,,0.0,0.0,0.0,0.0,0,,,False,False,False,False,,,False,False,False,False,374969.0,71843.95149566972,False,False,False,False,62544.54444732532,False,False,False,False
2024-03-15 17:00:00+00:00,7.76,7.77,7.72,7.765,63983.0,,,,,,,,,,,,,,,,"rgba(38, 166, 154, 0.5)",,,,82.98718562263093,35.036779548849495,False,False,True,False,True,,0.0,0.0,0.0,0.0,0,,,False,False,False,False,,,False,False,False,False,438952.0,77535.54914689965,False,False,False,False,62566.8460838009,False,False,False,False
2024-03-18 17:00:00+00:00,7.7,7.85,7.695,7.85,52057.0,,,,,,,,,,,,,,,,"rgba(38, 166, 154, 0.5)",,,,84.16153281659838,35.036779548849495,False,False,True,False,True,,0.0,0.0,0.0,0.0,0,,,False,False,False,False,,,False,False,False,False,491009.0,83945.99024539733,False,False,False,False,62403.90273366445,False,False,False,False
2024-03-19 17:00:00+00:00,7.97,7.98,7.915,7.935,49833.0,,,,,,,,,,,,,,,,"rgba(38, 166, 154, 0.5)",,,,85.6056615117991,32.51356029947439,False,False,True,False,True,,0.0,0.0,0.0,0.0,0,,,False,False,False,False,,,False,False,False,False,540842.0,91029.64931136016,False,False,False,False,62209.005016863455,False,False,False,False
2024-03-20 17:00:00+00:00,7.835,7.945,7.81,7.895,34245.0,,,,,,,,,,,,,,,,"rgba(38, 166, 154, 0.5)",,,,84.43783984200826,32.51356029947439,False,False,True,False,True,,0.0,0.0,0.0,0.0,0,,,False,False,False,False,,,False,False,False,False,506597.0,97472.55397319954,False,False,False,False,61775.454551485724,False,False,False,False
2024-03-21 17:00:00+00:00,7.895,7.935,7.89,7.925,26627.0,,,,,,,,,,,,,,,,"rgba(38, 166, 154, 0.5)",,,,84.00198488704717,32.51356029947439,False,False,True,False,False,,0.0,0.0,0.0,0.0,0,,,False,False,False,False,,,False,False,False,False,533224.0,104228.39034570807,False,False,False,False,61230.517271617726,False,False,False,False
2024-03-22 17:00:00+00:00,7.75,7.8,7.745,7.785,35941.0,,,,,,,,,,,,,,,,"rgba(38, 166, 154, 0.5)",,,,77.29109306641578,30.731272269780206,False,False,True,False,False,,0.0,0.0,0.0,0.0,0,,,False,False,False,False,,,False,False,False,False,497283.0,110322.26026282887,False,False,False,False,60838.43173252288,False,False,False,False
2024-03-25 17:00:00+00:00,7.975,8.005,7.96,7.995,28684.0,,,,,,,,,,,,,,,,"rgba(38, 166, 154, 0.5)",,,,76.2024442146389,29.92587116735541,False,False,True,False,False,,0.0,0.0,0.0,0.0,0,,,False,False,False,False,,,False,False,False,False,525967.0,116766.36475487804,False,False,False,False,60339.91341108841,False,False,False,False
2024-03-26 17:00:00+00:00,7.985,7.995,7.92,7.94,59915.0,,,,,,,,,,,,,,,,"rgba(38, 166, 154, 0.5)",,,,73.58939491024886,27.606468274881053,False,False,True,False,False,,0.0,0.0,0.0,0.0,0,,,False,False,False,False,,,False,False,False,False,466052.0,122181.64592146908,False,False,False,False,60333.32560626533,False,False,False,False
2024-03-27 17:00:00+00:00,7.945,8.065,7.945,8.065,53990.0,,,,,,,,,,,,,,,,"rgba(38, 166, 154, 0.5)",,,,73.57231683814936,27.606468274881053,False,False,True,False,False,,0.0,0.0,0.0,0.0,0,,,False,False,False,False,,,False,False,False,False,520042.0,128350.02350408197,False,False,False,False,60234.97947283486,False,False,False,False
2024-03-28 17:00:00+00:00,8.145,8.21,8.145,8.19,11791.0,,,,,,,,,,,,,,,,"rgba(38, 166, 154, 0.5)",,,,74.9318155684351,27.606468274881053,False,False,True,False,False,,0.0,0.0,0.0,0.0,0,,,False,False,False,False,,,False,False,False,False,531833.0,134605.57352727448,False,False,False,False,59483.91002364362,False,False,False,False
2024-03-29 17:00:00+00:00,8.19,8.19,8.19,8.19,0.0,,,,,,,,,,,,,,,,"rgba(38, 166, 154, 0.5)",,,,75.83814805529227,27.606468274881053,False,False,True,False,True,,0.0,0.0,0.0,0.0,0,,,False,False,False,False,,,False,False,False,False,531833.0,140764.1382787896,False,False,False,False,58561.678860486354,False,False,False,False
2024-04-01 17:00:00+00:00,8.245,8.245,8.185,8.185,25124.0,,,,,,,,,,,,,,,,"rgba(38, 166, 154, 0.5)",,,,76.24030611534403,27.606468274881053,False,False,True,False,True,,0.0,0.0,0.0,0.0,0,,,False,False,False,False,,,False,False,False,False,506709.0,146437.70202640526,False,False,False,False,58043.26523474238,False,False,False,False
2024-04-02 17:00:00+00:00,8.505,8.53,8.445,8.49,99544.0,,,,,,,,,,,,,,,,"rgba(38, 166, 154, 0.5)",,,,79.17769132307981,25.346151320821406,False,False,True,False,True,,0.0,0.0,0.0,0.0,0,,,False,False,False,False,,,False,False,False,False,606253.0,153566.62137483308,False,False,False,False,58686.687479164975,False,False,False,False
2024-04-03 17:00:00+00:00,8.695,8.8,8.695,8.795,31000.0,,,,,,,,,,,,,,,,"rgba(38, 166, 154, 0.5)",,,,82.54022421478874,28.50316863373898,False,False,True,False,True,,0.0,0.0,0.0,0.0,0,,,False,False,False,False,,,False,False,False,False,637253.0,161065.63499692868,False,False,False,False,58257.436510495754,False,False,False,False
2024-04-04 17:00:00+00:00,8.745,8.86,8.74,8.805,83712.0,,,,,,,,,,,,,,,,"rgba(38, 166, 154, 0.5)",,,,84.81872861465435,30.583774846433556,False,False,True,False,True,,0.0,0.0,0.0,0.0,0,,,False,False,False,False,,,False,False,False,False,720965.0,169746.24530705382,False,False,False,False,58652.08090568187,False,False,False,False
2024-04-05 17:00:00+00:00,8.825,8.84,8.79,8.8,27537.0,,,,,,,,,,,,,,,,"rgba(38, 166, 154, 0.5)",,,,86.16630426614331,31.839336243713007,False,False,True,False,True,,0.0,0.0,0.0,0.0,0,,,False,False,False,False,,,False,False,False,False,693428.0,177865.34227903746,False,False,False,False,58169.676550555014,False,False,False,False
2024-04-08 17:00:00+00:00,8.78,8.865,8.76,8.8,69448.0,,,,,,,,,,,,,,,,"rgba(38, 166, 154, 0.5)",,,,87.06468803380263,32.762071232809504,False,False,True,False,True,,0.0,0.0,0.0,0.0,0,,,False,False,False,False,,,False,False,False,False,693428.0,185858.56177858726,False,False,False,False,58344.534278453386,False,False,False,False
2024-04-09 17:00:00+00:00,8.785,8.84,8.765,8.83,27970.0,,,,,,,,,,,,,,,,"rgba(38, 166, 154, 0.5)",,,,87.81905354899395,33.62868965024121,False,False,True,False,True,,0.0,0.0,0.0,0.0,0,,,False,False,False,False,,,False,False,False,False,721398.0,194161.49880527583,False,False,False,False,57873.61126638434,False,False,False,False
2024-04-10 17:00:00+00:00,8.7,8.81,8.655,8.765,287390.0,,,,,,,,,,,,,,,,"rgba(38, 166, 154, 0.5)",,,,85.56473365362868,33.62868965024121,False,False,True,False,False,,0.0,0.0,0.0,0.0,0,,,False,False,False,False,,,False,False,False,False,434008.0,197880.04921139558,False,False,False,False,61432.00489016132,False,False,False,False
2024-04-11 17:00:00+00:00,9.005,9.015,8.84,8.875,87580.0,,,,,,,,,,,,,,,,"rgba(38, 166, 154, 0.5)",,8.909999999999998,,85.00824704234194,33.62868965024121,False,False,True,False,False,,0.0,0.0,0.0,0.0,0,,,False,False,False,False,,,False,False,False,False,521588.0,202898.77713059873,False,False,False,False,61837.40016318207,False,False,False,False
2024-04-12 17:00:00+00:00,8.865,8.9,8.725,8.765,89315.0,,,,,,,,,,,,,,,,"rgba(38, 166, 154, 0.5)",,8.85277754223315,,80.60244100376822,34.85969862492685,False,False,True,False,False,,0.0,0.0,0.0,0.0,0,,,False,False,False,False,,,False,False,False,False,432273.0,206454.9666324499,False,False,False,False,62263.409462977696,False,False,False,False
2024-04-15 17:00:00+00:00,8.615,8.625,8.505,8.52,79388.0,,,,,,,,,,,,,,,,"rgba(38, 166, 154, 0.5)",,8.758987070282982,,71.31109766501346,26.456030480246483,False,False,True,False,False,,0.0,0.0,0.0,0.0,0,,,False,False,False,False,,,False,False,False,False,352885.0,208725.1997079158,False,False,False,False,62528.90699068347,False,False,False,False
2024-04-16 17:00:00+00:00,8.565,8.595,8.485,8.55,19506.0,,,,,,,,,,,,,,,,"rgba(38, 166, 154, 0.5)",,8.74373431621034,,65.67289308993831,21.743961174277146,False,True,True,False,False,,0.0,0.0,0.0,0.0,0,,,False,False,False,False,,,False,False,False,False,372391.0,211262.6539760101,False,False,False,False,61861.88517687442,False,False,False,False
2024-04-17 17:00:00+00:00,8.535,8.64,8.505,8.515,43541.0,,,,,,,,,,,,,,,,"rgba(38, 166, 154, 0.5)",,8.717772930823912,,61.11148550970853,17.988578200924493,False,True,True,False,False,,0.0,0.0,0.0,0.0,0,,,False,False,False,False,,,False,False,False,False,328850.0,213085.71360428902,False,False,False,False,61577.84044545001,False,False,False,False
2024-04-18 17:00:00+00:00,8.49,8.495,8.375,8.46,26582.0,,,,,,,,,,,,,,,,"rgba(38, 166, 154, 0.5)",,8.570008320998788,,56.81287883354984,14.36060423313441,False,True,True,False,False,,0.0,0.0,0.0,0.0,0,,,False,False,False,False,,,False,False,False,False,302268.0,214468.38471119927,False,False,False,False,61035.269275753104,False,False,False,False
2024-04-19 17:00:00+00:00,8.7,8.73,8.66,8.695,13834.0,,,,,,,,,,,,,,,,"rgba(38, 166, 154, 0.5)",,8.613047469839003,,58.411411058103944,14.36060423313441,False,True,True,False,False,,0.0,0.0,0.0,0.0,0,,,False,False,False,False,,,False,False,False,False,316102.0,216044.0996769171,False,False,False,False,60303.46665132282,False,False,False,False
2024-04-22 17:00:00+00:00,8.775,8.8,8.69,8.69,21013.0,,,,,,,,,,,,,,,,"rgba(38, 166, 154, 0.5)",,8.647603018625231,,59.35075162003964,14.36060423313441,False,True,True,False,True,,0.0,0.0,0.0,0.0,0,,,False,False,False,False,,,False,False,False,False,295089.0,217269.60200750752,False,False,False,False,59694.31212959689,False,False,False,False
2024-04-23 17:00:00+00:00,8.83,8.885,8.82,8.865,58453.0,,,,,,,,,,,,,,,,"rgba(38, 166, 154, 0.5)",,8.721465169477987,,62.497203723136096,14.36060423313441,False,True,True,False,True,,0.0,0.0,0.0,0.0,0,,,False,False,False,False,,,False,False,False,False,353542.0,219382.3523639803,False,False,False,False,59675.06698030081,False,False,False,False
2024-04-24 17:00:00+00:00,8.83,8.865,8.82,8.855,26291.0,,,,,,,,,,,,,,,,"rgba(38, 166, 154, 0.5)",,8.73613018893002,,64.31093741435224,14.36060423313441,False,True,True,False,True,,0.0,0.0,0.0,0.0,0,,,False,False,False,False,,,False,False,False,False,327251.0,221054.73449787206,False,False,False,False,59157.484546497704,False,False,False,False
2024-04-25 17:00:00+00:00,8.855,9.035,8.835,9.0,32546.0,,,,,,,,,,,,,,,,"rgba(38, 166, 154, 0.5)",,8.762857027876334,,67.31587560008279,9.77582021906288,False,True,True,False,True,20.0,0.0,0.0,0.0,0.0,0,,,False,False,False,False,,,False,False,False,False,359797.0,223205.77737387404,False,False,False,False,58744.90339073805,False,False,False,False
2024-04-26 17:00:00+00:00,9.04,9.075,9.015,9.065,17047.0,,,,,,,,,,,,,,,,"rgba(38, 166, 154, 0.5)",,8.779636434840624,,70.01376495431114,12.567143203954686,False,True,True,False,True,20.0,0.0,0.0,0.0,0.0,0,,,False,False,False,False,,,False,False,False,False,376844.0,225587.76532156588,False,False,False,False,58098.424268401024,False,False,False,False
2024-04-29 17:00:00+00:00,9.145,9.275,9.135,9.235,85488.0,,,,,,,,9.215,,,,,,9.215,,"rgba(38, 166, 154, 0.5)",,8.98802734326327,,73.34429987322139,15.922287024612771,False,True,True,False,True,20.0,0.0,0.0,0.0,0.0,0,,,False,False,False,False,,,False,False,False,False,462332.0,229258.2185723943,False,False,False,False,58523.06885338705,False,False,False,False
2024-04-30 17:00:00+00:00,8.835,8.95,8.81,8.82,168369.0,,,,,,,,8.979548564743142,,,,,,8.979548564743142,,"rgba(38, 166, 154, 0.5)",,8.903724528464663,,66.51922688808325,15.922287024612771,False,True,True,False,False,20.0,0.0,0.0,0.0,0.0,0,,,False,False,False,False,,,False,False,False,False,293963.0,230261.39347824865,False,False,False,False,60226.1065455826,False,False,False,False
2024-05-01 17:00:00+00:00,8.52,8.635,8.4,8.5,24291.0,,,,,,,,8.938687874800465,,,,,,8.938687874800465,,"rgba(38, 166, 154, 0.5)",,8.78804554183807,,57.96277143822413,16.53535265779567,False,True,True,False,False,16.22872218771979,0.0,0.0,0.0,0.0,0,,,False,False,False,False,,,False,False,False,False,269672.0,230872.41063362462,False,False,False,False,59668.97311076737,False,False,False,False
2024-05-02 17:00:00+00:00,8.705,8.805,8.685,8.715,49102.0,,,,,,,,8.908125668449198,,,,,,8.908125668449198,,"rgba(38, 166, 154, 0.5)",,8.813050763135108,,55.14970032861571,14.160327831812964,False,True,True,False,False,19.70259579159185,0.0,0.0,0.0,0.0,0,,,False,False,False,False,,,False,False,False,False,318774.0,232235.2259726382,False,False,False,False,59505.14407029036,False,False,False,False
2024-05-03 17:00:00+00:00,8.675,8.69,8.6,8.645,31165.0,,,,,,,,8.885246292705382,,,,,,8.885246292705382,,#000000,,8.801468545134275,,52.43286669088159,11.635102079244817,False,True,False,False,False,17.878706216898124,0.0,0.0,0.0,0.0,0,,,False,False,False,False,,,False,False,False,False,287609.0,233093.73409709343,False,False,False,False,59065.7619916812,False,False,False,False
2024-05-06 17:00:00+00:00,8.865,8.89,8.8,8.83,34370.0,,,,,,,,8.881287090902147,,,,,,8.881287090902147,,"rgba(38, 166, 154, 0.5)",,8.811898040196581,,52.94674922201165,11.635102079244817,False,True,True,False,False,20.0,0.0,0.0,0.0,0.0,0,,,False,False,False,False,,,False,False,False,False,321979.0,234471.800235123,False,False,False,False,58682.88196080242,False,False,False,False
2024-05-07 17:00:00+00:00,8.835,8.885,8.78,8.85,67239.0,,,,,,,,8.875008793019493,,,,,,8.875008793019493,,"rgba(38, 166, 154, 0.5)",,8.821519945972248,,53.53103547891048,11.635102079244817,False,True,True,False,False,20.0,0.0,0.0,0.0,0.0,0,,,False,False,False,False,,,False,False,False,False,389218.0,236870.96612295054,False,False,False,False,58815.53495365819,False,False,False,False
2024-05-08 17:00:00+00:00,8.73,8.75,8.705,8.73,19392.0,,,,,,,,8.869075886078061,,,,,,8.869075886078061,,#000000,,8.818344661228824,,52.167996815818725,10.270370928647793,False,True,False,False,False,17.9116371514675,0.0,0.0,0.0,0.0,0,,,False,False,False,False,,,False,False,False,False,369826.0,238932.28447763345,False,False,False,False,58204.31735747744,False,False,False,False
2024-05-09 17:00:00+00:00,8.85,8.855,8.79,8.805,57646.0,,,,,,,,8.863450498576825,,,,,,8.863450498576825,,"rgba(38, 166, 154, 0.5)",,8.82003293948981,,52.32617188368808,9.813270074646908,False,True,True,False,False,19.056945831707655,0.0,0.0,0.0,0.0,0,,,False,False,False,False,,,False,False,False,False,427472.0,241855.38084232132,False,False,False,False,58195.661274415776,False,False,False,False
2024-05-10 17:00:00+00:00,8.65,8.785,8.63,8.71,37496.0,,,,,,,,8.853327459252736,,,,,,8.853327459252736,,#000000,,8.813440110977435,,50.979640066968436,7.9081309219639095,False,True,False,False,False,16.67964494458345,0.0,0.0,0.0,0.0,0,,,False,False,False,False,,,False,False,False,False,389976.0,244151.8245501923,False,False,False,False,57874.73629341708,False,False,False,False
2024-05-13 17:00:00+00:00,8.555,8.65,8.55,8.605,35951.0,,,,,,,,8.838507928084052,,,,,,8.838507928084052,,"rgba(239, 83, 80, 1.0)",,8.801609412325648,,48.58040912174104,5.114174742042891,False,True,False,True,False,14.13867759292608,0.0,0.0,0.0,0.0,0,,,False,False,False,False,,,False,False,False,False,354025.0,245855.28463468543,False,False,False,False,57534.833405147045,False,False,False,False
2024-05-14 17:00:00+00:00,8.575,8.67,8.515,8.58,66904.0,,,,,,,,8.813799690882815,,,,,,8.813799690882815,,"rgba(239, 83, 80, 1.0)",,8.78191712917572,,46.625134234292716,2.840452568323407,False,True,False,True,False,13.542463282017078,0.0,0.0,0.0,0.0,0,,,False,False,False,False,,,False,False,False,False,287121.0,246495.06316748098,False,False,False,False,57680.09180196647,False,False,False,False
2024-05-15 17:00:00+00:00,8.715,8.805,8.715,8.805,15360.0,,,,,,,,8.812939433263132,,,,,,8.812939433263132,,#000000,,8.782031950320404,,49.101904834419486,2.840452568323407,False,True,False,False,False,17.099088038475674,0.0,0.0,0.0,0.0,0,,,False,False,False,False,,,False,False,False,False,302481.0,247363.06218814017,False,False,False,False,57023.96634767241,False,False,False,False
2024-05-16 17:00:00+00:00,8.75,8.75,8.62,8.63,33836.0,,,,,,,,8.80612794960334,,,,,,8.80612794960334,,"rgba(239, 83, 80, 1.0)",,8.77728672653758,,48.09268482709748,2.840452568323407,False,True,False,True,False,13.054770540456346,0.0,0.0,0.0,0.0,0,,,False,False,False,False,,,False,False,False,False,268645.0,247693.01471235504,False,False,False,False,56664.46299344493,False,False,False,False
2024-05-17 17:00:00+00:00,8.605,8.715,8.59,8.65,39572.0,,,,,,,,8.798150276066186,,,,,,8.798150276066186,,"rgba(239, 83, 80, 1.0)",,8.77149772880087,,47.754745280919664,2.840452568323407,False,True,False,True,False,13.37037657455815,0.0,0.0,0.0,0.0,1,,,False,False,False,False,,,False,False,False,False,308217.0,248631.37107340377,False,False,False,False,56399.463567189974,False,False,False,False
2024-05-20 17:00:00+00:00,8.845,8.885,8.81,8.83,28985.0,,,,,,,,8.79973651413667,,,,,,8.79973651413667,,#000000,,8.787795785697629,,50.32884559103644,2.840452568323407,False,True,False,False,True,16.125136635710746,0.0,0.0,0.0,0.0,1,,,False,False,False,False,,,False,False,False,False,337202.0,250004.55911877734,False,False,False,False,55974.433124287796,False,False,False,False
2024-05-21 17:00:00+00:00,8.72,8.77,8.715,8.76,16034.0,,,,,,,,8.798720490220248,,,,,,8.798720490220248,,#000000,,8.780886374794587,,50.84437792970539,2.840452568323407,False,True,False,False,True,14.536969826147036,0.0,0.0,0.0,0.0,1,,,False,False,False,False,,,False,False,False,False,321168.0,251107.86827972654,False,False,False,False,55355.20160298101,False,False,False,False
2024-05-22 17:00:00+00:00,8.535,8.535,8.305,8.41,51811.0,,,,,,,,8.775783829329328,,,,,,8.775783829329328,,"rgba(239, 83, 80, 1.0)",,8.722785749894133,,46.56259204844362,1.5141133436103686,False,True,False,True,False,7.225443062276515,0.0,0.0,0.0,0.0,0,,,False,False,False,False,,,False,False,False,False,269357.0,251390.80055445945,False,False,False,False,55300.25274091929,False,False,False,False
2024-05-23 17:00:00+00:00,8.395,8.435,8.225,8.305,57019.0,,,,,,,,8.747639848700585,,,,,,8.747639848700585,,"rgba(239, 83, 80, 1.0)",,8.682055899373575,,42.65924382404771,-2.1627715046611016,False,True,False,True,False,5.220120813812933,0.0,0.0,0.0,0.0,0,,,False,False,False,False,,,False,False,False,False,212338.0,250785.3307784213,False,False,False,False,55326.89998524612,False,False,False,False
2024-05-24 17:00:00+00:00,8.465,8.485,8.395,8.4,15964.0,,,,,,,,8.742165437670183,,,,,,8.742165437670183,,"rgba(239, 83, 80, 1.0)",,8.676922316395803,,41.74501027697287,-3.0477645231604598,False,True,False,True,False,6.756669737018001,0.0,0.0,0.0,0.0,0,,,False,False,False,False,,,False,False,False,False,228302.0,250436.75200666283,False,False,False,False,54716.62246609502,False,False,False,False
2024-05-27 17:00:00+00:00,8.4,8.4,8.4,8.4,0.0,,,,,,,,8.742165437670183,,,,,,8.742165437670183,,"rgba(239, 83, 80, 1.0)",,8.676922316395803,,41.13552124558965,-3.785879721111719,False,True,False,True,False,6.756669737018001,0.0,0.0,0.0,0.0,0,,,False,False,False,False,,,False,False,False,False,228302.0,250093.5775569471,False,False,False,False,53868.3027379385,False,False,False,False
2024-05-28 17:00:00+00:00,8.58,8.615,8.515,8.56,45392.0,,,,,,,,8.7338939248505,,,,,,8.7338939248505,,"rgba(239, 83, 80, 0.75)",,8.6746786979066,,43.57593494614326,-3.785879721111719,False,True,False,True,True,9.293934947507708,0.0,0.0,0.0,0.0,0,,,False,False,False,False,,,False,False,False,False,273694.0,250459.47557932002,False,False,False,False,53736.887191613874,False,False,False,False
2024-05-29 17:00:00+00:00,8.415,8.435,8.365,8.435,12997.0,,,,,,,,8.72968228036883,,,,,,8.72968228036883,,"rgba(239, 83, 80, 0.75)",,8.670645574014026,,43.40911294541583,-3.785879721111719,False,True,False,True,True,6.867432261825986,0.0,0.0,0.0,0.0,0,,,False,False,False,False,,,False,False,False,False,260697.0,250618.19688816776,False,False,False,False,53105.26103360436,False,False,False,False
2024-05-30 17:00:00+00:00,8.545,8.56,8.485,8.52,18284.0,,,,,,,,8.725926497390883,,,,,,8.725926497390883,,"rgba(239, 83, 80, 0.75)",0.6459381263426589,8.668444942277045,-0.2298129437219469,44.783696455975814,-3.785879721111719,False,True,False,True,True,8.201669007026123,0.0,0.0,0.0,0.0,0,,,False,False,False,False,,,False,False,False,False,278981.0,251057.93026974655,False,False,False,False,52565.39652145545,False,False,False,False
2024-05-31 17:00:00+00:00,8.615,8.705,8.61,8.7,18514.0,,,,,,,,8.724952307111943,,,,,,8.724952307111943,,#000000,0.6271235491878356,8.670420115072943,0.04716755568398589,48.44968195760495,-6.244433110486959,False,True,False,False,True,10.91355737973048,0.0,0.0,0.0,0.0,0,,,False,False,False,False,,,False,False,False,False,297495.0,251777.88483920784,False,False,False,False,52037.46789321583,False,False,False,False
2024-06-03 17:00:00+00:00,8.25,8.26,8.11,8.185,20268.0,,,,,,,,8.714544048261018,,,,,,8.714544048261018,,"rgba(239, 83, 80, 1.0)",0.6045021628289403,8.658133447964333,-0.7826828042271512,44.64594656945614,-6.244433110486959,False,True,False,True,False,1.8095974998150481,0.0,0.0,0.0,0.0,0,,,False,False,False,False,,,False,False,False,False,277227.0,252172.44476418136,False,False,False,False,51544.918003398525,False,False,False,False
2024-06-04 17:00:00+00:00,7.865,7.915,7.825,7.845,48653.0,,,,,,,,8.676824779278043,,,,,,8.676824779278043,,"rgba(239, 83, 80, 1.0)",0.5835740069790836,8.611717265549933,-1.3138303906284394,39.64436432411151,-4.980461657902538,False,True,False,True,False,0.0,0.0,0.0,0.0,0.0,0,,,False,False,False,False,,,False,False,False,False,228574.0,251806.57740349637,False,False,False,False,51500.08206536134,False,False,False,False
2024-06-05 17:00:00+00:00,7.845,7.87,7.805,7.845,20962.0,,,,,,,,8.661177571782996,,,,,,8.661177571782996,,"rgba(239, 83, 80, 1.0)",0.567644596017076,8.593451607076318,-1.3185215050541998,36.309976160548416,-7.908006369129865,False,True,False,True,False,0.0,0.0,0.0,0.0,0.0,0,,,False,False,False,False,,,False,False,False,False,228574.0,251446.38240499253,False,False,False,False,51026.62342868907,False,False,False,False
2024-06-06 17:00:00+00:00,7.895,8.01,7.895,7.97,12544.0,,,,,,,,8.653400211242923,,,,,,8.653400211242923,,"rgba(239, 83, 80, 1.0)",0.5528319800791198,8.584897355400141,-1.1122680625533619,36.081209659470204,-8.084797109418247,False,True,False,True,False,0.0,0.0,0.0,0.0,0.0,0,,,False,False,False,False,,,False,False,False,False,241118.0,251286.2524452252,False,False,False,False,50429.99360808924,False,False,False,False
2024-06-07 17:00:00+00:00,7.875,7.905,7.83,7.845,10356.0,,,,,,,,8.646217771421712,,,,,,8.646217771421712,,"rgba(239, 83, 80, 1.0)",0.5364832768188664,8.576848167155068,-1.3641583974334461,34.89198664119255,-9.3551930682071,False,True,False,True,False,0.0,0.0,0.0,0.0,0.0,0,,,False,False,False,False,,,False,False,False,False,230762.0,250968.0469809581,False,False,False,False,49808.691381607234,False,False,False,False
2024-06-10 17:00:00+00:00,8.03,8.055,7.965,8.005,20865.0,,,,,,,,8.634791666130107,,,,,,8.634791666130107,,"rgba(239, 83, 80, 1.0)",0.51971294918402,8.564929940768664,-1.0773830855047701,36.61145270376704,-9.3551930682071,False,True,False,True,False,0.0,0.0,0.0,0.0,0.0,0,,,False,False,False,False,,,False,False,False,False,251627.0,250978.26330683473,False,False,False,False,49359.951980342004,False,False,False,False
2024-06-11 17:00:00+00:00,7.905,7.935,7.875,7.925,22390.0,,,,,,,,8.62115410748424,,,,,,8.62115410748424,,"rgba(239, 83, 80, 1.0)",0.5033466199547009,8.550423890942785,-1.2425312223196623,36.9686829491948,-9.3551930682071,False,True,False,True,False,0.0,0.0,0.0,0.0,0.0,0,,,False,False,False,False,,,False,False,False,False,229237.0,250641.18945711636,False,False,False,False,48941.8131899491,False,False,False,False
2024-06-12 17:00:00+00:00,7.925,7.945,7.855,7.885,37884.0,,,,,,,,8.598699161077342,,,,,,8.598699161077342,,"rgba(239, 83, 80, 1.0)",0.4868361453635451,8.527010705721574,-1.318740836800753,36.80265171404492,-9.3551930682071,False,True,False,True,False,0.0,0.0,0.0,0.0,0.0,0,,,False,False,False,False,,,False,False,False,False,191353.0,249721.9927213471,False,False,False,False,48770.374225763844,False,False,False,False
2024-06-13 17:00:00+00:00,7.58,7.695,7.575,7.645,14341.0,,,,,,,,8.587587238041143,,,,,,8.587587238041143,,"rgba(239, 83, 80, 1.0)",0.4783909498526318,8.514860234759217,-1.8183041193132472,34.52267355009017,-10.666984431886007,False,True,False,True,False,0.0,0.0,0.0,0.0,0.0,0,,,False,False,False,False,,,False,False,False,False,177012.0,248594.706012489,False,False,False,False,48236.585478077584,False,False,False,False
2024-06-14 17:00:00+00:00,7.45,7.465,7.4,7.44,25420.0,,,,,,,,8.564423666628718,,,,,,8.564423666628718,,"rgba(239, 83, 80, 1.0)",0.47949718408928327,8.313431750985737,-1.8215576232103632,31.540781381799047,-13.67527418505044,False,True,False,True,False,0.0,0.0,0.0,0.0,0.0,0,,,False,False,False,False,,,False,False,False,False,151592.0,247090.78808981477,False,False,False,False,47882.839966789565,False,False,False,False
2024-06-17 17:00:00+00:00,7.435,7.485,7.415,7.435,11758.0,,,,,,,,8.554113501621206,,,,,,8.554113501621206,,"rgba(239, 83, 80, 1.0)",0.479623416465068,8.304559421152364,-1.8130045183390169,29.518748437564806,-15.703356066506196,False,True,False,True,False,0.0,0.0,0.0,0.0,0.0,0,,,False,False,False,False,,,False,False,False,False,139834.0,245427.89215043778,False,False,False,False,47322.76492854476,False,False,False,False
2024-06-18 17:00:00+00:00,7.585,7.625,7.56,7.585,58465.0,,,,,,,,8.511893859101816,,,,,,8.511893859101816,,"rgba(239, 83, 80, 1.0)",0.47772417500833037,8.283287685471093,-1.4616963553475526,31.125640341804875,-15.703356066506196,False,True,False,True,False,0.0,0.0,0.0,0.0,0.0,0,,,False,False,False,False,,,False,False,False,False,198299.0,244697.21165198137,False,False,False,False,47495.51275910996,False,False,False,False
2024-06-19 17:00:00+00:00,7.585,7.585,7.585,7.585,0.0,,,,,,,,8.511893859101816,,,,,,8.511893859101816,,"rgba(239, 83, 80, 0.75)",0.4772942035650121,8.283287685471093,-1.4630131274493454,32.19690161129825,-15.703356066506196,False,True,False,True,True,0.0,0.0,0.0,0.0,0.0,0,,,False,False,False,False,,,False,False,False,False,198299.0,243977.859533346,False,False,False,False,46759.14822020903,False,False,False,False
2024-06-20 17:00:00+00:00,7.655,7.7,7.61,7.635,7233.0,,,,,,,,8.507240621958003,,,,,,8.507240621958003,,"rgba(239, 83, 80, 0.75)",0.47615973169735026,8.280741982842697,-1.3561457213965633,33.9569151712395,-15.703356066506196,False,True,False,True,True,0.0,0.0,0.0,0.0,0.0,0,,,False,False,False,False,,,False,False,False,False,205532.0,243381.79969561967,False,False,False,False,46146.3397206709,False,False,False,False
2024-06-21 17:00:00+00:00,7.535,7.58,7.495,7.55,59666.0,,,,,,,,8.466147532856962,,,,,,8.466147532856962,,"rgba(239, 83, 80, 0.75)",0.47524410038942877,8.24597388570715,-1.464455603208643,34.084220078929775,-15.703356066506196,False,True,False,True,True,0.0,0.0,0.0,0.0,0.0,0,,,False,False,False,False,,,False,False,False,False,145866.0,241869.9268321217,False,False,False,False,46355.946856784525,False,False,False,False
2024-06-24 17:00:00+00:00,7.82,7.935,7.8,7.895,16258.0,,,,,,,,8.459390035612113,,,,,,8.459390035612113,,"rgba(239, 83, 80, 0.75)",0.4690492780350778,8.246059551492753,-0.7484491884592541,40.22288215491044,-14.421074340624443,False,True,False,True,True,0.0,0.0,0.0,0.0,0.0,0,,,False,False,False,False,,,False,False,False,False,162124.0,240633.55587348415,False,False,False,False,45889.31202179562,False,False,False,False
2024-06-25 17:00:00+00:00,7.855,7.91,7.845,7.885,8504.0,,,,,,,,8.45593663468718,,,,,,8.45593663468718,,"rgba(239, 83, 80, 0.75)",0.46343130729006554,8.245849314664964,-0.7786468220609568,44.15889577227087,-10.884988229147055,False,True,False,True,True,0.0,0.0,0.0,0.0,0.0,0,,,False,False,False,False,,,False,False,False,False,153620.0,239284.50849560066,False,False,False,False,45309.69478114763,False,False,False,False
2024-06-26 17:00:00+00:00,7.815,7.875,7.815,7.845,52581.0,,,,,,,,8.434221614439158,,,,,,8.434221614439158,,"rgba(239, 83, 80, 0.5)",0.4613736540469679,8.23910127909317,-0.854191121743268,46.11224863018571,-9.181168900732132,False,False,False,True,True,0.0,0.0,0.0,0.0,0.0,0,,,False,False,False,False,,,False,False,False,False,101039.0,237141.1672786146,False,False,False,False,45422.4281953934,False,False,False,False
2024-06-27 17:00:00+00:00,7.855,7.925,7.815,7.91,26901.0,,,,,,,,8.42438284768373,,,,,,8.42438284768373,,#000000,0.4580215680039089,8.23601402201262,-0.7117874894700104,48.51446542926779,-6.967138539201493,False,False,False,False,True,0.0,0.0,0.0,0.0,0.0,0,,,False,False,False,False,,,False,False,False,False,127940.0,235448.12592545775,False,False,False,False,45135.27426988342,False,False,False,False
2024-06-28 17:00:00+00:00,7.9,7.935,7.84,7.875,35667.0,,,,,,,,8.411867346954216,,,,,,8.411867346954216,,#000000,0.45629780262969416,8.231231628757357,-0.7806998558931354,49.432445543719524,-6.042131597489075,True,False,False,False,True,0.0,0.0,0.0,0.0,0.0,0,,,False,False,False,False,,,False,False,False,False,92273.0,233228.35653126458,False,False,False,False,44988.479319962746,False,False,False,False
2024-07-01 17:00:00+00:00,7.855,7.885,7.825,7.86,12550.0,,,,,,,,8.407384872776834,,,,,,8.407384872776834,,#000000,0.45615090556596644,8.22904173282368,-0.8090343093055861,49.73333043792194,-5.547854937611724,True,False,False,False,True,0.0,0.0,0.0,0.0,0.0,0,,,False,False,False,False,,,False,False,False,False,79723.0,230848.42852302792,False,False,False,False,44485.557159963326,False,False,False,False
2024-07-02 17:00:00+00:00,8.015,8.1,7.995,8.1,20449.0,,,,,,,,8.402939227944787,,,,,,8.402939227944787,,"rgba(38, 166, 154, 1.0)",0.45451239093507245,8.230145275591132,-0.28634043468734416,54.019768991852104,-1.3550420940212717,True,False,True,False,True,1.9051008259265352,0.0,0.0,0.0,0.0,0,,,False,False,False,False,,,False,False,False,False,100172.0,228822.437383136,False,False,False,False,44112.89735903366,False,False,False,False
2024-07-03 17:00:00+00:00,8.165,8.165,8.165,8.165,0.0,,,,,,,,8.402939227944787,,,,,,8.402939227944787,,"rgba(38, 166, 154, 1.0)",0.4518958861196841,8.230145275591132,-0.14415992176985565,57.749473487232606,2.1567639406386974,True,False,True,False,True,2.8477711481111854,0.0,0.0,0.0,0.0,0,,,False,False,False,False,,,False,False,False,False,100172.0,226827.85695859126,False,False,False,False,43428.97646974632,False,False,False,False
2024-07-04 17:00:00+00:00,8.165,8.165,8.165,8.165,0.0,,,,,,,,8.402939227944787,,,,,,8.402939227944787,,"rgba(38, 166, 154, 1.0)",0.44964099793838824,8.230145275591132,-0.14488286408451514,60.23594315081961,4.4788400048696175,True,False,True,False,True,2.847771148111196,0.0,0.0,0.0,0.0,0,,,False,False,False,False,,,False,False,False,False,100172.0,224864.20026155884,False,False,False,False,42755.659005099085,False,False,False,False
2024-07-05 17:00:00+00:00,7.96,7.965,7.875,7.905,18153.0,,,,,,7.915000000000001,7.915000000000001,8.397379097148507,,,,,,8.075793032382835,,"rgba(38, 166, 154, 0.75)",0.4477769111534948,8.149666864845223,-0.5464034851974592,56.209898221402455,4.4788400048696175,True,False,True,False,False,0.0,0.0,0.0,0.0,0.0,0,,,False,False,False,False,,,False,False,False,False,82019.0,222649.54599393776,False,False,False,False,42374.22243137661,False,False,False,False
2024-07-08 17:00:00+00:00,7.89,7.94,7.835,7.935,20723.0,,,,,,7.908781038858595,7.908781038858595,8.39103488596902,,,,,,8.069532321228737,,"rgba(38, 166, 154, 0.75)",0.4484937554176772,8.145930137797539,-0.4703078588041925,54.09316603381215,10.275709905789753,True,False,True,False,False,0.0,0.0,0.0,0.0,0.0,0,,,False,False,False,False,,,False,False,False,False,102742.0,220790.51427310152,False,False,False,False,42038.544564223484,False,False,False,False
2024-07-09 17:00:00+00:00,7.845,7.895,7.725,7.73,55660.0,,,,,,7.834921141152576,7.834921141152576,8.370773702273187,,,,,,8.013538661526113,,#000000,0.4517997044852681,8.079649027392309,-0.7739027359273303,49.33289209071394,5.838823013537294,True,False,False,False,False,0.0,0.0,0.0,0.0,0.0,0,,,False,False,False,False,,,False,False,False,False,47082.0,218097.35901305344,False,False,False,False,42249.72991981691,False,False,False,False
2024-07-10 17:00:00+00:00,7.855,7.93,7.825,7.905,35140.0,,,,,,7.848943302281584,7.848943302281584,8.360793765238428,,,,,,8.0195601232672,,#000000,0.45357616045526017,8.083668580966197,-0.3939108721826673,49.41244492401051,5.838823013537294,True,False,False,False,False,0.0,0.0,0.0,0.0,0.0,0,,,False,False,False,False,,,False,False,False,False,82222.0,215990.76429967277,False,False,False,False,42139.50154896704,False,False,False,False
2024-07-11 17:00:00+00:00,8.055,8.135,8.05,8.125,22065.0,,,,,,7.885934728693409,7.885934728693409,8.357503632784423,,,,,,8.043124363390413,,"rgba(38, 166, 154, 1.0)",0.45395930880868235,8.098589476407009,0.058178173859459205,52.60117080895227,5.838823013537294,True,False,True,False,True,2.15035592144703,0.0,0.0,0.0,0.0,0,,,False,False,False,False,,,False,False,False,False,104287.0,214258.9229927011,False,False,False,False,41828.26896681252,False,False,False,False
2024-07-12 17:00:00+00:00,8.065,8.065,7.97,8.01,46570.0,,,,,,7.916243534986292,7.916243534986292,8.348508408775738,,,,,,8.06033182624944,,"rgba(38, 166, 154, 1.0)",0.45531720454729063,8.108368771466957,-0.2160444860957146,52.78353378261912,5.838823013537294,True,False,True,False,True,0.4856856750294334,0.0,0.0,0.0,0.0,0,,,False,False,False,False,,,False,False,False,False,57717.0,211831.9164346747,False,False,False,False,41901.78417662938,False,False,False,False
2024-07-15 17:00:00+00:00,7.975,8.035,7.925,7.99,12096.0,,,,,,7.920100432336693,7.920100432336693,8.346034230603994,,,,,,8.06207836509246,,"rgba(38, 166, 154, 1.0)",0.4568413882892579,8.109126675487488,-0.2607615652635668,52.56895856116212,5.838823013537294,True,False,True,False,True,0.19774621411245974,0.0,0.0,0.0,0.0,0,,,False,False,False,False,,,False,False,False,False,45621.0,209255.00300157897,False,False,False,False,41439.67899559636,False,False,False,False
2024-07-16 17:00:00+00:00,7.92,7.99,7.905,7.98,20986.0,,,,,,7.9235679342071705,7.9235679342071705,8.341529806876604,,,,,,8.062888558430314,,"rgba(38, 166, 154, 1.0)",0.4585218907798478,8.108972994626605,-0.2812799066305183,52.242370398216345,5.838823013537294,True,False,True,False,True,0.05168296842721887,0.0,0.0,0.0,0.0,0,,,False,False,False,False,,,False,False,False,False,24635.0,206392.67737364752,False,False,False,False,41122.56769333906,False,False,False,False
2024-07-17 17:00:00+00:00,7.905,7.905,7.75,7.775,53757.0,,,,,,7.902157899351217,7.902157899351217,8.326168118064464,,,,,,8.043494638922299,,"rgba(239, 83, 80, 0.5)",0.46006444906914884,8.093847315994704,-0.6930492382965685,48.6567445517595,3.9737941497929654,True,False,False,True,False,0.0,0.0,0.0,0.0,0.0,0,,,False,False,False,False,,,False,False,False,False,-29122.0,202741.28702676928,False,False,False,False,41318.45036476015,False,False,False,False
2024-07-18 17:00:00+00:00,7.885,7.885,7.795,7.82,34913.0,,,,,,7.894650402160407,7.894650402160407,8.3170880583696,,,,,,8.03546295423014,,"rgba(239, 83, 80, 0.5)",0.46036910377621304,8.086988437098963,-0.5799442988440571,47.1661617992651,2.328774766386964,False,False,False,True,False,0.0,0.0,0.0,0.0,0.0,0,,,False,False,False,False,,,False,False,False,False,5791.0,199687.79420464882,False,False,False,False,41219.14105677937,False,False,False,False
2024-07-19 17:00:00+00:00,7.8,7.835,7.755,7.78,24044.0,,,,,,7.887338100261448,7.887338100261448,8.31048394921738,,,,,,8.028386716580092,,"rgba(239, 83, 80, 0.5)",0.460957561901175,8.081119007188809,-0.653246702249275,45.52292880297646,0.5445211072588876,False,False,False,True,False,0.0,0.0,0.0,0.0,0.0,0,,,False,False,False,False,,,False,False,False,False,-18253.0,196308.86716271628,False,False,False,False,40952.85980008512,False,False,False,False
2024-07-22 17:00:00+00:00,7.845,7.895,7.815,7.825,27208.0,,,,,,7.884235788122392,7.884235788122392,8.303976490729937,,,,,,8.02414935565824,,"rgba(239, 83, 80, 0.5)",0.4604961875398538,8.077097311738555,-0.5474471202147296,45.44528941191833,0.18352873891803512,False,False,False,True,False,0.0,0.0,0.0,0.0,0.0,0,,,False,False,False,False,,,False,False,False,False,8955.0,193404.15604391447,False,False,False,False,40739.761198533415,False,False,False,False
2024-07-23 17:00:00+00:00,7.715,7.78,7.705,7.77,11308.0,,,,,,7.880317854215069,7.880317854215069,8.300785962571329,,,,,,8.020473890333824,,"rgba(239, 83, 80, 0.5)",0.4599608483142703,8.07404785628492,-0.6610298624312017,44.37056192128824,-1.154601481189978,False,False,False,True,False,0.0,0.0,0.0,0.0,0.0,0,,,False,False,False,False,,,False,False,False,False,-2353.0,190369.16137656695,False,False,False,False,40283.45482336236,False,False,False,False
2024-07-24 17:00:00+00:00,7.705,7.735,7.6,7.61,110446.0,,,,,,7.828354006572439,7.828354006572439,8.26593973302256,,,,,,7.974215915389145,,"rgba(239, 83, 80, 1.0)",0.4626855605353693,8.035918500800896,-0.920535536721893,41.099542498925544,-4.446090172083146,False,True,False,True,False,0.0,0.0,0.0,0.0,0.0,0,,,False,False,False,False,,,False,False,False,False,-112799.0,185668.87980483723,False,False,False,False,41371.246221449765,False,False,False,False
2024-07-25 17:00:00+00:00,7.385,7.455,7.165,7.395,168867.0,,,,,,7.703344457268778,7.703344457268778,8.195911179292857,,,,,,7.867533364610137,,"rgba(239, 83, 80, 1.0)",0.4676500770817806,7.94723841017113,-1.1808795448451468,36.43863357851368,-8.832183225472974,False,True,False,True,False,0.0,0.0,0.0,0.0,0.0,0,,,False,False,False,False,,,False,False,False,False,-281666.0,178423.37779235913,False,False,False,False,43347.92457460558,False,False,False,False
2024-07-26 17:00:00+00:00,7.52,7.585,7.495,7.535,77096.0,,,,,,7.6861304562364445,7.6861304562364445,8.174001845202906,,,,,,7.8487542525585985,,"rgba(239, 83, 80, 1.0)",0.47056969498453505,7.928815808230856,-0.8368915644765397,36.641237721739095,-8.832183225472974,False,True,False,True,False,0.0,0.0,0.0,0.0,0.0,0,,,False,False,False,False,,,False,False,False,False,-204570.0,172485.495966121,False,False,False,False,43871.150550193095,False,False,False,False
2024-07-29 17:00:00+00:00,7.445,7.495,7.405,7.475,28344.0,,,,,,7.677716482315491,7.677716482315491,8.165341489659044,,,,,,7.840258151430009,,"rgba(239, 83, 80, 1.0)",0.47711824511311673,7.920774809603681,-0.934306776505676,36.01514536135094,-9.371069148235662,False,True,False,True,False,0.0,0.0,0.0,0.0,0.0,0,,,False,False,False,False,,,False,False,False,False,-232914.0,166200.23246277028,False,False,False,False,43630.41953391103,False,False,False,False
2024-07-30 17:00:00+00:00,7.445,7.505,7.425,7.48,38231.0,,,,,,7.6678590594835105,7.6678590594835105,8.154174269751673,,,,,,7.829964129572898,,"rgba(239, 83, 80, 1.0)",0.4827861145812217,7.910824224965686,-0.8923707868843557,35.72268816812664,-9.89715072781874,False,True,False,True,False,0.0,0.0,0.0,0.0,0.0,0,,,False,False,False,False,,,False,False,False,False,-194683.0,160605.14358737846,False,False,False,False,43546.70760315272,False,False,False,False
2024-07-31 17:00:00+00:00,7.76,7.825,7.695,7.81,47088.0,,,,,,7.673867693997657,7.673867693997657,8.146851752073008,,,,,,7.8315290466894405,,"rgba(239, 83, 80, 0.75)",0.4833541033126637,7.909924718448759,-0.20673191303006722,41.992984889100214,-12.689479835619963,False,True,False,True,True,0.0,0.0,0.0,0.0,0.0,0,,,False,False,False,False,,,False,False,False,False,-147595.0,155826.84678757415,False,False,False,False,43601.61136124338,False,False,False,False
2024-08-01 17:00:00+00:00,7.435,7.435,7.275,7.38,57308.0,,,,,,7.654311601170544,7.654311601170544,8.128781853239643,,,,,,7.812468351860244,,"rgba(239, 83, 80, 0.75)",0.491124082961592,7.8921133153816605,-1.0427371272316737,40.633300274989764,-12.689479835619963,False,True,False,True,True,0.0,0.0,0.0,0.0,0.0,0,,,False,False,False,False,,,False,False,False,False,-204903.0,150234.13598466603,False,False,False,False,43814.11351068146,False,False,False,False
2024-08-02 17:00:00+00:00,6.915,6.93,6.855,6.915,81995.0,,,,,,7.591962907183279,7.591962907183279,8.08953053703555,,,,,,7.757818783800704,,"rgba(239, 83, 80, 1.0)",0.50822955372477,7.844165368998158,-1.8282395468511932,36.3085418059695,-8.536385507960006,False,True,False,True,False,0.0,0.0,0.0,0.0,0.0,0,,,False,False,False,False,,,False,False,False,False,-286898.0,143456.8935662991,False,False,False,False,44406.065239198026,False,False,False,False
2024-08-05 17:00:00+00:00,6.795,6.865,6.77,6.84,63572.0,,,,,,7.545772350483624,7.545772350483624,8.058969892913778,,,,,,7.716838197960342,,"rgba(239, 83, 80, 1.0)",0.5261691229499743,7.807714122694116,-1.8391693478108595,32.99404788260428,-11.514136132542149,False,True,False,True,False,0.0,0.0,0.0,0.0,0.0,0,,,False,False,False,False,,,False,False,False,False,-350470.0,135799.11227069757,False,False,False,False,44703.2115145593,False,False,False,False
2024-08-06 17:00:00+00:00,6.865,6.955,6.84,6.895,26568.0,,,,,,7.529835898933406,7.529835898933406,8.047347884269954,,,,,,7.702339894045589,,"rgba(239, 83, 80, 1.0)",0.5377131088111823,7.794553516550713,-1.6729246540771823,31.69651307320187,-12.6860743891773,False,True,False,True,False,0.0,0.0,0.0,0.0,0.0,0,,,False,False,False,False,,,False,False,False,False,-323902.0,128671.96324324491,False,False,False,False,44422.04544456612,False,False,False,False
2024-08-07 17:00:00+00:00,6.91,6.925,6.74,6.78,196522.0,,,,,,7.419970117153894,7.419970117153894,7.9624771226965,,,,,,7.600805785668096,,"rgba(239, 83, 80, 1.0)",0.5514201403387164,7.612332952612188,-1.5094351688005392,30.051697343097608,-14.31072325400492,False,True,False,True,False,0.0,0.0,0.0,0.0,0.0,0,,,False,False,False,False,,,False,False,False,False,-520424.0,118608.45993714809,False,False,False,False,46780.18427488293,False,False,False,False
2024-08-08 17:00:00+00:00,6.915,6.985,6.89,6.93,71239.0,,,,,,7.3943765089091835,7.3943765089091835,7.937450943855324,,,,,,7.575401320557897,,"rgba(239, 83, 80, 1.0)",0.5560206668658821,7.593336704454606,-1.1930072818940909,31.531003810843757,-14.31072325400492,False,True,False,True,False,0.0,0.0,0.0,0.0,0.0,0,,,False,False,False,False,,,False,False,False,False,-449185.0,109805.46055827757,False,False,False,False,47159.39072023358,False,False,False,False
2024-08-09 17:00:00+00:00,6.995,7.015,6.965,7.01,39729.0,,,,,,7.383006117464529,7.383006117464529,7.924843045066706,,,,,,7.563618426665254,,"rgba(239, 83, 80, 0.75)",0.5555743152988786,7.584699632476304,-1.0344244084918446,33.81733858533175,-14.31072325400492,False,True,False,True,True,0.0,0.0,0.0,0.0,0.0,0,,,False,False,False,False,,,False,False,False,False,-409456.0,101754.89527830426,False,False,False,False,47044.19086410593,False,False,False,False
2024-08-12 17:00:00+00:00,7.165,7.24,7.145,7.175,37726.0,,,,,,7.3778167235784995,7.3778167235784995,7.915567187942377,,,,,,7.5570668783664585,,"rgba(239, 83, 80, 0.75)",0.5452636109308993,7.581714495208082,-0.7459043425137444,37.83429437406063,-17.86032770144314,False,True,False,True,True,0.0,0.0,0.0,0.0,0.0,0,,,False,False,False,False,,,False,False,False,False,-371730.0,94414.04418871814,False,False,False,False,46899.72278869343,False,False,False,False
2024-08-13 17:00:00+00:00,7.105,7.145,7.07,7.14,45538.0,,,,,,7.369794170244662,7.369794170244662,7.903655455475687,,,,,,7.5477479319883365,,"rgba(239, 83, 80, 0.75)",0.5451053704237946,7.5753554634560345,-0.7986629504632577,40.08186509413236,-15.710450801191186,False,True,False,True,True,0.0,0.0,0.0,0.0,0.0,0,,,False,False,False,False,-0.2513766345715143,-0.2513766345715143,False,False,False,False,-417268.0,86480.98924005585,False,False,False,False,46878.61080747337,False,False,False,False
2024-08-14 17:00:00+00:00,7.19,7.21,7.115,7.195,16063.0,,,,,,7.367674730487714,7.367674730487714,7.899826560321199,,,,,,7.545058673765542,,"rgba(239, 83, 80, 0.5)",0.5486139537691942,7.573659485490791,-0.6902111819964668,42.456045988345124,-13.404519405271415,False,False,False,True,True,0.0,0.0,0.0,0.0,0.0,0,0.8541275797373359,0.8358348968105067,False,False,False,False,-0.2359719582753364,-0.24367429642342536,False,False,False,False,-401205.0,78919.96615106272,False,False,False,False,46400.84939960557,False,False,False,False
2024-08-15 17:00:00+00:00,7.365,7.395,7.355,7.37,29398.0,,,,,,7.367784291048701,7.367784291048701,7.894822809285642,,,,,,7.543463797127681,,#000000,0.5451619727902649,7.574293307185357,-0.3747387334074984,46.59193879939485,-9.491472938489508,False,False,False,False,True,0.0,0.0,0.0,0.0,0.0,0,0.8573420074349444,0.8331784386617102,False,False,False,False,-0.1777329432068113,-0.21070361981511831,False,False,False,False,-371807.0,71931.95117197647,False,False,False,False,46137.23933139463,False,False,False,False
2024-08-16 17:00:00+00:00,7.345,7.375,7.33,7.345,22590.0,,,,,,7.367523575931536,7.367523575931536,7.890872814673672,,,,,,7.541973322178914,,#000000,0.5427721221438823,7.574219167991112,-0.42231197705166773,48.932522000870705,-7.2842332479772764,True,False,False,False,True,0.0,0.0,0.0,0.0,0.0,0,0.8569431500465984,0.8373718546132343,False,False,False,False,-0.1841587385733227,-0.1974311791942205,False,False,False,False,-394397.0,64702.0449522559,False,False,False,False,45772.16585338851,False,False,False,False
2024-08-19 17:00:00+00:00,7.405,7.415,7.35,7.36,16165.0,,,,,,7.36760119186766,7.36760119186766,7.888210275274234,,,,,,7.541137553003185,,#000000,0.5356817412680075,7.574326592805841,-0.4001006125362983,50.72710774744753,-5.505775713120926,True,False,False,False,True,0.0,0.0,0.0,0.0,0.0,0,0.8538587848932677,0.8397841895378843,False,False,False,False,-0.17559426044020862,-0.18651271981721457,False,False,False,False,-378232.0,57834.85045687208,False,False,False,False,45313.1400262042,False,False,False,False
2024-08-20 17:00:00+00:00,7.225,7.295,7.205,7.25,15219.0,,,,,,7.366462896500962,7.366462896500962,7.8851240871714525,,,,,,7.539349960057792,,#000000,0.5288600438168328,7.573190373206077,-0.6111075642500454,49.91237466622017,-5.505775713120926,True,False,False,False,True,0.0,0.0,0.0,0.0,0.0,0,0.847036776762708,0.8479737643476226,False,False,False,False,-0.2136314764016167,-0.20007209810941562,False,False,False,False,-393451.0,50838.17060482755,False,False,False,False,44846.564211844445,False,False,False,False
2024-08-21 17:00:00+00:00,7.255,7.275,7.21,7.25,23941.0,,,,,,7.364641182850667,7.364641182850667,7.880291410346486,,,,,,7.53652459201594,,#000000,0.5239792737115423,7.571283537508968,-0.6131607749161452,49.36921927873526,-5.505775713120926,True,False,False,False,True,0.0,0.0,0.0,0.0,0.0,0,0.8526439482961224,0.847238542890717,False,False,False,False,-0.21580183925697025,-0.20793696868319295,False,False,False,False,-393451.0,43949.96640940387,False,False,False,False,44522.4469372422,False,False,False,False
2024-08-22 17:00:00+00:00,7.295,7.305,7.22,7.235,10998.0,,,,,,7.363879539333668,7.363879539333668,7.87812455494095,,,,,,7.535294544536096,,#000000,0.5166888428835639,7.570446829666106,-0.6492240625789918,48.704383261920114,-5.505775713120926,True,False,False,False,True,0.0,0.0,0.0,0.0,0.0,0,0.8503289473684212,0.8486842105263159,False,False,False,False,-0.21001859521368973,-0.20897778194844135,False,False,False,False,-404449.0,36998.044449568144,False,False,False,False,44002.688069998134,False,False,False,False
2024-08-23 17:00:00+00:00,7.41,7.445,7.375,7.4,31297.0,,,,,,7.364696785130224,7.364696785130224,7.87353286183725,,,,,,7.534308810699233,,"rgba(38, 166, 154, 1.0)",0.5086431960627179,7.570788096815908,-0.3357719087524142,51.57340247269873,-3.7075362679762023,True,False,True,False,True,0.0,0.0,0.0,0.0,0.0,0,0.8491711417230913,0.8456689236516461,False,False,False,False,-0.16776585553632392,-0.18837181874238262,False,False,False,False,-373152.0,30639.129031745382,False,False,False,False,43805.700658060174,False,False,False,False
2024-08-26 17:00:00+00:00,7.46,7.485,7.435,7.465,7963.0,,,,,7.461666666666665,7.365165755050332,7.365165755050332,7.872514774013878,,,,,,7.516128237695302,,"rgba(38, 166, 154, 1.0)",0.5016492349789347,7.561144608238501,-0.19165704148345497,54.5848838086987,-0.6869735466310729,True,False,True,False,True,0.0,0.0,0.0,0.0,0.0,0,0.8503147586850083,0.8416880391699698,False,False,False,False,-0.15358373182300245,-0.17097777528269253,False,False,False,False,-365189.0,24502.258814198944,False,False,False,False,43249.99987266389,False,False,False,False
2024-08-27 17:00:00+00:00,7.305,7.345,7.305,7.32,54628.0,,,,,7.340932482305762,7.363822418977549,7.363822418977549,7.863357195911744,,,,,,7.482983629043151,,"rgba(38, 166, 154, 1.0)",0.4961773422426201,7.547952716749976,-0.459417827746177,53.312981124255295,-0.6869735466310729,True,False,True,False,True,0.0,0.0,0.0,0.0,0.0,0,0.8453245840168738,0.8523552847433796,False,False,False,False,-0.19203301847025986,-0.1815053968764762,False,False,False,False,-419817.0,17613.588134909034,False,False,False,False,43426.40297541328,False,False,False,False
2024-08-28 17:00:00+00:00,7.18,7.245,7.175,7.24,47471.0,,,,,7.288772918900255,7.359917983177259,7.359917983177259,7.854167902554751,,,,,,7.465694196952381,,#000000,0.48533198445510484,7.538773193171897,-0.615605817752435,50.91598380605413,-0.6869735466310729,True,False,False,False,False,0.0,0.0,0.0,0.0,0.0,0,0.8369846878680802,0.8617196702002359,False,False,False,False,-0.22523020162994428,-0.20336779925321025,False,False,False,False,-467288.0,10095.734055298039,False,False,False,False,43489.10990602703,False,False,False,False
2024-08-29 17:00:00+00:00,7.355,7.375,7.31,7.345,78548.0,,,,,7.311494998497781,7.359205028752067,7.359205028752067,7.842373599222514,,,,,,7.468069663806107,,#000000,0.47682543503413316,7.538024169317027,-0.40481097511757086,51.456320902539986,-0.6869735466310729,True,False,False,False,False,0.0,0.0,0.0,0.0,0.0,0,0.8434782608695652,0.8556991774383081,False,False,False,False,-0.1870194513394201,-0.19519362529631518,False,False,False,False,-388740.0,3912.2343025027194,False,False,False,False,44032.658589654515,False,False,False,False
2024-08-30 17:00:00+00:00,7.115,7.245,7.11,7.23,60201.0,,,,,7.283308481806136,7.3539674304086,7.3539674304086,7.831117244851885,,,,,,7.455590146868805,,#000000,0.46845370515544915,7.529260967655984,-0.6388271975705221,49.57607823496741,-0.6869735466310729,True,False,False,False,False,0.0,0.0,0.0,0.0,0.0,0,0.8343859649122807,0.8622222222222226,False,False,False,False,-0.23469810993665705,-0.2149458676164861,False,False,False,False,-448941.0,-3108.746074280268,False,False,False,False,44283.33054950483,False,False,False,False
2024-09-02 17:00:00+00:00,7.23,7.23,7.23,7.23,0.0,,,,,7.283308481806136,7.3539674304086,7.3539674304086,7.831117244851885,,,,,,7.455590146868805,,"rgba(239, 83, 80, 0.5)",0.4536183358227364,7.529260967655984,-0.65971973358001,48.32258312325237,3.0469681872916894,True,False,False,True,False,0.0,0.0,0.0,0.0,0.0,0,0.8392479435957696,0.8632197414806112,False,False,False,False,-0.21942357535905105,-0.21718472148776857,False,False,False,False,-448941.0,-10020.874042120884,False,False,False,False,43596.76728517142,False,False,False,False
2024-09-03 17:00:00+00:00,6.805,6.825,6.74,6.78,100764.0,,,,,7.138711654628239,7.3249617405834,7.3249617405834,7.80143837059465,,,,,,7.397518376597422,,"rgba(239, 83, 80, 1.0)",0.44886279731205697,7.489137504733211,-1.579853596644158,41.56365676014216,-3.3183107856289027,False,True,False,True,False,0.0,0.0,0.0,0.0,0.0,0,0.8362208362208363,0.8683298683298686,False,False,False,False,-0.34282825441539394,-0.28000648795158123,False,False,False,False,-549705.0,-18388.069793405833,False,False,False,False,44483.08097067264,False,False,False,False
2024-09-04 17:00:00+00:00,6.77,6.78,6.665,6.67,43920.0,,,,,7.090302867041937,7.311562162595752,7.311562162595752,7.788087611689348,,,,,,7.375378700980698,,"rgba(239, 83, 80, 1.0)",0.4553637987249127,7.472409134072876,-1.7621276357930578,36.156686598135764,-8.137370899882463,False,True,False,True,False,0.0,0.0,0.0,0.0,0.0,0,0.8371448371448372,0.8669438669438672,False,False,False,False,-0.34282825441539394,-0.31141737118348756,False,False,False,False,-593625.0,-27306.47181211272,False,False,False,False,44474.35103314283,False,False,False,False
2024-09-05 17:00:00+00:00,6.665,6.665,6.57,6.58,28995.0,,,,,7.056997092633357,7.301622209618093,7.301622209618093,7.7786530389544355,,,,,,7.3597236377059945,,"rgba(239, 83, 80, 1.0)",0.46545949398474395,7.460370737713813,-1.8914013981690705,31.863690983320005,-11.853042222734103,False,True,False,True,False,0.0,0.0,0.0,0.0,0.0,0,0.832217862912532,0.8721440110777755,False,False,False,False,-0.34282825441539394,-0.3271228127994408,False,False,False,False,-622620.0,-36536.1389158009,False,False,False,False,44234.3610946445,False,False,False,False
2024-09-06 17:00:00+00:00,6.41,6.44,6.365,6.4,52263.0,,,,,6.984855296684102,7.279366012938907,7.279366012938907,7.75914075528558,,,,,,7.325682019461874,,"rgba(239, 83, 80, 1.0)",0.4778973465859241,7.434095014247276,-2.163843389453408,27.799518832369852,-15.392640283490039,False,True,False,True,False,0.0,0.0,0.0,0.0,0.0,0,0.8273018781493359,0.8779202931745308,False,False,False,False,-0.34282825441539394,-0.3349755336074174,False,False,False,False,-674883.0,-46432.98947524584,False,False,False,False,44358.836116432954,False,False,False,False
2024-09-09 17:00:00+00:00,6.435,6.44,6.315,6.33,87178.0,,,,,6.888173785274943,7.243009088716746,7.243009088716746,7.726871507314478,,,,,,7.275265867505728,,"rgba(239, 83, 80, 1.0)",0.4908869340102408,7.393137467923577,-2.165748147416361,24.67382229902928,-18.142353381137855,False,True,False,True,False,0.0,0.0,0.0,0.0,0.0,0,0.8224621038125862,0.8803399173174096,False,False,False,False,-0.34282825441539394,-0.3389018940114057,False,False,False,False,-762061.0,-57527.997390358316,False,False,False,False,45022.69912237973,False,False,False,False
2024-09-10 17:00:00+00:00,6.135,6.275,6.11,6.27,124353.0,,,,,6.7668003163899115,7.18820053391327,7.18820053391327,7.678768017533465,,,,,,7.2054923504374795,,"rgba(239, 83, 80, 1.0)",0.49999794594171887,7.241021290366624,-1.9420505589033146,22.23580543909252,-20.38329212903089,False,True,False,True,False,0.0,0.0,0.0,0.0,0.0,0,0.816522136010954,0.8861250570515748,False,False,False,False,-0.34282825441539394,-0.34086507421339984,False,False,False,False,-886414.0,-70378.94316725199,False,False,False,False,46252.62626776919,False,False,False,False
2024-09-11 17:00:00+00:00,6.25,6.295,6.22,6.24,38650.0,,,,,6.739335863678626,7.172885501159229,7.172885501159229,7.66476294815339,,,,,,7.187467453537618,,"rgba(239, 83, 80, 1.0)",0.5113464825587606,7.226971051878031,-1.9301414706898157,20.428606340942665,-22.178877422932842,False,True,False,True,False,0.0,0.0,0.0,0.0,0.0,0,0.8204426192105864,0.8868355007985401,False,False,False,False,-0.3269297586805801,-0.33389741644699,False,False,False,False,-925064.0,-83629.874280938,False,False,False,False,46134.75609307509,False,False,False,False
2024-09-12 17:00:00+00:00,6.365,6.375,6.295,6.345,60157.0,,,,,6.70860935016875,7.152171259456451,7.152171259456451,7.644807207612762,,,,,,7.164439769173604,,"rgba(239, 83, 80, 1.0)",0.5153163115028401,7.209902757127723,-1.6783919659080233,22.277199781874696,-22.178877422932842,False,True,False,True,False,0.0,0.0,0.0,0.0,0.0,0,0.8223338661794931,0.8842201415848372,False,False,False,False,-0.3081795753135528,-0.3210384958802714,False,False,False,False,-864907.0,-95742.6979354971,False,False,False,False,46352.15522341501,False,False,False,False
2024-09-13 17:00:00+00:00,6.245,6.245,6.175,6.19,116529.0,,,,,6.643305442795562,7.108644027484109,7.108644027484109,7.6039881834589345,,,,,,7.116145420305679,,"rgba(239, 83, 80, 1.0)",0.516998597241366,7.167480095027191,-1.890682296321288,22.171042278630217,-22.178877422932842,False,True,False,True,False,0.0,0.0,0.0,0.0,0.0,0,0.8101208114884889,0.8887622521085028,False,False,False,False,-0.3385317531176609,-0.32978512449896613,False,False,False,False,-981436.0,-109474.37703727234,False,False,False,False,47440.1683207264,False,False,False,False
2024-09-16 17:00:00+00:00,6.195,6.28,6.185,6.28,40027.0,,,,,6.626516190957617,7.095297960243546,7.095297960243546,7.590928878428936,,,,,,7.102010247468412,,"rgba(239, 83, 80, 0.75)",0.5272865094643076,7.1551709978686455,-1.6597636809592724,24.486405186022775,-22.178877422932842,False,True,False,True,True,0.0,0.0,0.0,0.0,0.0,0,0.8150262617035854,0.8853619547841975,False,False,False,False,-0.333025296009377,-0.3314052102541716,False,False,False,False,-941409.0,-122372.5882459968,False,False,False,False,47325.23547854459,False,False,False,False
2024-09-17 17:00:00+00:00,6.355,6.455,6.33,6.44,74793.0,,,,,6.610461578319101,7.075945761643208,7.075945761643208,7.570018244722473,,,,,,7.083092836581997,,"rgba(239, 83, 80, 0.75)",0.5371539699074905,7.13970291912906,-1.30261146398967,29.692595883180104,-27.063032245117938,False,True,False,True,True,0.0,0.0,0.0,0.0,0.0,0,0.8167990919409763,0.8799091940976167,False,False,False,False,-0.29440332078115883,-0.3129042655176652,False,False,False,False,-866616.0,-133911.2457925705,False,False,False,False,47751.09229283073,False,False,False,False
2024-09-18 17:00:00+00:00,6.415,6.565,6.4,6.4,82900.0,,,,,6.598738394551884,7.057144363770375,7.057144363770375,7.548585524930177,,,,,,7.065403161755702,,"rgba(239, 83, 80, 0.75)",0.5471524401780389,7.073331359025778,-1.230610172928555,32.60490956530103,-24.22417687205332,False,True,False,True,True,0.0,0.0,0.0,0.0,0.0,0,0.8239436619718311,0.874375283961836,False,False,False,False,-0.27305447243270337,-0.2929793689751843,False,False,False,False,-949516.0,-146556.2807415229,False,False,False,False,48296.036598368235,False,False,False,False
2024-09-19 17:00:00+00:00,6.515,6.525,6.435,6.475,107550.0,,,,,6.58800869728531,7.035266959250426,7.035266959250426,7.522545584824488,,,,,,7.045272050152662,,"rgba(239, 83, 80, 0.75)",0.5529555559417376,7.058073743529605,-1.0544676462045377,36.20855547485603,-20.754745413755682,False,True,False,True,True,0.0,0.0,0.0,0.0,0.0,0,0.8213552361396306,0.8767967145790557,False,False,False,False,-0.27364414518338204,-0.28331175707928313,False,False,False,False,-841966.0,-157337.82677653804,False,False,False,False,49214.70269761833,False,False,False,False
2024-09-20 17:00:00+00:00,6.475,6.475,6.42,6.425,33918.0,,,,,6.583962818314088,7.0282549192167325,7.0282549192167325,7.514302302339161,,,,,,7.038693739771678,,"rgba(239, 83, 80, 0.5)",0.5607458594754917,7.0521896813015665,-1.1184918634766647,37.78230655215234,-19.14573465744924,False,False,False,True,True,0.0,0.0,0.0,0.0,0.0,0,0.8223338661794931,0.878511075588034,False,False,False,False,-0.28132697613757596,-0.28231936660842955,False,False,False,False,-875884.0,-168478.07752418861,False,False,False,False,48977.54451625991,False,False,False,False
2024-09-23 17:00:00+00:00,6.385,6.42,6.37,6.385,68042.0,,,,,6.573966092371166,7.013559069710739,7.013559069710739,7.497411290707176,,,,,,7.024623880624956,,"rgba(239, 83, 80, 0.5)",0.5664093878058373,7.038725206002687,-1.154156728466481,38.162827044800956,-18.503578371114948,False,False,False,True,True,0.0,0.0,0.0,0.0,0.0,0,0.818327605956472,0.8838487972508594,False,False,False,False,-0.2938068447209611,-0.2880631056646953,False,False,False,False,-943926.0,-180500.52593466628,False,False,False,False,49273.11746949619,False,False,False,False
2024-09-24 17:00:00+00:00,6.52,6.535,6.495,6.505,80830.0,,,,,6.570342479323779,7.000162534842813,7.000162534842813,7.480101855132627,,,,,,7.012692351035509,,"rgba(239, 83, 80, 0.5)",0.5699735018338846,7.029558731993836,-0.9203212610868279,41.3060229617265,-15.240598921286484,True,False,False,True,True,0.0,0.0,0.0,0.0,0.0,0,0.8135593220338984,0.8834173156207058,False,False,False,False,-0.26540540430881193,-0.27673425498675364,False,False,False,False,-863096.0,-191083.40150157068,False,False,False,False,49762.371462217176,False,False,False,False
2024-09-25 17:00:00+00:00,6.335,6.355,6.305,6.325,35894.0,,,,,6.564249020628418,6.99229257427676,6.99229257427676,7.471190174762717,,,,,,7.005006085986164,,"rgba(239, 83, 80, 0.5)",0.5771650738935186,7.021804100571709,-1.2072873638578174,40.33609511830464,-15.240598921286484,True,False,False,True,True,0.0,0.0,0.0,0.0,0.0,0,0.810485701316387,0.8849296413980939,False,False,False,False,-0.30938281824657754,-0.2930585366166656,False,False,False,False,-898990.0,-202058.6976023215,False,False,False,False,49547.35795117505,False,False,False,False
2024-09-26 17:00:00+00:00,6.08,6.115,6.055,6.07,37730.0,,,,,6.551763087733879,6.9811957739215345,6.9811957739215345,7.459966684221546,,,,,,6.993530329949623,,"rgba(239, 83, 80, 0.5)",0.5925321825752381,6.942657902175135,-1.4727603459147591,36.67602814923675,-15.240598921286484,False,False,False,True,False,0.0,0.0,0.0,0.0,0.0,0,0.8089028776978419,0.8898381294964034,False,False,False,False,-0.34282825441539394,-0.3179433955160298,False,False,False,False,-936720.0,-213448.7953139134,False,False,False,False,49364.14309921885,False,False,False,False
2024-09-27 17:00:00+00:00,6.125,6.165,6.105,6.15,81220.0,,,,,6.530110204395229,6.95973172950242,6.95973172950242,7.437434511640753,,,,,,6.971752043760206,,"rgba(239, 83, 80, 0.5)",0.6060773818521694,6.924237130793692,-1.277455905758481,36.042678976458696,-15.240598921286484,False,False,False,True,False,0.0,0.0,0.0,0.0,0.0,0,0.8074124602091863,0.8913142337426105,False,False,False,False,-0.3310045015502368,-0.32447394853313327,False,False,False,False,-855500.0,-223403.07755710854,False,False,False,False,49858.03235349452,False,False,False,False
2024-09-30 17:00:00+00:00,6.155,6.185,6.11,6.15,45882.0,,,,,6.519096232869681,6.948202172788487,6.948202172788487,7.425122229704624,,,,,,6.960155702037819,,"rgba(239, 83, 80, 0.5)",0.6188642023100773,6.913728313387513,-1.2340806117669938,35.62044619460666,-15.240598921286484,False,False,False,True,False,0.0,0.0,0.0,0.0,0.0,0,0.8034934497816596,0.8958860032176514,False,False,False,False,-0.3280625806328734,-0.32626826458300334,False,False,False,False,-855500.0,-233203.02984304482,False,False,False,False,49796.38844103724,False,False,False,False
2024-10-01 17:00:00+00:00,6.445,6.47,6.4,6.44,49300.0,,,,,6.516617875399616,6.940509484832799,6.940509484832799,7.415081182417385,,,,,,6.95317950687065,,"rgba(239, 83, 80, 0.5)",0.6242115747806005,6.913399313319265,-0.758395602461643,40.9994313086371,-14.809241871638434,True,False,False,True,True,0.0,0.0,0.0,0.0,0.0,0,0.8050557959462539,0.8947847870644502,False,False,False,False,-0.2617820001404716,-0.29402513236173744,False,False,False,False,-806200.0,-242086.7037989666,False,False,False,False,49788.69249621496,False,False,False,False
2024-10-02 17:00:00+00:00,6.365,6.44,6.335,6.41,71473.0,,,,,6.5115381061829325,6.928870021432497,6.928870021432497,7.400276386135726,,,,,,6.942388633795914,,"rgba(239, 83, 80, 0.5)",0.6296400730747755,6.908004888909558,-0.7909358222350877,44.07804556154291,-11.86633363322224,True,False,False,True,True,0.0,0.0,0.0,0.0,0.0,0,0.8003180372557931,0.8955020445252161,False,False,False,False,-0.2725646368152257,-0.28329488458848157,False,False,False,False,-877673.0,-251940.75490285858,False,False,False,False,50124.88331022713,False,False,False,False
2024-10-03 17:00:00+00:00,6.515,6.595,6.5,6.59,80907.0,,,,,6.513801251725646,6.920210050148918,6.920210050148918,7.3867215391464205,,,,,,6.935235722792475,,#000000,0.6315331480746708,6.90826360357992,-0.50395391682954,48.8779761947313,-7.3954727448354305,True,False,False,False,True,0.0,0.0,0.0,0.0,0.0,0,0.8057944771389769,0.8913535536441831,False,False,False,False,-0.23647497589614364,-0.25988493024231263,False,False,False,False,-796766.0,-260387.65792762046,False,False,False,False,50602.12542944841,False,False,False,False
2024-10-04 17:00:00+00:00,6.625,6.675,6.59,6.615,61317.0,,,,,6.5175352311396955,6.91505558998379,6.91505558998379,7.377523679679192,,,,,,6.9312925226966176,,"rgba(38, 166, 154, 1.0)",0.6335572885207972,6.909217099848972,-0.46438910131694194,52.427088709539625,-4.160938160598292,True,False,True,False,True,0.0,0.0,0.0,0.0,0.0,0,0.8097285067873305,0.8866515837104074,False,False,False,False,-0.21755106176249098,-0.2387179960024018,False,False,False,False,-735449.0,-267752.95005277364,False,False,False,False,50768.24751581355,False,False,False,False
2024-10-07 17:00:00+00:00,6.725,6.725,6.645,6.695,63041.0,,,,6.688333333333333,6.523153596800466,6.911035120324659,6.911035120324659,7.369054270291921,,,,,,6.880522288215007,,"rgba(38, 166, 154, 1.0)",0.6303394409449542,6.896285767882281,-0.3193291658547169,55.916415476109826,-0.9583528714451433,True,False,True,False,True,0.0,0.0,0.0,0.0,0.0,0,0.8162014976174271,0.8822328114363516,False,False,False,False,-0.20593975338594495,-0.22232887469417337,False,False,False,False,-672408.0,-274026.6717573818,False,False,False,False,50958.52274812651,False,False,False,False
2024-10-08 17:00:00+00:00,6.47,6.565,6.47,6.545,44905.0,,,,6.621080802747052,6.523234028382168,6.9062405405095095,6.9062405405095095,7.3617443536069365,,,,,,6.863708053151035,,"rgba(38, 166, 154, 1.0)",0.6285462062039033,6.889356375768494,-0.5478616724906031,55.11080580723824,-0.9583528714451433,True,False,True,False,True,0.0,0.0,0.0,0.0,0.0,0,0.804407087687415,0.893457519309405,False,False,False,False,-0.24319323674834714,-0.23276105572126027,False,False,False,False,-717313.0,-280899.32800920535,False,False,False,False,50864.66968226408,False,False,False,False
2024-10-09 17:00:00+00:00,6.505,6.505,6.46,6.47,50839.0,,,,6.575376620377659,6.522099588441374,6.900281663964484,6.900281663964484,7.353149870883613,,,,,,6.850237881526323,,"rgba(38, 166, 154, 0.75)",0.6278678850531115,6.882408332456441,-0.6568393483313061,53.191396714748684,-0.9583528714451433,True,False,True,False,False,0.0,0.0,0.0,0.0,0.0,0,0.8065693430656935,0.8886861313868616,False,False,False,False,-0.25105855786806663,-0.24190980679466345,False,False,False,False,-768152.0,-288453.63300131063,False,False,False,False,50864.271702694095,False,False,False,False
2024-10-10 17:00:00+00:00,6.475,6.515,6.45,6.47,103311.0,,,,6.537124838481573,6.5199622508290815,6.888669734277165,6.888669734277165,7.336190050350057,,,,,,6.834123321643008,,#000000,0.6255639833760279,6.871999992064018,-0.6426201040132059,51.91179065308898,-0.9583528714451433,True,False,False,False,False,0.0,0.0,0.0,0.0,0.0,0,0.8117376294591485,0.8810126582278484,False,False,False,False,-0.25105855786806663,-0.24648418233136504,False,False,False,False,-768152.0,-295890.8169857864,False,False,False,False,51677.39927319496,False,False,False,False
2024-10-11 17:00:00+00:00,6.435,6.475,6.425,6.45,82822.0,,,,6.516204349053011,6.517326414871473,6.879200721210232,6.879200721210232,7.322627778352656,,,,,,6.82291199693952,,#000000,0.6235351699047087,6.863554625864574,-0.6632418600025001,50.63931725826686,-0.9583528714451433,True,False,False,False,False,0.0,0.0,0.0,0.0,0.0,0,0.8109854604200323,0.8811447034387264,False,False,False,False,-0.25838939564050895,-0.252436788985937,False,False,False,False,-850974.0,-304496.7578077122,False,False,False,False,52160.26129996713,False,False,False,False
2024-10-14 17:00:00+00:00,6.345,6.355,6.275,6.3,16509.0,,,,6.506785496564082,6.5157810358658095,6.8767621080953845,6.8767621080953845,7.319548083813028,,,,,,6.819127766486737,,"rgba(239, 83, 80, 0.5)",0.6234269718172087,6.860703163988559,-0.899388684378191,46.9529876257254,3.2102705118502257,True,False,False,True,False,0.0,0.0,0.0,0.0,0.0,0,0.8055747523612069,0.8845888044229442,False,False,False,False,-0.289143343231992,-0.2707900661089645,False,False,False,False,-867483.0,-313225.22667891043,False,False,False,False,51607.528566634304,False,False,False,False
2024-10-15 17:00:00+00:00,6.175,6.175,6.125,6.13,73934.0,,,,6.445063219565678,6.503749848535427,6.862954924982479,6.862954924982479,7.303743151631623,,,,,,6.795693213939538,,"rgba(239, 83, 80, 0.5)",0.6207852336406623,6.842633228590636,-1.147954542042377,42.065906188331205,-1.472111745717548,False,False,False,True,False,0.0,0.0,0.0,0.0,0.0,0,0.8084176632934682,0.8815547378104878,False,False,False,False,-0.32747485534567705,-0.2991324607273208,False,False,False,False,-941417.0,-322964.63401722186,False,False,False,False,51953.67541056246,False,False,False,False
2024-10-16 17:00:00+00:00,6.105,6.13,6.075,6.08,36411.0,,,,6.418045609602378,6.497349043978771,6.855900471137766,6.855900471137766,7.295796869769695,,,,,,6.784598493125275,,"rgba(239, 83, 80, 0.5)",0.6164004782197484,6.833659976891886,-1.2226790917952606,38.18966387529929,-5.088201634995407,False,False,False,True,False,0.0,0.0,0.0,0.0,0.0,0,0.800232288037166,0.8873403019744486,False,False,False,False,-0.33867958867283915,-0.31890602470008,False,False,False,False,-977828.0,-333117.55442005565,False,False,False,False,51712.70369877079,False,False,False,False
2024-10-17 17:00:00+00:00,6.085,6.105,6.06,6.1,63376.0,,,,6.378998756730224,6.486496531439634,6.843821017979626,6.843821017979626,7.282136735445551,,,,,,6.767054811914932,,"rgba(239, 83, 80, 1.0)",0.6103069896548837,6.818915468070183,-1.177957126915285,36.189669831782304,-6.990584102546315,False,True,False,True,False,0.0,0.0,0.0,0.0,0.0,0,0.7975302889095994,0.8914259086672883,False,False,False,False,-0.34282825441539394,-0.33086713955773694,False,False,False,False,-914452.0,-342130.49156083,False,False,False,False,51893.52999801465,False,False,False,False
2024-10-18 17:00:00+00:00,5.985,6.03,5.985,6.03,66713.0,,,,6.338651485420498,6.473685302951809,6.8303145516408,6.8303145516408,7.267224295195467,,,,,,6.748038037369875,,"rgba(239, 83, 80, 1.0)",0.6105062365486935,6.802490352597691,-1.2653275369711603,33.88801443936382,-9.272392389731507,False,True,False,True,False,0.0,0.0,0.0,0.0,0.0,0,0.792797006548176,0.8994387277829751,False,False,False,False,-0.34282825441539394,-0.33684769698656547,False,False,False,False,-981165.0,-352038.0033195768,False,False,False,False,52123.289222851636,False,False,False,False
2024-10-21 17:00:00+00:00,6.015,6.035,5.99,6.0,54033.0,,,,6.311439648276499,6.463664821926887,6.81960683460869,6.81960683460869,7.255338124381562,,,,,,6.733931252760465,,"rgba(239, 83, 80, 1.0)",0.6096232775579725,6.789925227293081,-1.2957596213474019,31.946549456694598,-11.280592453620699,False,True,False,True,False,0.0,0.0,0.0,0.0,0.0,0,0.7930308699719363,0.8982694106641724,False,False,False,False,-0.3416705140705777,-0.3392591055285716,False,False,False,False,-1035198.0,-362629.6311750872,False,False,False,False,52152.89714187719,False,False,False,False
2024-10-22 17:00:00+00:00,6.125,6.145,6.1,6.115,32534.0,,,,6.302392518413931,6.459266106466823,6.814162130411631,6.814162130411631,7.248920187051101,,,,,,6.727780614551023,,"rgba(239, 83, 80, 1.0)",0.6096495300986736,6.784157976575409,-1.0976109117431845,34.30689185271797,-11.280592453620699,False,True,False,True,False,0.0,0.0,0.0,0.0,0.0,0,0.7922626025791323,0.902227432590856,False,False,False,False,-0.31641604638344695,-0.32783757595600926,False,False,False,False,-1002664.0,-372552.64464524086,False,False,False,False,51848.728193941104,False,False,False,False
2024-10-23 17:00:00+00:00,6.005,6.03,5.97,6.03,47761.0,,,,6.283423260421802,6.450980091329704,6.805078360419615,6.805078360419615,7.238723470349188,,,,,,6.716656708587985,,"rgba(239, 83, 80, 1.0)",0.6068362647800772,6.773926513007185,-1.2259097819026847,34.41719387550839,-11.280592453620699,False,True,False,True,False,0.0,0.0,0.0,0.0,0.0,0,0.7817247020331851,0.9065202150035058,False,False,False,False,-0.34282825441539394,-0.33533291518570163,False,False,False,False,-1050425.0,-383062.2935654697,False,False,False,False,51785.352563027285,False,False,False,False
2024-10-24 17:00:00+00:00,6.055,6.15,6.055,6.145,88925.0,,,,6.2654514042908,6.439881105850739,6.7908981715264325,6.7908981715264325,7.221788760963498,,,,,,6.7017835228315805,,"rgba(239, 83, 80, 0.5)",0.5952289437649004,6.759499657740212,-1.0323752972317217,37.675490867136176,-11.280592453620699,False,False,False,True,True,0.0,0.0,0.0,0.0,0.0,0,0.7812720018774933,0.9087068763201128,False,False,False,False,-0.31668942023534175,-0.3260111677105217,False,False,False,False,-961500.0,-392030.320021819,False,False,False,False,52361.161050422204,False,False,False,False
2024-10-25 17:00:00+00:00,6.225,6.27,6.195,6.255,55377.0,,,,6.263850681040463,6.435832369506646,6.783921067338874,6.783921067338874,7.212647128338718,,,,,,6.696034462712714,,"rgba(239, 83, 80, 0.5)",0.5838388414560786,6.721332130464945,-0.7987343378901018,42.37610694451578,-14.025880099670083,True,False,False,True,True,0.0,0.0,0.0,0.0,0.0,0,0.7938586050940251,0.9016900737919545,False,False,False,False,-0.28346678681941984,-0.3047389772649708,False,False,False,False,-906123.0,-400000.74916876754,False,False,False,False,52407.918243438915,False,False,False,False
2024-10-28 17:00:00+00:00,6.055,6.065,6.01,6.04,77725.0,,,,6.245558003971267,6.424843820707335,6.770898946754686,6.770898946754686,7.19749818923506,,,,,,6.681939581484608,,"rgba(239, 83, 80, 0.5)",0.5751840676789428,6.701196468490364,-1.1495389139662886,41.53859708131926,-14.025880099670083,True,False,False,True,True,0.0,0.0,0.0,0.0,0.0,0,0.7983677388382139,0.8953432549207875,False,False,False,False,-0.33310519322204496,-0.31892208524350785,False,False,False,False,-983848.0,-409052.644530492,False,False,False,False,52800.43113888947,False,False,False,False
2024-10-29 17:00:00+00:00,5.935,5.96,5.915,5.955,59703.0,,,,6.227831918191263,6.414831839944574,6.759943423538885,6.759943423538885,7.1851925032306,,,,,,6.6695486216888415,,"rgba(239, 83, 80, 0.5)",0.5670706694444061,6.686612389251091,-1.2901608717796964,39.74663569938787,-14.025880099670083,False,False,False,True,False,0.0,0.0,0.0,0.0,0.0,0,0.7881355932203388,0.907990314769976,False,False,False,False,-0.34282825441539394,-0.33087516982945087,False,False,False,False,-1043551.0,-418889.8283362208,False,False,False,False,52907.44771037955,False,False,False,False
2024-10-30 17:00:00+00:00,5.995,6.075,5.99,6.035,55701.0,,,,6.217741042764974,6.407571955646858,6.751078645034101,6.751078645034101,7.1747438596839785,,,,,,6.660442829632802,,"rgba(239, 83, 80, 0.5)",0.5615734250404787,6.677707207347433,-1.144475822197438,40.45650340446879,-14.025880099670083,True,False,False,True,False,0.0,0.0,0.0,0.0,0.0,0,0.7954490438150568,0.8992979908012588,False,False,False,False,-0.3188355156982731,-0.32485534276386197,False,False,False,False,-987850.0,-427710.9162689926,False,False,False,False,52950.75859859072,False,False,False,False
2024-10-31 17:00:00+00:00,5.125,5.295,5.1,5.155,254669.0,,,,6.019417050807466,6.309581444401281,6.668249804903128,6.668249804903128,7.095441505863844,,,,,,6.552187922175769,,"rgba(239, 83, 80, 1.0)",0.5777698815584091,6.555858184720455,-2.4245953785994225,33.59411897721356,-10.188235429839345,False,True,False,True,False,0.0,0.0,0.0,0.0,0.0,0,0.7887092996017803,0.9107519325368941,False,False,False,False,-0.34282825441539394,-0.3338417985896279,False,False,False,False,-1242519.0,-440343.59973769035,False,False,False,False,56078.17319396141,False,False,False,False
2024-11-01 17:00:00+00:00,5.025,5.025,4.9,4.965,138687.0,,,,5.9195755520199365,6.253350781642697,6.620568313429221,6.620568313429221,7.050185457868204,,,,,,6.492849683677856,,"rgba(239, 83, 80, 1.0)",0.5993995644291207,6.356294768896489,-2.321147447315188,28.26946887774096,-15.047475360137767,False,True,False,True,False,0.0,0.0,0.0,0.0,0.0,0,0.782740172133054,0.917655268667132,False,False,False,False,-0.34282825441539394,-0.3383350265025109,False,False,False,False,-1381206.0,-454930.6136952455,False,False,False,False,57358.93019870619,False,False,False,False
2024-11-04 17:00:00+00:00,5.24,5.25,5.115,5.135,269857.0,,,,5.8025938197090134,6.171671105093555,6.545532815470625,6.545532815470625,6.975478885860306,,,,,,6.408161888320825,,"rgba(239, 83, 80, 1.0)",0.6108414518344844,6.286340644857447,-1.8848436716266235,27.528530769886167,-15.683779379420457,False,True,False,True,False,0.0,0.0,0.0,0.0,0.0,0,0.792465911717125,0.9075571989831294,False,False,False,False,-0.30143521789603156,-0.31988512219927123,False,False,False,False,-1111349.0,-465107.6429402805,False,False,False,False,60653.47391655571,False,False,False,False
2024-11-05 17:00:00+00:00,5.265,5.32,5.225,5.305,168216.0,,,,5.756743071525543,6.131912016347865,6.506192152513934,6.506192152513934,6.934651348580517,,,,,,6.367138148296358,,"rgba(239, 83, 80, 1.0)",0.6161949132954216,6.252954360214938,-1.5384001713763926,29.578535718924094,-15.683779379420457,False,True,False,True,False,0.0,0.0,0.0,0.0,0.0,0,0.7928094030882689,0.904355842359991,False,False,False,False,-0.284793678210988,-0.3023394002051296,False,False,False,False,-943133.0,-472518.8887861676,False,False,False,False,62321.10997986492,False,False,False,False
2024-11-06 17:00:00+00:00,5.295,5.385,5.285,5.35,172774.0,,,,5.722090279906741,6.0971081646454985,6.470017050915212,6.470017050915212,6.89608921573636,,,,,,6.331064352423804,,"rgba(239, 83, 80, 0.75)",0.6223398379292898,6.223670980519463,-1.4038487129900399,31.604345416682,-15.683779379420457,False,True,False,True,True,0.0,0.0,0.0,0.0,0.0,0,0.8027289546716004,0.8987049028677153,False,False,False,False,-0.2733272768648501,-0.2878333385349898,False,False,False,False,-770359.0,-477136.5649290177,False,False,False,False,64033.55788715384,False,False,False,False
2024-11-07 17:00:00+00:00,5.385,5.415,5.355,5.39,68589.0,,,,5.7113717551274705,6.084925483220265,6.4568384524769336,6.4568384524769336,6.881736539930873,,,,,,6.318342136646495,,"rgba(239, 83, 80, 0.75)",0.6302853493629708,6.213480157262264,-1.3065195916334653,33.57585753684238,-15.683779379420457,False,True,False,True,True,0.0,0.0,0.0,0.0,0.0,0,0.811382113821138,0.8931475029036006,False,False,False,False,-0.2642045213024194,-0.2760189299187046,False,False,False,False,-701770.0,-480619.25384484685,False,False,False,False,64104.18489665532,False,False,False,False
2024-11-08 17:00:00+00:00,5.195,5.29,5.19,5.28,69807.0,,,,5.696944350565834,6.070661024946952,6.442120449845263,6.442120449845263,6.866128592876192,,,,,,6.303594973615901,,"rgba(239, 83, 80, 0.75)",0.637030851926566,6.200375671731456,-1.4447897914959271,33.862080222553764,-15.683779379420457,False,True,False,True,True,0.0,0.0,0.0,0.0,0.0,0,0.8071395456652759,0.895456652758461,False,False,False,False,-0.2907849756242234,-0.28340195277146396,False,False,False,False,-771577.0,-485130.2266534539,False,False,False,False,64192.60063469168,False,False,False,False
2024-11-11 17:00:00+00:00,5.215,5.24,5.2,5.2,94846.0,,,,5.677096976934875,6.051135337094678,6.422036886126116,6.422036886126116,6.8448812941178,,,,,,6.283437476079917,,"rgba(239, 83, 80, 0.75)",0.6456624295813973,6.182078995139145,-1.521040949797647,33.32951517401948,-15.683779379420457,False,True,False,True,True,0.0,0.0,0.0,0.0,0.0,0,0.8014002333722285,0.9036172695449243,False,False,False,False,-0.29448202133266893,-0.2889419870520664,False,False,False,False,-866423.0,-491041.7425192918,False,False,False,False,64667.8471364794,False,False,False,False
2024-11-12 17:00:00+00:00,5.135,5.175,5.105,5.165,76640.0,,,,5.660124844428714,6.034821028294178,6.405434487745995,6.405434487745995,6.827439176324169,,,,,,6.26665080490781,,"rgba(239, 83, 80, 0.75)",0.6535826284810757,6.16643946916694,-1.5322308542598249,32.65090802545339,-15.683779379420457,False,True,False,True,True,0.0,0.0,0.0,0.0,0.0,0,0.804312163112257,0.9050855401921726,False,False,False,False,-0.30934989923936657,-0.2991459431457165,False,False,False,False,-943063.0,-498049.82403062057,False,False,False,False,64853.46190955724,False,False,False,False
2024-11-13 17:00:00+00:00,5.125,5.18,5.125,5.15,61645.0,,,,5.647328018998237,6.022168187049856,6.392425834893591,6.392425834893591,6.813695152558229,,,,,,6.253608605678701,,"rgba(239, 83, 80, 0.75)",0.6521400805690937,6.15433795907567,-1.5400647636919187,32.04935621258035,-15.683779379420457,False,True,False,True,True,0.0,0.0,0.0,0.0,0.0,0,0.8060192805078769,0.902892076181519,False,False,False,False,-0.30701819020483556,-0.30308206667527604,False,False,False,False,-1004708.0,-505904.98954952566,False,False,False,False,64803.71831406023,False,False,False,False
2024-11-14 17:00:00+00:00,5.245,5.31,5.21,5.3,210802.0,,,,5.617691055498582,5.987194450198716,6.35408018913161,6.35408018913161,6.771672276423121,,,,,,6.216943632076728,,"rgba(239, 83, 80, 0.75)",0.6556734382736857,6.1220892493642225,-1.2538089868772038,34.842421656269124,-20.007591997109593,False,True,False,True,True,0.0,0.0,0.0,0.0,0.0,0,0.803680981595092,0.903020292590845,False,False,False,False,-0.28557345924632904,-0.29432776296080254,False,False,False,False,-793906.0,-510370.12149449426,False,False,False,False,67067.25756500503,False,False,False,False
2024-11-15 17:00:00+00:00,5.245,5.255,5.18,5.2,35086.0,,,,5.61240552163977,5.98121240681191,6.347601863728213,6.347601863728213,6.764620788188763,,,,,,6.210688488819374,,"rgba(239, 83, 80, 0.75)",0.6675622115625519,6.1164175276985215,-1.3727822093966013,35.43581149923327,-19.153420808128914,False,True,False,True,True,0.0,0.0,0.0,0.0,0.0,0,0.8037272941731541,0.9009200283085634,False,False,False,False,-0.29251934237935323,-0.2934235526700779,False,False,False,False,-828992.0,-515309.9955798509,False,False,False,False,66571.42411438479,False,False,False,False
2024-11-18 17:00:00+00:00,5.315,5.335,5.275,5.29,57682.0,,,,5.605859681114355,5.972682024975959,6.3379255028301005,6.3379255028301005,6.753817129428928,,,,,,6.201641968235888,,"rgba(239, 83, 80, 0.5)",0.6772232854667338,6.108539094536494,-1.2086694478799067,37.66982388169244,-16.792340310170587,False,False,False,True,True,0.0,0.0,0.0,0.0,0.0,0,0.8148502994011976,0.8934131736526947,False,False,False,False,-0.2755944212321241,-0.284508986951101,False,False,False,False,-771310.0,-519278.98789644236,False,False,False,False,66433.60358547959,False,False,False,False
2024-11-19 17:00:00+00:00,5.245,5.26,5.195,5.26,75575.0,,,,5.596039687183466,5.960828199375553,6.324777462171401,6.324777462171401,6.739310795150449,,,,,,6.189146721210454,,"rgba(239, 83, 80, 0.5)",0.6861816598177548,6.097322394904013,-1.2202634432497075,38.71528349715135,-15.59161649466359,False,False,False,True,True,0.0,0.0,0.0,0.0,0.0,0,0.8138246628131021,0.8901734104046245,False,False,False,False,-0.2905769661854107,-0.28754297656825584,False,False,False,False,-846885.0,-524358.1508747921,False,False,False,False,66575.33066167371,False,False,False,False
2024-11-20 17:00:00+00:00,5.295,5.375,5.29,5.37,76389.0,,,,5.589438160009142,5.950941763285821,6.3130772940327375,6.3130772940327375,6.725949856739874,,,,,,6.1784968736200625,,"rgba(239, 83, 80, 0.5)",0.693325339957372,6.088241848044447,-1.035937685601693,41.687767800259756,-12.644735534162649,True,False,False,True,True,0.0,0.0,0.0,0.0,0.0,0,0.8125151002657645,0.8924861077554965,False,False,False,False,-0.2703072315979616,-0.2789251040831087,False,False,False,False,-770496.0,-528174.241558904,False,False,False,False,66727.48057389581,False,False,False,False
2024-11-21 17:00:00+00:00,5.475,5.475,5.39,5.4,126462.0,,,5.421666666666667,5.582439051827141,5.937239280871954,6.295796260907545,6.295796260907545,6.705582108617939,,,,,,6.039753271633131,,"rgba(239, 83, 80, 0.5)",0.6977545258745059,5.992552183361121,-0.8492272875170049,44.265967843663944,-10.167441500990762,True,False,False,True,True,0.0,0.0,0.0,0.0,0.0,0,0.8170673076923076,0.884615384615385,False,False,False,False,-0.25120252112712754,-0.26506381260511813,False,False,False,False,-644034.0,-529970.5168835721,False,False,False,False,67653.5971541455,False,False,False,False
2024-11-22 17:00:00+00:00,5.425,5.445,5.41,5.425,105501.0,,,5.423940757793269,5.577199987758408,5.926445047843294,6.281963612238468,6.281963612238468,6.689135053018904,,,,,,6.030108011815135,,"rgba(239, 83, 80, 0.5)",0.7000754463846084,5.983867839187839,-0.7982965865664825,46.50814684207624,-8.036723875182183,True,False,False,True,True,0.0,0.0,0.0,0.0,0.0,0,0.8160445952496365,0.8894813378574892,False,False,False,False,-0.2521533949803125,-0.25860860379271533,False,False,False,False,-538533.0,-530103.2685597958,False,False,False,False,68240.37859361611,False,False,False,False
2024-11-25 17:00:00+00:00,5.335,5.375,5.305,5.345,158598.0,,,5.390531107816704,5.5658646100905935,5.90843234253565,6.2599921690808635,6.2599921690808635,6.663579211653753,,,,,,6.008065268376405,,"rgba(239, 83, 80, 0.5)",0.7004450772946328,5.966215981398113,-0.8868874970147119,46.29427121553363,-8.036723875182183,True,False,False,True,True,0.0,0.0,0.0,0.0,0.0,0,0.8168328873753345,0.8873753344684993,False,False,False,False,-0.2688678394142351,-0.2637382216034752,False,False,False,False,-697131.0,-532692.8457914268,False,False,False,False,69641.27194875384,False,False,False,False
2024-11-26 17:00:00+00:00,5.225,5.235,5.17,5.19,86381.0,,,5.3557213490669024,5.556476865358142,5.896715746659155,6.24665060275318,6.24665060275318,6.648598257899135,,,,,,5.991802237414949,,"rgba(239, 83, 80, 0.5)",0.7034582976812159,5.953414973874832,-1.0852313156177822,43.40381666416483,-8.036723875182183,True,False,False,True,False,0.0,0.0,0.0,0.0,0.0,0,0.8087842756612473,0.8927444794952684,False,False,False,False,-0.29543694129448644,-0.2795875814489808,False,False,False,False,-783512.0,-536581.514848924,False,False,False,False,69900.80261621503,False,False,False,False
2024-11-27 17:00:00+00:00,5.23,5.26,5.22,5.245,52663.0,,,5.344379949836828,5.551649699077018,5.890192003417114,6.239009541196276,6.239009541196276,6.639882791570422,,,,,,5.984020587715655,,"rgba(239, 83, 80, 0.5)",0.7034308266829833,5.9468401400622435,-0.9977386737111867,42.8687749928823,-8.036723875182183,True,False,False,True,False,0.0,0.0,0.0,0.0,0.0,0,0.8069790141532454,0.8960468521229872,False,False,False,False,-0.28028112277511785,-0.2799343521120493,False,False,False,False,-730849.0,-539593.4138435144,False,False,False,False,69633.54986247527,False,False,False,False
2024-11-28 17:00:00+00:00,5.245,5.245,5.245,5.245,0.0,,,5.344379949836828,5.551649699077018,5.890192003417114,6.239009541196276,6.239009541196276,6.639882791570422,,,,,,5.984020587715655,,"rgba(239, 83, 80, 0.5)",0.6987039610773665,5.9468401400622435,-1.0044885662019734,42.51208054536062,-8.036723875182183,True,False,False,True,False,0.0,0.0,0.0,0.0,0.0,0,0.8145728643216079,0.8934673366834174,False,False,False,False,-0.2787846365510245,-0.2793594943315369,False,False,False,False,-730849.0,-542558.6167296615,False,False,False,False,68553.9599421268,False,False,False,False
2024-11-29 17:00:00+00:00,5.3,5.315,5.3,5.305,15885.0,,,5.343281716132895,5.550521834251396,5.888444324362304,6.236876216328594,6.236876216328594,6.637396287950691,,,,,,5.982232765892412,,"rgba(239, 83, 80, 0.5)",0.6923357905285725,5.945225735271166,-0.9247329749952378,43.91572394757724,-8.036723875182183,True,False,False,True,False,0.0,0.0,0.0,0.0,0.0,0,0.8202447730749618,0.8873023967363592,False,False,False,False,-0.26492826623463017,-0.27214388028308356,False,False,False,False,-714964.0,-545231.5684082714,False,False,False,False,67737.38691976824,False,False,False,False
2024-12-02 17:00:00+00:00,5.165,5.23,5.16,5.215,77803.0,,,5.325604515051508,5.542828915612792,5.878515388603346,6.225403172461489,6.225403172461489,6.624399945325049,,,,,,5.970359184919279,,"rgba(239, 83, 80, 0.5)",0.6859818241491821,5.935090404127193,-1.04972227947922,42.90565384000982,-8.036723875182183,True,False,False,True,False,0.0,0.0,0.0,0.0,0.0,0,0.8181818181818182,0.8859827323514476,False,False,False,False,-0.2899451311809118,-0.2810445057319977,False,False,False,False,-792767.0,-549069.3270376006,False,False,False,False,67893.44293651602,False,False,False,False
2024-12-03 17:00:00+00:00,5.225,5.25,5.22,5.23,61978.0,,,5.317259227857786,5.537485993873058,5.871169624413541,6.216721238830379,6.216721238830379,6.614440911343941,,,,,,5.9622997058581815,,"rgba(239, 83, 80, 0.5)",0.6807356116532681,5.927920794354053,-1.0252450178991632,42.68331201941181,-8.036723875182183,True,False,False,True,False,0.0,0.0,0.0,0.0,0.0,0,0.8177402862985685,0.891104294478528,False,False,False,False,-0.281011243728499,-0.2810278747302484,False,False,False,False,-730789.0,-551886.6863083354,False,False,False,False,67801.73064292662,False,False,False,False
2024-12-04 17:00:00+00:00,5.105,5.105,5.06,5.085,109601.0,,,5.2850043340311395,5.524032245639982,5.8556203406025285,6.1994485400483095,6.1994485400483095,6.595298874853068,,,,,,5.943142145870556,,"rgba(239, 83, 80, 0.5)",0.67699771114892,5.911445589836291,-1.2207509364156435,39.72886309727736,-6.612002137521856,False,False,False,True,False,0.0,0.0,0.0,0.0,0.0,0,0.8218478815722305,0.8902501276161309,False,False,False,False,-0.3153202089170798,-0.2981740418236641,False,False,False,False,-840390.0,-556359.6059004542,False,False,False,False,68449.78133063318,False,False,False,False
2024-12-05 17:00:00+00:00,5.12,5.185,5.115,5.17,85764.0,,,5.2725056947478866,5.515709283004711,5.844989753362476,6.187159523678,6.187159523678,6.581361060973945,,,,,,5.931480806574171,,"rgba(239, 83, 80, 0.5)",0.6707890875677507,5.900877261898605,-1.0895783420519431,40.32200210964392,-6.612002137521856,False,False,False,True,False,0.0,0.0,0.0,0.0,0.0,0,0.8213552361396304,0.8927104722792613,False,False,False,False,-0.3000499414177337,-0.2991119916206989,False,False,False,False,-754626.0,-559433.5034833929,False,False,False,False,68718.21882938305,False,False,False,False
2024-12-06 17:00:00+00:00,4.975,5.025,4.96,4.98,144900.0,,,5.232354422467861,5.496266888780333,5.823528253717308,6.163756009635353,6.163756009635353,6.55570556659963,,,,,,5.905894525139306,,"rgba(239, 83, 80, 0.5)",0.6625809350528209,5.878185445568166,-1.3555860092723042,37.58922312765533,-8.766858394903572,False,False,False,True,False,0.0,0.0,0.0,0.0,0.0,0,0.8210633946830267,0.8913599182004096,False,False,False,False,-0.3359057490848427,-0.3175088703527708,False,False,False,False,-899526.0,-564706.2553673713,False,False,False,False,69899.33171574921,False,False,False,False
2024-12-09 17:00:00+00:00,5.085,5.085,4.98,4.985,84763.0,,,5.21588828024403,5.486142231043183,5.811874337645673,6.150804257381861,6.150804257381861,6.541341670112108,,,,,,5.892809172301452,,"rgba(239, 83, 80, 1.0)",0.6505860005749576,5.866230337199445,-1.3545178291888458,35.917806040116226,-10.369777418812404,False,True,False,True,False,0.0,0.0,0.0,0.0,0.0,0,0.823243933588761,0.8888888888888894,False,False,False,False,-0.3267236558569204,-0.32211626310484565,False,False,False,False,-814763.0,-568583.1041213656,False,False,False,False,70129.77618527248,False,False,False,False
2024-12-10 17:00:00+00:00,4.965,4.995,4.935,4.94,145592.0,,,5.185837429362899,5.467615056089309,5.791171359577319,6.128086007789015,6.128086007789015,6.516338952395577,,,,,,5.869522468833856,,"rgba(239, 83, 80, 1.0)",0.6420067216397387,5.844841086773948,-1.4093950363368593,34.11864510989372,-12.093680156932137,False,True,False,True,False,0.0,0.0,0.0,0.0,0.0,0,0.8263906856403623,0.889003880983183,False,False,False,False,-0.3422501776146451,-0.33218322035974535,False,False,False,False,-960355.0,-574657.0870032049,False,False,False,False,71299.73314364035,False,False,False,False
2024-12-11 17:00:00+00:00,4.975,5.03,4.945,5.02,153590.0,,,5.165405260281386,5.450908778387238,5.771428076034422,6.105858060592099,6.105858060592099,6.4914860751512915,,,,,,5.848490718506422,,"rgba(239, 83, 80, 1.0)",0.6324465436940933,5.825016116315405,-1.2728603300025023,35.513528526799455,-12.093680156932137,False,True,False,True,False,0.0,0.0,0.0,0.0,0.0,0,0.8322900365153886,0.8834115805946795,False,False,False,False,-0.3370573309073805,-0.3346202756335629,False,False,False,False,-806765.0,-578255.6592977287,False,False,False,False,72575.55123443663,False,False,False,False
2024-12-12 17:00:00+00:00,4.955,5.05,4.955,4.99,168965.0,,,5.147521019618875,5.433852391711813,5.750813990952962,6.082393989096661,6.082393989096661,6.465068747308954,,,,,,5.827007354630989,,"rgba(239, 83, 80, 0.75)",0.618656288744871,5.804510998277974,-1.316580810857758,35.8673044114582,-12.093680156932137,False,True,False,True,True,0.0,0.0,0.0,0.0,0.0,0,0.8322479812451157,0.8835634279760358,False,False,False,False,-0.3336051560816404,-0.3341127158576016,False,False,False,False,-975730.0,-584418.0521768336,False,False,False,False,74069.96129281746,False,False,False,False
2024-12-13 17:00:00+00:00,4.865,4.88,4.845,4.865,169717.0,,,5.119931211601359,5.413043063323164,5.72766456926076,6.056992517384561,6.056992517384561,6.437101229377078,,,,,,5.8019541847219145,,"rgba(239, 83, 80, 0.75)",0.6091537328706469,5.780822920787438,-1.5034348003936664,33.974581431971366,-12.316384104616503,False,True,False,True,True,0.0,0.0,0.0,0.0,0.0,0,0.8271540469973888,0.8924281984334209,False,False,False,False,-0.34282825441539394,-0.3384704851364978,False,False,False,False,-1145447.0,-593116.1753988982,False,False,False,False,75552.86111773501,False,False,False,False
2024-12-16 17:00:00+00:00,4.705,4.715,4.66,4.685,151437.0,,,5.08539115954236,5.390147730051064,5.703986546582523,6.031979646113697,6.031979646113697,6.410247691989859,,,,,,5.775622070065533,,"rgba(239, 83, 80, 1.0)",0.6020398283792591,5.756060804739731,-1.7790530696666949,30.49406444483599,-15.61023184126823,False,True,False,True,False,0.0,0.0,0.0,0.0,0.0,0,0.8238181348488761,0.8922758977008529,False,False,False,False,-0.34282825441539394,-0.34064936977594584,False,False,False,False,-1296884.0,-604027.304462481,False,False,False,False,76729.35939497942,False,False,False,False
2024-12-17 17:00:00+00:00,4.545,4.665,4.545,4.645,126931.0,,,5.056137169873049,5.370281794373418,5.683676046284515,6.010677565615674,6.010677565615674,6.387498824214078,,,,,,5.753158160996068,,"rgba(239, 83, 80, 1.0)",0.6062677358787453,5.734828338538517,-1.7976024024416908,27.763927076065247,-18.103715301408187,False,True,False,True,False,0.0,0.0,0.0,0.0,0.0,0,0.817079463364293,0.8986068111455116,False,False,False,False,-0.34282825441539394,-0.3417388120956699,False,False,False,False,-1423815.0,-616737.1912150007,False,False,False,False,77507.67940435957,False,False,False,False
2024-12-18 17:00:00+00:00,4.625,4.65,4.47,4.485,180530.0,,,5.013509941501391,5.340783546184474,5.653904312462207,5.979714429093155,5.979714429093155,6.3546431454753645,,,,,,5.720378300634958,,"rgba(239, 83, 80, 1.0)",0.6156787801770761,5.70370443471908,-1.9794484948280449,24.528762203032294,-21.02919949051521,False,True,False,True,False,0.0,0.0,0.0,0.0,0.0,0,0.8192584963954684,0.8962409886714732,False,False,False,False,-0.34282825441539394,-0.34228353325553196,False,False,False,False,-1604345.0,-632048.9401884115,False,False,False,False,79104.92468491213,False,False,False,False
2024-12-19 17:00:00+00:00,4.475,4.475,4.425,4.45,122640.0,,,4.98384568019673,5.319913564303567,5.633073743211756,5.95821633923108,5.95821633923108,6.331968133376472,,,,4.449999999999999,,5.69753896659178,4.449999999999999,"rgba(239, 83, 80, 1.0)",0.6262688165880546,5.564310032994669,-1.7792839168737293,22.102644341488812,-23.192191460449845,False,True,False,True,False,0.0,0.0,0.0,0.0,0.0,0,0.8104215763288818,0.9117570044514277,True,False,False,False,-0.34282825441539394,-0.3425558938354629,False,False,False,False,-1726985.0,-649024.6930537075,False,False,False,False,79779.88709289797,True,False,False,False
2024-12-20 17:00:00+00:00,4.695,4.705,4.635,4.66,306899.0,,,4.946926192191965,5.283735381773785,5.592966387225841,5.914337721099542,5.914337721099542,6.283791032551163,,,,4.604804996364319,,5.65601573932364,4.604804996364319,"rgba(239, 83, 80, 0.75)",0.6332756398567747,5.53650863769655,-1.3840870902515472,26.88364171185851,-28.27981622594701,False,True,False,True,True,0.0,0.0,0.0,0.0,0.0,0,0.8112522686025405,0.9064039408867001,False,False,False,False,-0.29956579991775706,-0.32106084687660996,False,False,False,False,-1420086.0,-660979.1319210918,False,False,False,False,83301.11364959723,False,False,False,False
2024-12-23 17:00:00+00:00,4.675,4.675,4.675,4.675,0.0,,,4.946926192191965,5.283735381773785,5.592966387225841,5.914337721099542,5.914337721099542,6.283791032551163,,,,4.604804996364319,,5.65601573932364,4.604804996364319,"rgba(239, 83, 80, 0.75)",0.6400390613079573,5.53650863769655,-1.3460250940559895,30.45863703415462,-25.149090111804565,False,True,False,True,True,0.0,0.0,0.0,0.0,0.0,0,0.8140925637025478,0.9056162246489864,False,False,False,False,-0.2985956546481068,-0.30982825076235837,False,False,False,False,-1420086.0,-672748.2306509974,False,False,False,False,82009.62351549495,False,False,False,False
2024-12-24 17:00:00+00:00,4.92,4.965,4.92,4.94,68280.0,,,4.946793424600475,5.279571846219079,5.587007691015535,5.907040868787214,5.907040868787214,6.275207773036163,,,,4.651008365155474,,5.650443745407613,4.651008365155474,"rgba(239, 83, 80, 0.5)",0.6420054587065284,5.534284804458914,-0.9256693948619079,38.38853094467849,-18.072208799713053,True,False,False,True,True,0.0,0.0,0.0,0.0,0.0,0,0.8158165893869137,0.9067490984028856,False,False,False,False,-0.2474321877671278,-0.2786302192647431,False,False,False,False,-1351806.0,-683276.2580827648,False,False,False,False,81796.76113540976,False,False,False,False
2024-12-25 17:00:00+00:00,4.94,4.94,4.94,4.94,0.0,,,4.946793424600475,5.279571846219079,5.587007691015535,5.907040868787214,5.907040868787214,6.275207773036163,,,,4.651008365155474,,5.650443745407613,4.651008365155474,"rgba(239, 83, 80, 0.5)",0.6438525795118901,5.534284804458914,-0.9230137819894204,43.67512688502775,-13.601770926619778,True,False,False,True,True,0.0,0.0,0.0,0.0,0.0,0,0.8146518250064716,0.9081025110018126,False,False,False,False,-0.24790413839436737,-0.2632671788295552,False,False,False,False,-1351806.0,-693641.0602830319,False,False,False,False,80528.59429610107,False,False,False,False
2024-12-26 17:00:00+00:00,4.915,4.935,4.895,4.915,130647.0,,,4.945328541513918,5.271274492947164,5.57544620309812,5.893002537880186,5.893002537880186,6.258764488506952,,,,4.705887571218384,,5.639469800304421,4.705887571218384,#000000,0.6441346454285873,5.527680111361874,-0.951167765482037,46.64147673322967,-11.16332131381597,True,False,False,False,True,0.0,0.0,0.0,0.0,0.0,0,0.8132124352331604,0.9054404145077726,False,False,False,False,-0.252629639490822,-0.2579484091601886,False,False,False,False,-1482453.0,-705870.702759264,False,False,False,False,81305.62384189795,False,False,False,False
2024-12-27 17:00:00+00:00,4.905,4.935,4.885,4.91,186071.0,,,4.943152998292074,5.259931725656691,5.5595307698421434,5.873582324993104,5.873582324993104,6.235935587933935,,,,4.7525145553036054,,5.624285955285177,4.7525145553036054,#000000,0.6460473583176077,5.516740189693669,-0.9391574501189824,48.4981966351677,-9.517937630844713,True,False,False,False,True,0.0,0.0,0.0,0.0,0.0,0,0.8090005232862376,0.9113029827315546,False,False,False,False,-0.25357606062906113,-0.25576223489462485,False,False,False,False,-1668524.0,-720795.5600808258,False,False,False,False,82929.89323969798,False,False,False,False
2024-12-30 17:00:00+00:00,4.995,5.075,4.995,5.005,371478.0,,,4.952113705479434,5.2460745453024975,5.535170865698577,5.841382932993228,5.841382932993228,6.196354155832797,,,,4.837861155494098,,5.602079856383294,4.837861155494098,"rgba(38, 166, 154, 1.0)",0.6450277806713505,5.501822091635937,-0.7702336341526875,51.78234446977567,-6.376814389195772,True,False,True,False,True,0.0,0.0,0.0,0.0,0.0,0,0.8058302967204579,0.9062988027069238,False,False,False,False,-0.23004387920981517,-0.24290305705222,False,False,False,False,-1297046.0,-729729.67542841,False,False,False,False,87403.50729799723,False,False,False,False
2024-12-31 17:00:00+00:00,5.075,5.165,5.06,5.13,153774.0,,,4.9593201723595115,5.243029894495545,5.52745289852935,5.830201357811143,5.830201357811143,6.181962508277919,,,,4.870052290572121,,5.595361364880769,4.870052290572121,"rgba(38, 166, 154, 1.0)",0.639572457136717,5.497742791667112,-0.5749822206438484,56.189958027315164,-2.1751315725451548,True,False,True,False,True,0.0,0.0,0.0,0.0,0.0,0,0.807950438822922,0.8995869901910175,False,False,False,False,-0.21312827005073123,-0.22801566355147562,False,False,False,False,-1143272.0,-736141.1843364966,False,False,False,False,88432.50718485,False,False,False,False
2025-01-01 17:00:00+00:00,5.13,5.13,5.13,5.13,0.0,,,4.9593201723595115,5.243029894495545,5.52745289852935,5.830201357811143,5.830201357811143,6.181962508277919,,,,4.870052290572121,,5.595361364880769,4.870052290572121,"rgba(38, 166, 154, 1.0)",0.6343146759362246,5.497742791667112,-0.5797482000938061,59.12836706567483,0.6722444718040776,True,False,True,False,True,0.0,0.0,0.0,0.0,0.0,0,0.8134171907756812,0.8998951781970653,False,False,False,False,-0.20981343959082735,-0.21891455157115147,False,False,False,False,-1143272.0,-742453.2900056982,False,False,False,False,87061.46056182907,False,False,False,False
2025-01-02 17:00:00+00:00,5.285,5.315,5.205,5.265,134466.0,,,4.970363865349602,5.243410388893948,5.523218195611021,5.822615792562522,5.822615792562522,6.171343110506062,,,,4.905771225692525,,5.59226119091428,4.905771225692525,"rgba(38, 166, 154, 1.0)",0.6260984365514911,5.49719115484347,-0.3708540722803339,63.178209322104365,4.597086290178808,True,False,True,False,True,0.0,0.0,0.0,0.0,0.0,0,0.8162839248434238,0.8932672233820468,False,False,False,False,-0.18532563107342295,-0.2021200913222872,False,False,False,False,-1008806.0,-746582.7893854548,False,False,False,False,87796.41466164566,False,False,False,False
2025-01-03 17:00:00+00:00,5.195,5.205,5.155,5.18,262396.0,,,4.98431206521504,5.240980893504789,5.512868954976133,5.8063091533774145,5.8063091533774145,6.149512269692026,,,,4.947205303963394,,5.583382081690469,4.947205303963394,"rgba(38, 166, 154, 1.0)",0.6189219776469271,5.491870575772708,-0.5038931998479128,63.20133018350426,4.881139706360663,True,False,True,False,True,0.0,0.0,0.0,0.0,0.0,0,0.8174186778593914,0.8950682056663173,False,False,False,False,-0.20036722358353481,-0.201243657452911,False,False,False,False,-1271202.0,-754716.4205577733,False,False,False,False,90503.38497696898,False,False,False,False
2025-01-06 17:00:00+00:00,5.405,5.405,5.325,5.33,227470.0,,,5.0044361614205926,5.244592619213368,5.508804931924472,5.796559144124469,5.796559144124469,6.134597677210417,,,,4.994240055305486,,5.580924946336299,4.994240055305486,"rgba(38, 166, 154, 1.0)",0.6111363805859086,5.492796470507516,-0.26638320950789995,65.45600292923464,7.410149631664204,True,False,True,False,True,0.0,0.0,0.0,0.0,0.0,0,0.818705789887346,0.89651558815824,False,False,False,False,-0.16570752390896326,-0.18347559068093713,False,False,False,False,-1043732.0,-759197.2822545521,False,False,False,False,92626.89838817877,False,False,False,False
2025-01-07 17:00:00+00:00,5.495,5.535,5.465,5.48,182005.0,,,5.024876755811317,5.25083009659178,5.508495881127469,5.79142533726473,5.79142533726473,6.125127985415148,,,,5.036566308315542,,5.582030232245863,5.036566308315542,"rgba(38, 166, 154, 1.0)",0.600049374845288,5.496689242278151,-0.027813115016499853,68.66668758269635,10.797175746609383,True,False,True,False,True,0.0,0.0,0.0,0.0,0.0,0,0.8145330535152151,0.894543546694649,False,False,False,False,-0.1365894703506143,-0.1600325305157757,False,False,False,False,-861727.0,-760786.8902816132,False,False,False,False,94012.60538991242,False,False,False,False
2025-01-08 17:00:00+00:00,5.425,5.44,5.365,5.435,151766.0,,,5.037963352040891,5.254158437853175,5.50693676798471,5.786161849099639,5.786161849099639,6.116469747593762,,,,5.061450168966456,,5.581308667278637,5.061450168966456,"rgba(38, 166, 154, 1.0)",0.5922824000773701,5.497817253194695,-0.10605963166639679,69.44477806950806,11.925096193532823,True,False,True,False,True,0.0,0.0,0.0,0.0,0.0,0,0.8167718191377498,0.8966876971608838,False,False,False,False,-0.15309721347832322,-0.15656487199704947,False,False,False,False,-1013493.0,-764704.8144632935,False,False,False,False,94908.00685673549,False,False,False,False
2025-01-09 17:00:00+00:00,5.435,5.435,5.435,5.435,0.0,,,5.037963352040891,5.254158437853175,5.50693676798471,5.786161849099639,5.786161849099639,6.116469747593762,,,,5.061450168966456,,5.581308667278637,5.061450168966456,"rgba(38, 166, 154, 1.0)",0.5883916235830275,5.497817253194695,-0.10676095762915162,69.96350506071586,12.916628935130355,True,False,True,False,True,0.0,0.0,0.0,0.0,0.0,0,0.8217874140666314,0.8947646747752518,False,False,False,False,-0.1451349138450518,-0.15084989292105064,False,False,False,False,-1013493.0,-768561.9956344052,False,False,False,False,93436.5648899644,False,False,False,False
2025-01-10 17:00:00+00:00,5.55,5.575,5.455,5.48,129601.0,,5.503333333333334,5.050976991529282,5.2584416902161655,5.506887048338199,5.782839075455248,5.782839075455248,6.11016630467835,,,,5.085041792087557,,5.570783359857976,5.085041792087557,"rgba(38, 166, 154, 1.0)",0.5831538977563614,5.465925827504821,0.024134576737511498,70.93231012023955,14.373024213974531,True,False,True,False,True,0.0,0.0,0.0,0.0,0.0,0,0.8233588188768783,0.8863696282625895,False,False,False,True,-0.12420303990461015,-0.1375264664128304,False,False,False,False,-883892.0,-770350.0577175927,False,False,False,False,93997.25380639905,False,False,False,False
2025-01-13 17:00:00+00:00,5.515,5.515,5.365,5.39,214014.0,,5.453506870577051,5.067412662872832,5.262993097784056,5.505025704041543,5.775997243351321,5.775997243351321,6.0987007608914015,,,,5.112450057864696,,5.562804797552789,5.112450057864696,"rgba(38, 166, 154, 1.0)",0.5777858326996576,5.46466807363131,-0.12923140271963637,68.5019645381657,14.373024213974531,True,False,True,False,True,0.0,0.0,0.0,0.0,0.0,0,0.8300238284352661,0.8885358750330957,False,False,False,False,-0.1389939587836275,-0.13826021259822896,False,False,False,False,-1097906.0,-775428.4444196456,False,False,False,False,95857.97855358665,False,False,False,False
2025-01-14 17:00:00+00:00,5.375,5.465,5.365,5.425,171834.0,,5.441781152613223,5.079423673642071,5.2663611445694185,5.503502320198548,5.770614265002938,5.770614265002938,6.089702229120749,,,,5.131132879021775,,5.56028557859284,5.131132879021775,"rgba(38, 166, 154, 0.75)",0.5663312467814654,5.465064563705576,-0.07074404587998402,67.51799480076328,14.373024213974531,True,False,True,False,False,0.0,0.0,0.0,0.0,0.0,0,0.8286092715231788,0.8911258278145701,False,False,False,False,-0.14393740879953867,-0.1410988106988838,False,False,False,False,-926072.0,-777764.0034208915,False,False,False,False,97035.90136670934,False,False,False,False
2025-01-15 17:00:00+00:00,5.455,5.515,5.435,5.505,151302.0,,5.45158855904728,5.0912891070331945,5.27045699495876,5.503220402717385,5.766878793005014,5.766878793005014,6.082741145336018,,,,5.149192659959395,,5.561864827871809,5.149192659959395,"rgba(38, 166, 154, 0.75)",0.5550868530368759,5.4677153892778625,0.06716896737538204,68.22783953724313,14.373024213974531,True,False,True,False,False,0.0,0.0,0.0,0.0,0.0,0,0.8339952343129465,0.8853587503309509,False,False,False,False,-0.13208439639929595,-0.1365916035490899,False,False,False,True,-774770.0,-777717.5847632032,False,False,False,False,97877.23622924097,False,False,False,True
2025-01-16 17:00:00+00:00,5.485,5.54,5.465,5.49,220184.0,,5.4631930750280455,5.107911230104682,5.276504494358366,5.50311438932498,5.7618630386899765,5.7618630386899765,6.073112233793095,,,,5.173330608433886,,5.563937357141304,5.173330608433886,"rgba(38, 166, 154, 0.75)",0.5384650941868241,5.471430358487648,0.03448624936477145,68.13286525188174,14.373024213974531,True,False,True,False,False,0.0,0.0,0.0,0.0,0.0,0,0.8339081984611303,0.8888299283629616,False,False,False,False,-0.12071897509410945,-0.12865528932159967,False,False,False,False,-994954.0,-781085.591200983,False,False,False,False,99773.46512491166,False,False,False,False
2025-01-17 17:00:00+00:00,5.475,5.475,5.395,5.455,463528.0,,5.455804429048901,5.1343320668135854,5.285243611900656,5.500430807545053,5.749749362417258,5.749749362417258,6.051944281841784,,,,5.207423035404542,,5.561036274569213,5.207423035404542,"rgba(38, 166, 154, 0.75)",0.5200584946309456,5.47340441903617,-0.03538913261907229,66.70235571397589,14.373024213974531,True,False,True,False,False,0.0,0.0,0.0,0.0,0.0,0,0.8336875664187032,0.8876195536663127,False,False,False,False,-0.13439858070579327,-0.13152693501369647,False,False,False,False,-1458482.0,-791587.8611048438,False,False,False,False,105413.07031677349,False,False,False,False
2025-01-20 17:00:00+00:00,5.455,5.455,5.455,5.455,0.0,,5.455804429048901,5.1343320668135854,5.285243611900656,5.500430807545053,5.749749362417258,5.749749362417258,6.051944281841784,,,,5.207423035404542,,5.561036274569213,5.207423035404542,"rgba(38, 166, 154, 0.75)",0.49775149376924704,5.47340441903617,-0.03697511562808437,65.74868268870533,14.373024213974531,True,False,True,False,False,0.0,0.0,0.0,0.0,0.0,0,0.8428954423592492,0.8871313672922257,False,False,False,False,-0.1303403761038895,-0.130933655558793,False,False,False,False,-1458482.0,-801927.3051187221,False,False,False,False,103778.75914907157,False,False,False,False
2025-01-21 17:00:00+00:00,5.535,5.555,5.46,5.485,211592.0,,5.461791048757352,5.147085043127245,5.290308400205142,5.500422386949579,5.7455095060988866,5.7455095060988866,6.043625381568765,,,,5.22346132429625,,5.562035896115122,5.22346132429625,"rgba(38, 166, 154, 0.75)",0.47919482956794485,5.475915591000108,0.01895765237718241,65.85371196348743,14.373024213974531,True,False,True,False,False,0.0,0.0,0.0,0.0,0.0,0,0.8563234089046707,0.872985523081126,False,False,False,False,-0.11970751908850168,-0.12532058732364734,False,False,False,False,-1246890.0,-808825.95155099,False,False,False,False,105450.28226303945,False,False,False,False
2025-01-22 17:00:00+00:00,5.555,5.565,5.46,5.465,120293.0,,5.464284761535663,5.153881580460797,5.293038597066233,5.500381111244702,5.7431307956333315,5.7431307956333315,6.0389785077578555,,,,5.231718286250746,,5.562403735618845,5.231718286250746,"rgba(38, 166, 154, 0.75)",0.46190446927769124,5.477154468387782,-0.026313814210954176,64.95333845751864,14.373024213974531,True,False,True,False,False,0.0,0.0,0.0,0.0,0.0,0,0.8430296377607025,0.8800768386388588,False,False,False,False,-0.11869630679289836,-0.12200844705827285,False,False,False,False,-1367183.0,-817482.649976556,False,False,False,False,105680.40191787605,False,False,False,False
2025-01-23 17:00:00+00:00,5.445,5.465,5.345,5.365,100954.0,,5.460173799315352,5.157699071257978,5.294121676321147,5.499387573354028,5.740333679671287,5.740333679671287,6.034395848920347,,,,5.23567483151581,,5.560920761215918,5.23567483151581,"rgba(38, 166, 154, 0.75)",0.4433258822105975,5.476685998240735,-0.2519275384595743,60.171630399325856,13.977141034681246,True,False,True,False,False,0.0,0.0,0.0,0.0,0.0,0,0.843767160900604,0.8827567270730373,False,False,False,False,-0.14049419147800485,-0.13125131926813885,False,False,False,False,-1468137.0,-827570.3143180046,False,False,False,False,105607.1243687617,False,False,False,False
2025-01-24 17:00:00+00:00,5.275,5.335,5.265,5.28,332591.0,,5.433948636974239,5.164512510938934,5.294094151314385,5.493364989230727,5.728913203099328,5.728913203099328,6.017505722538304,,,,5.240019560309349,,5.55160748817075,5.240019560309349,"rgba(38, 166, 154, 0.75)",0.42415939125422614,5.471086422556051,-0.4505061693695247,54.291038012963234,8.620461138833349,True,False,True,False,False,0.0,0.0,0.0,0.0,0.0,0,0.837904552934723,0.8889193636862319,False,False,False,False,-0.16191383452676283,-0.14658257689745086,False,False,False,False,-1800728.0,-842658.0303750897,False,False,False,False,109126.25422350958,False,False,False,False
2025-01-27 17:00:00+00:00,5.155,5.205,5.115,5.2,129055.0,,5.418966682821458,5.164681161002707,5.292479947853144,5.489776093624239,5.723459356738912,5.723459356738912,6.010105418232078,,,,5.238125108595798,,5.546132573858779,5.238125108595798,"rgba(239, 83, 80, 0.5)",0.4089600302062203,5.467167108646701,-0.6532841571631846,48.320999770579775,3.4095537895828585,False,False,False,True,False,0.0,0.0,0.0,0.0,0.0,0,0.8274238227146812,0.8994459833795017,False,False,False,False,-0.17611753208909625,-0.16135005449327355,False,False,False,False,-1929783.0,-859512.6810669488,False,False,False,False,109435.22702624585,False,False,False,False
2025-01-28 17:00:00+00:00,5.065,5.135,5.04,5.115,121471.0,,5.402422653525573,5.163478811800612,5.29004694742036,5.485670092304513,5.717721049461889,5.717721049461889,6.00263014796936,,,,5.234441156475201,,5.5399558217063145,5.234441156475201,"rgba(239, 83, 80, 1.0)",0.3983400014519291,5.462504474208374,-0.8723815658526323,42.55403730247281,-1.4984108208684361,False,True,False,True,False,0.0,0.0,0.0,0.0,0.0,0,0.831400282885431,0.896746817538897,False,False,False,False,-0.1925612180673043,-0.17695563628028893,False,False,False,False,-2051254.0,-877989.29066281,False,False,False,False,109621.82815762187,False,False,False,False
2025-01-29 17:00:00+00:00,5.095,5.235,5.085,5.23,160450.0,,5.388511017653336,5.163931846302898,5.288323821126771,5.481555632211148,5.711336016820327,5.711336016820327,5.99386848714919,,,,5.232741538561876,,5.534123262583428,5.232741538561876,"rgba(239, 83, 80, 1.0)",0.3878951980685642,5.458256625966747,-0.5884492179931559,42.92159689371408,-1.4984108208684361,False,True,False,True,False,0.0,0.0,0.0,0.0,0.0,0,0.8407514450867051,0.8855491329479774,False,False,False,False,-0.17611753208909625,-0.1765365841846926,False,False,False,False,-1890804.0,-893691.8442959447,False,False,False,False,110409.86182959673,False,False,False,False
2025-01-30 17:00:00+00:00,5.215,5.335,5.185,5.25,257458.0,,5.3763197833204694,5.167207248178146,5.287524306063742,5.476749727144079,5.702782958976227,5.702782958976227,5.981431675476254,,,,5.2339535515883915,,5.527828379733592,5.2339535515883915,"rgba(239, 83, 80, 1.0)",0.3762057851665211,5.4539619609781,-0.5421553017527893,43.816496813683926,-1.4984108208684361,False,True,False,True,False,0.0,0.0,0.0,0.0,0.0,0,0.8543773475874021,0.8789367234903211,False,False,False,False,-0.15358843144502193,-0.16506250781485726,False,False,False,False,-1633346.0,-905159.3505859299,False,False,False,False,112689.6779252619,False,False,False,False
2025-01-31 17:00:00+00:00,5.125,5.195,5.035,5.04,252614.0,,5.352503586119497,5.16462120920819,5.2827479620989335,5.468806885036895,5.6916773992214305,5.6916773992214305,5.966916183221132,,,,5.227137090326915,,5.51699294630393,5.227137090326915,"rgba(239, 83, 80, 1.0)",0.3668044376714398,5.445420885713655,-1.1052780284975863,40.002316870684616,-3.474738641455808,False,True,False,True,False,0.0,0.0,0.0,0.0,0.0,0,0.8394139615053142,0.8896868715886243,False,False,False,False,-0.18631230810704086,-0.17568740796094906,False,False,False,False,-1885960.0,-920365.5622047527,False,False,False,False,114859.04725975396,False,False,False,False
2025-02-03 17:00:00+00:00,4.965,4.975,4.875,4.93,181385.0,,5.328503397936277,5.159032729923822,5.276670918890998,5.460928378164514,5.6818501893054,5.6818501893054,5.954894178887898,,,4.926666666666666,5.217256982652487,,5.506247140344902,5.071961824659576,"rgba(239, 83, 80, 1.0)",0.3586403503523639,5.381340639678352,-1.2584770208787446,35.883865186372994,-7.33600714578612,False,True,False,True,False,0.0,0.0,0.0,0.0,0.0,0,0.8389416163359216,0.8967500719010646,False,False,False,False,-0.22980908126512056,-0.2027482446130348,False,False,False,False,-2067345.0,-938148.1891473148,False,False,False,False,115890.45737975778,False,False,False,False
2025-02-04 17:00:00+00:00,5.145,5.19,5.135,5.17,190360.0,,5.319372458086977,5.159176270655425,5.274705985589096,5.456482887710467,5.674974980356483,5.674974980356483,5.945428606860962,,,5.048710361493317,5.215513794490032,,5.500730881373699,5.132112077991675,"rgba(239, 83, 80, 0.75)",0.34426103127949714,5.385200609003576,-0.6251088257179469,39.50135329188895,-7.33600714578612,False,True,False,True,True,0.0,0.0,0.0,0.0,0.0,0,0.8403096330275225,0.9010894495412848,False,False,False,False,-0.17555223559186922,-0.18915024010245202,False,False,False,False,-1876985.0,-952703.798617899,False,False,False,False,117045.02393200959,False,False,False,False
2025-02-05 17:00:00+00:00,5.135,5.21,5.115,5.185,395608.0,,5.303839237100672,5.159691594597359,5.271012206236337,5.447809872416123,5.66139067297507,5.66139067297507,5.926586650457993,,,5.111241101987393,5.2125631107169355,,5.490245843822661,5.161902106352164,"rgba(239, 83, 80, 0.75)",0.33166965003859167,5.3819432966218,-0.5937935430597422,42.23637803877597,-7.33600714578612,False,True,False,True,True,0.0,0.0,0.0,0.0,0.0,0,0.8369627507163321,0.9037249283667625,False,False,False,False,-0.17555223559186922,-0.18235123784716062,False,False,False,False,-1481377.0,-960900.2823602571,False,False,False,False,121363.82976252105,False,False,False,False
2025-02-06 17:00:00+00:00,5.145,5.145,5.065,5.09,145369.0,,5.296336848654344,5.158665254972351,5.268823740774972,5.44398325132133,5.655895673307044,5.655895673307044,5.919271575166798,,,5.109450734542755,5.209943976216829,,5.485553145357698,5.159697355379793,"rgba(239, 83, 80, 0.75)",0.3142171453221153,5.378400073076637,-0.9178368442657325,42.23316104182133,-7.33600714578612,False,True,False,True,True,0.0,0.0,0.0,0.0,0.0,0,0.8281430219146481,0.9103229527104966,False,False,False,False,-0.18858295026432195,-0.1854670940557413,False,False,False,False,-1626746.0,-971223.4717810283,False,False,False,False,121736.00294449746,False,False,False,False
2025-02-07 17:00:00+00:00,5.135,5.215,5.125,5.15,159169.0,,5.291184523971775,5.1587515136106425,5.267366037401251,5.440642649595866,5.650672666079751,5.650672666079751,5.9120169425587505,,,5.117451957957168,5.20878597886637,,5.4816152856139695,5.163118968411769,"rgba(239, 83, 80, 0.75)",0.28975380975965614,5.376171362697806,-0.7805638962449178,43.6841108626092,-13.063432819005136,False,True,False,True,True,0.0,0.0,0.0,0.0,0.0,0,0.8358294930875573,0.9006336405529957,False,False,False,False,-0.17385701075757395,-0.1796620524066576,False,False,False,False,-1467577.0,-978918.8753193069,False,False,False,False,122316.35948799363,False,False,False,False
2025-02-10 17:00:00+00:00,5.335,5.375,5.315,5.365,166968.0,,5.293546323495017,5.1624198387845155,5.268570550896509,5.439545367815347,5.647383317049472,5.647383317049472,5.9064320704232465,,,5.149018392461666,5.2124150662468915,,5.480754397930511,5.180716729354279,#000000,0.2733408920070465,5.378159693001798,-0.04814388694341001,48.80405516515829,-8.02222313807141,False,False,False,False,True,0.0,0.0,0.0,0.0,0.0,0,0.8359062321326469,0.8979416809605495,False,False,False,False,-0.13456046057080315,-0.15711125648873037,False,False,False,False,-1300609.0,-983906.3191128059,False,False,False,False,123008.63298430381,False,False,False,False
2025-02-11 17:00:00+00:00,5.485,5.485,5.37,5.39,189045.0,,5.298688766351351,5.167743148916692,5.270901708497679,5.439207361526877,5.6445244694874255,5.6445244694874255,5.900948344987527,,,5.1842325896325425,5.218078109006259,,5.480934038464996,5.201155349319401,"rgba(38, 166, 154, 0.5)",0.25944401746458273,5.364275324764348,0.09915308700137372,52.62154515590285,-4.3638211721059434,False,False,True,False,True,0.0,0.0,0.0,0.0,0.0,0,0.8334290637564615,0.8940264215967838,False,False,False,False,-0.11618443588163153,-0.13664784618518094,False,False,False,False,-1111564.0,-985885.5079637702,False,False,False,False,124032.45262795802,False,False,False,False
2025-02-12 17:00:00+00:00,5.325,5.33,5.175,5.175,140211.0,,5.296495896032534,5.168650033349763,5.270385495873049,5.437058536367171,5.640746253641695,5.640746253641695,5.895413684854593,,,5.18802677843568,5.218252557699501,,5.478499450537215,5.203139668067591,#000000,0.23956091591158354,5.358217437661224,-0.7648052144233992,50.69419876733872,-4.3638211721059434,False,False,False,False,True,0.0,0.0,0.0,0.0,0.0,0,0.8265073947667801,0.8993174061433451,False,False,False,False,-0.15527248253684528,-0.1459601643610131,False,False,False,False,-1251775.0,-990007.8256697583,False,False,False,False,124283.28281977262,False,False,False,False
2025-02-13 17:00:00+00:00,5.235,5.27,5.205,5.255,183985.0,,5.294453500885319,5.170128472753476,5.269977491782437,5.434522113171521,5.636086337569434,5.636086337569434,5.888465068492095,,,5.193834424405,5.218903683723267,,5.475674188889102,5.206369054064133,#000000,0.23974098260143825,5.355136979736138,-0.41768820103074733,50.92014897977143,-4.3638211721059434,False,False,False,False,True,0.0,0.0,0.0,0.0,0.0,0,0.8259017324623684,0.9037205339392222,False,False,False,False,-0.15864321745067694,-0.15230169090584503,False,False,False,False,-1067790.0,-991213.7508531729,False,False,False,False,125208.89083807071,False,False,False,False
2025-02-14 17:00:00+00:00,5.225,5.245,5.195,5.245,106571.0,,5.293014152265333,5.170788321411175,5.269616833702421,5.43297016923877,5.633335593513244,5.633335593513244,5.884415469152802,,,5.19581249541563,5.219043382983683,,5.4739251618281415,5.207427939199657,#000000,0.23862411543771703,5.353551974669182,-0.45490781378093825,50.86789978112252,-4.3638211721059434,False,False,False,False,True,0.0,0.0,0.0,0.0,0.0,0,0.8295259851513419,0.9009137635636784,False,False,False,False,-0.1625802705573198,-0.15744098073158241,False,False,False,False,-1174361.0,-994053.2430880074,False,False,False,False,124919.93129019364,False,False,False,False
2025-02-17 17:00:00+00:00,5.245,5.245,5.245,5.245,0.0,,5.293014152265333,5.170788321411175,5.269616833702421,5.43297016923877,5.633335593513244,5.633335593513244,5.884415469152802,,,5.19581249541563,5.219043382983683,,5.4739251618281415,5.207427939199657,#000000,0.2386976111097763,5.353551974669182,-0.4547677463737137,50.83306698202324,-4.3638211721059434,False,False,False,False,True,0.0,0.0,0.0,0.0,0.0,0,0.8314703353396388,0.8993981083404993,False,False,False,False,-0.15695740778698433,-0.15719919425928336,False,False,False,False,-1174361.0,-996848.7121874181,False,False,False,False,122983.18816941543,False,False,False,False
2025-02-18 17:00:00+00:00,5.265,5.35,5.255,5.285,167152.0,,5.2931347435248135,5.172987468518698,5.269979342988146,5.431379816265119,5.62981060693138,5.62981060693138,5.878814192315924,,,5.204134040009089,5.22080611814128,,5.472273825353637,5.212470079075185,#000000,0.23856600499380287,5.353649225559239,-0.2877577866176778,51.73854115935265,-3.5950560288232225,False,False,False,False,True,0.0,0.0,0.0,0.0,0.0,0,0.83109075293444,0.895791583166333,False,False,False,False,-0.14406149524842093,-0.15063034475385215,False,False,False,False,-1007209.0,-997009.3368046675,False,False,False,False,123667.97594973457,False,False,False,False
2025-02-19 17:00:00+00:00,5.345,5.345,5.275,5.33,253393.0,,5.294256385455382,5.176694514163875,5.270908955324036,5.4293860774900375,5.624917976634135,5.624917976634135,5.870808493401324,,,5.216644912110129,5.223996325082751,,5.47027005415756,5.22032061859644,"rgba(38, 166, 154, 0.5)",0.23838301000579698,5.354428698689304,-0.10247667687688829,53.37695572650758,-1.6031136312819143,False,False,True,False,True,0.0,0.0,0.0,0.0,0.0,0,0.8300144300144296,0.9033189033189036,False,False,False,False,-0.1423830120082317,-0.14650667838104192,False,False,False,False,-753816.0,-993238.8974743625,False,False,False,False,125679.21663268442,False,False,False,False
2025-02-20 17:00:00+00:00,5.285,5.305,5.23,5.29,286651.0,,5.293271189791499,5.179482408121836,5.270999075514621,5.426409165031623,5.618840624194859,5.618840624194859,5.861361936012232,,,5.223164168290874,5.225846826230586,,5.467029288980219,5.22450549726073,"rgba(38, 166, 154, 0.5)",0.23746136717551622,5.353202191135628,-0.2661577834213038,53.286231601317645,-1.2774495832319843,False,False,True,False,True,0.0,0.0,0.0,0.0,0.0,0,0.8246828143021911,0.908592848904268,False,False,False,False,-0.14446249678989787,-0.1454845875854699,False,False,False,False,-1040467.0,-993971.1161181709,False,False,False,False,128174.90319651878,False,False,False,False
2025-02-21 17:00:00+00:00,5.125,5.125,4.935,5.005,411999.0,,5.27466696991829,5.173301665627351,5.263347125629547,5.415494582520922,5.604296630254722,5.604296630254722,5.842653150947613,,,5.195286228460247,5.215727126051357,,5.454008107879024,5.205506677255801,"rgba(239, 83, 80, 1.0)",0.23797308500995143,5.338204112536019,-1.400175622894855,47.308497435077825,2.0209163579959366,False,True,False,True,False,0.0,0.0,0.0,0.0,0.0,0,0.8163672654690617,0.9093242087254068,False,False,False,False,-0.20029388515233085,-0.17288923636890036,False,False,False,False,-1452466.0,-1001079.5639302923,False,False,False,False,132575.2767903712,False,False,False,False
2025-02-24 17:00:00+00:00,4.965,4.995,4.95,4.95,338747.0,,5.258156721156903,5.166803390650296,5.256004153700201,5.405722814490607,5.591746335548627,5.591746335548627,5.826864601960828,,,5.17176561600645,5.205909916099573,,5.442434907579441,5.188837766053012,"rgba(239, 83, 80, 1.0)",0.23934241745406756,5.325590004528083,-1.5692580050093399,42.525977907322485,-2.3766558213447624,False,True,False,True,False,0.0,0.0,0.0,0.0,0.0,0,0.8205789624534249,0.9143020922900548,False,False,False,False,-0.21398525080162656,-0.19343724358526346,False,False,False,False,-1791213.0,-1013329.6947220707,False,False,False,False,135771.73761532668,False,False,False,False
2025-02-25 17:00:00+00:00,4.795,4.835,4.76,4.76,258320.0,,5.239670911504564,5.157931483956706,5.247326910745769,5.395622407183975,5.579847137373457,5.579847137373457,5.812765357141505,,4.785,5.143818436597273,5.193706514851231,4.785,5.430430192182777,5.040841650482834,"rgba(239, 83, 80, 1.0)",0.24398207362881508,5.262123476946962,-2.058034303417198,37.05002088265991,-7.262545491409028,False,True,False,True,False,0.0,1.0,4.835,4.76,0.0,0,0.8131428571428571,0.9211428571428576,True,False,False,False,-0.252747918662595,-0.2230925811239292,True,False,False,False,-2049533.0,-1029394.8622457596,False,False,False,False,137671.71067555418,True,False,False,False
2025-02-26 17:00:00+00:00,4.825,4.845,4.78,4.82,266488.0,,5.223217909777549,5.149903319463617,5.239263617828948,5.386036685516099,5.568383656357145,5.568383656357145,5.799027736035898,,4.800233456807061,5.121007563347001,5.18270848213225,4.800233456807061,5.419173797333771,5.034649834095437,"rgba(239, 83, 80, 1.0)",0.24720449644581163,5.2516337146326855,-1.7460593186552384,35.09604840957974,-8.8709749552755,False,True,False,True,False,0.0,0.0,0.0,0.0,0.0,0,0.8213256484149855,0.9170028818443807,False,False,False,False,-0.2489579306394673,-0.23602525588169826,False,False,False,False,-1783045.0,-1041079.3605055151,False,False,False,False,139668.8624480262,False,False,False,False
2025-02-27 17:00:00+00:00,5.255,5.34,5.215,5.24,322390.0,,5.225088565518341,5.153073228395896,5.239831504055035,5.383666603154327,5.562980670039855,5.562980670039855,5.790278370997681,,4.9770942211856015,5.132156417522313,5.185501508425833,4.9770942211856015,5.416842801742999,5.0982507157112495,"rgba(239, 83, 80, 0.75)",0.24684300368540465,5.264111386483993,-0.0976790353544805,41.85943834604805,-14.82970574323452,False,True,False,True,True,0.0,0.0,0.0,0.0,0.0,0,0.822048125349748,0.9101846670397318,False,False,False,False,-0.09614728004216619,-0.1660862679619322,False,False,False,False,-1460655.0,-1047584.4091798482,False,False,False,False,142501.74830154516,False,False,False,False
2025-02-28 17:00:00+00:00,5.345,5.47,5.245,5.47,518528.0,,5.236502044016194,5.163335287784516,5.245149673639245,5.384012646238604,5.558303032285144,5.558303032285144,5.7801296724296805,,5.135761367946426,5.161264040258511,5.196345969700829,5.135761367946426,5.417962198382647,5.164457125968589,#000000,0.24939777916456377,5.28172792013458,0.7549068018813002,49.01645599347327,-8.540771267628713,False,False,False,False,True,0.0,0.0,0.0,0.0,0.0,0,0.8256672345258371,0.901192504258944,False,False,False,False,-0.06653365709195422,-0.11630996252694321,False,False,False,False,-942127.0,-1045949.4105879125,False,False,False,False,148331.61266896306,False,False,False,False
2025-03-03 17:00:00+00:00,5.375,5.395,4.82,4.89,815882.0,,5.217240325178752,5.155305722763947,5.234396625863693,5.368013842759593,5.5363369730476615,5.5363369730476615,5.751196590900097,,5.098078435722642,5.1425276966858915,5.184194338918646,5.098078435722642,5.399832436223057,5.1416001571090595,"rgba(239, 83, 80, 0.75)",0.2509189776268378,5.265211671053334,-1.4953499117605287,46.70273723673353,-8.540771267628713,False,True,False,True,True,0.0,0.0,0.0,0.0,0.0,0,0.807384954532929,0.9016257922292646,False,False,False,False,-0.13668381856123885,-0.12649689054409102,False,False,False,False,-1758009.0,-1056989.0941446892,False,False,False,False,158681.2310771962,False,False,False,False
2025-03-04 17:00:00+00:00,4.805,5.005,4.8,4.9,359463.0,,5.204486886556018,5.148501489375262,5.227060958527792,5.358781779686105,5.524812646924655,5.524812646924655,5.736907603696744,,5.070293787540765,5.127747003764627,5.175120576095617,5.070293787540765,5.3893377159558895,5.124387122467003,"rgba(239, 83, 80, 1.0)",0.2523753282440074,5.254182185220052,-1.403394649090314,45.28514044631444,-8.540771267628713,False,True,False,True,False,0.0,0.0,0.0,0.0,0.0,0,0.8128767123287669,0.9175342465753429,False,False,False,False,-0.19896022282119946,-0.16272855668264524,False,False,False,False,-1398546.0,-1062284.5500494225,False,False,False,False,161794.1267194102,False,False,False,False
2025-03-05 17:00:00+00:00,4.855,4.985,4.835,4.94,459931.0,,5.190499655283834,5.14091861479364,5.218636743364342,5.347942186067568,5.511080066182346,5.511080066182346,5.719697364016256,,5.047259890196674,5.112622738169388,5.165050772593021,5.047259890196674,5.377122099412904,5.108311133653028,"rgba(239, 83, 80, 1.0)",0.25226171523427227,5.242354793727261,-1.1985758260878705,44.88262099819218,-8.540771267628713,False,True,False,True,False,0.0,0.0,0.0,0.0,0.0,0,0.8188067088259552,0.9136651086059941,False,False,False,False,-0.1966576605539632,-0.17969310861830423,False,False,False,False,-938615.0,-1060367.1926843151,False,False,False,False,166416.40382453564,False,False,False,False
2025-03-06 17:00:00+00:00,4.885,5.01,4.845,4.91,364582.0,,5.180415255961999,5.135298901467001,5.212315878017606,5.339754993640243,5.500659129716729,5.500659129716729,5.706589156936653,,5.033654813448919,5.102204136852993,5.157666796343744,5.033654813448919,5.367956063636709,5.097841915548552,"rgba(239, 83, 80, 1.0)",0.2519710586840847,5.2338813556612624,-1.285391097504325,44.271838398328775,-8.540771267628713,False,True,False,True,False,0.0,0.0,0.0,0.0,0.0,0,0.8224965706447185,0.9124828532235942,False,False,False,False,-0.19129296781098368,-0.18549303821464397,False,False,False,False,-1303197.0,-1064131.9958985117,False,False,False,False,169488.73864896144,False,False,False,False
2025-03-07 17:00:00+00:00,4.895,4.975,4.885,4.915,169656.0,,5.176033252386488,5.132820153547693,5.209498032917554,5.336080936190208,5.495961620294021,5.495961620294021,5.700660323174337,,5.028440474102654,5.0978164558794035,5.154427743659487,5.028440474102654,5.363859419829189,5.093561557880515,"rgba(239, 83, 80, 1.0)",0.2510741428845057,5.2301998955673366,-1.2554056421187454,43.94724641493442,-8.540771267628713,False,True,False,True,False,0.0,0.0,0.0,0.0,0.0,0,0.8333793865708756,0.9077093119646316,False,False,False,False,-0.19052747732601488,-0.18801025777032943,False,False,False,False,-1133541.0,-1065208.1044892324,False,False,False,False,169491.33184820236,False,False,False,False
2025-03-10 17:00:00+00:00,5.695,5.695,5.565,5.675,413049.0,,5.1948363195789335,5.147107874766874,5.219654249154605,5.342602692851684,5.498864901819244,5.498864901819244,5.699651020611125,,5.092941653122826,5.128926801994942,5.170509858077702,5.092941653122826,5.3716545658002435,5.130792771065157,"rgba(38, 166, 154, 1.0)",0.2576301735167492,5.246519058193861,1.6631628817277557,51.7941202545443,-5.438108867775874,True,False,True,False,True,3.3063737961410276,0.0,0.0,0.0,0.0,0,0.8353723404255318,0.9021276595744685,False,False,False,False,0.018458456317620085,-0.08477590072635467,False,False,False,False,-720492.0,-1059863.6687607171,False,False,False,False,173267.4197265248,False,False,False,False
2025-03-11 17:00:00+00:00,5.825,5.905,5.75,5.87,545785.0,,5.227380789299436,5.1717994735434605,5.238248563715351,5.356146694579934,5.507467244622017,5.507467244622017,5.702974160840742,,5.183870926098088,5.178730708749861,5.198375421309566,5.183870926098088,5.3873548816032795,5.186992352052505,"rgba(38, 166, 154, 1.0)",0.27108931077115256,5.273946373849078,2.198735259812943,58.213590818356444,0.519859569602545,True,False,True,False,True,5.664371605260509,0.0,0.0,0.0,0.0,0,0.8409632177824818,0.9005027785128341,False,False,False,False,0.07692990936058675,-0.003922995682883963,False,False,False,False,-174707.0,-1046140.3095551246,False,False,False,False,179042.88608735387,False,False,False,False
2025-03-12 17:00:00+00:00,6.065,6.105,6.045,6.095,274277.0,,5.248448310338921,5.187769135783192,5.250731480163421,5.365908383367727,5.5146181610290155,5.5146181610290155,5.7073755501949766,,5.235512410195195,5.209362207632175,5.216428337676542,5.235512410195195,5.398495597415182,5.2204343185013045,"rgba(38, 166, 154, 1.0)",0.29217536077055795,5.291494571126913,2.7500793590328465,63.695430808426245,5.46590344969794,True,False,True,False,True,8.24925409263118,0.0,0.0,0.0,0.0,0,0.8541666666666664,0.8942510548523209,False,False,False,False,0.15100309896086545,0.07354005163899074,False,False,False,False,99570.0,-1028377.3590193862,False,False,False,False,180519.3839774724,False,False,False,False
2025-03-13 17:00:00+00:00,6.005,6.035,5.965,5.99,193557.0,,5.26124698355224,5.197665701668803,5.258441956609966,5.371841103567499,5.518817771674417,5.518817771674417,5.709729027906855,,5.26520395917592,5.227769878419909,5.227521899942267,5.26520395917592,5.405222902379171,5.240165245846032,"rgba(38, 166, 154, 1.0)",0.30741683120491703,5.302051772714518,2.237835269425804,65.82211187773322,7.366187996039734,True,False,True,False,True,6.7971320091290615,0.0,0.0,0.0,0.0,0,0.8475914714398524,0.8968149513029747,False,False,False,False,0.12841941932901968,0.10097973548400521,False,False,False,False,-93987.0,-1013890.6867865275,False,False,False,False,180721.517559217,False,False,False,False
2025-03-14 17:00:00+00:00,6.045,6.115,6.04,6.1,156614.0,,5.272492660003298,5.206363750210797,5.265297753552123,5.377227598155085,5.52278096748445,5.52278096748445,5.712183127877454,,5.290287672235593,5.243685953060225,5.23727450613296,5.290287672235593,5.411303832109665,5.257082710476259,"rgba(38, 166, 154, 1.0)",0.32536574015226205,5.311313552555502,2.4239996721087307,67.91295299372236,9.441288180999976,True,False,True,False,True,8.045605079839092,0.0,0.0,0.0,0.0,0,0.8434943256795986,0.8968065452626025,False,False,False,False,0.15175840157040102,0.12636906852720312,False,False,False,False,62627.0,-997200.4900921627,False,False,False,False,180347.7575970586,False,False,False,False
2025-03-17 17:00:00+00:00,6.345,6.405,6.305,6.325,631724.0,,5.328469181992432,5.249672470995664,5.300251453978909,5.405840127208387,5.545358749779348,5.545358749779348,5.7284466547376995,,5.406158730716333,5.320418867401232,5.285864406534083,5.406158730716333,5.443342484067399,5.337480668217215,"rgba(38, 166, 154, 1.0)",0.3512333481673251,5.357387902620385,2.7548981394518717,70.55701750194599,12.149738635051648,True,False,True,False,True,10.509575744269604,0.0,0.0,0.0,0.0,0,0.8441184176054488,0.8973015457165314,False,False,False,False,0.2368838992893993,0.18162648390830122,False,False,False,False,694351.0,-970974.8855946098,False,False,False,False,187345.8388746236,False,False,False,False
2025-03-18 17:00:00+00:00,6.325,6.42,6.315,6.415,260026.0,,5.35065423262454,5.267147434618711,5.314494108400653,5.417592699120632,5.554724289781005,5.554724289781005,5.735301886802581,,5.4484348212526825,5.3500520618620255,5.305328050232585,5.4484348212526825,5.456376991589876,5.367938311115765,"rgba(38, 166, 154, 1.0)",0.37847171339190266,5.375565789592532,2.746398670304714,72.77892070148835,14.526949674645493,True,False,True,False,True,11.46393236555394,0.0,0.0,0.0,0.0,0,0.8444794125360606,0.8961447678992922,False,False,False,False,0.24078977423175682,0.211208129070029,False,False,False,False,954377.0,-941124.4687636856,False,False,False,False,188472.6630781178,False,False,False,False
2025-03-19 17:00:00+00:00,6.555,6.635,6.49,6.605,187727.0,,5.368991058052072,5.281560240903579,5.326364217037656,5.42756709946014,5.562904192758882,5.562904192758882,5.741612630598415,,5.482607072594451,5.374253645690789,5.321400340102498,5.482607072594451,5.467414804509948,5.392753686129247,"rgba(38, 166, 154, 1.0)",0.41099787378065245,5.390626132112802,2.954696229244495,75.16589917762613,17.104706161876152,True,False,True,False,True,13.426805183851023,0.0,0.0,0.0,0.0,0,0.8517940717628704,0.8866354654186172,False,False,False,False,0.30274809247752166,0.2569781107737753,False,False,False,False,1142104.0,-908826.3529688998,False,False,False,False,188461.10241023998,False,False,False,False
2025-03-20 17:00:00+00:00,6.655,6.69,6.625,6.65,146026.0,,5.383780549951031,5.293218868497576,5.336013162921248,5.4357287767060685,5.569661758798035,5.569661758798035,5.7469108283860235,,5.5095930711706425,5.393612850241706,5.334386942786481,5.5095930711706425,5.476425100579716,5.412530954732943,"rgba(38, 166, 154, 1.0)",0.44240470038064017,5.402778664811427,2.819186446517132,76.96320696781143,19.166828820772366,True,False,True,False,True,13.8831213260044,0.0,0.0,0.0,0.0,0,0.8608515057113186,0.8803219106957426,False,False,False,False,0.3337420596589635,0.29536008521636936,False,False,False,False,1288130.0,-874765.0141631804,False,False,False,False,187803.19384574014,False,False,False,False
2025-03-21 17:00:00+00:00,6.635,6.655,6.595,6.63,161611.0,,5.399400823716993,5.305629491475623,5.34630392840268,5.444428935926118,5.576851004641656,5.576851004641656,5.75252256045433,,5.53734306837948,5.413900979806153,5.348165757102851,5.53734306837948,5.485998249894151,5.433136601762828,"rgba(38, 166, 154, 1.0)",0.4690312327524283,5.415601188608267,2.5891640611335074,77.75407978949715,20.359951002146076,True,False,True,False,True,13.585387868194957,0.0,0.0,0.0,0.0,0,0.8578508085550336,0.885498174230569,False,False,False,False,0.3230718419205322,0.30921596356845077,False,False,False,False,1126519.0,-843737.3550288675,False,False,False,False,187397.11332099995,False,False,False,False
2025-03-24 17:00:00+00:00,6.705,6.705,6.655,6.66,170219.0,,5.416043751869328,5.318906802635115,5.357355491570807,5.45381242721162,5.584650113416739,5.584650113416739,5.758667735129694,,5.566308216201021,5.435355070605847,5.362882549032388,5.566308216201021,5.496298062178577,5.454848611946418,"rgba(38, 166, 154, 1.0)",0.49438357286330076,5.429269306301971,2.4894247326424246,78.45324813052221,21.542407250762977,True,False,True,False,True,13.898661793803456,0.0,0.0,0.0,0.0,0,0.8619060120766604,0.8792333945917566,False,False,False,False,0.34117217323233306,0.3251940684003919,False,False,False,False,1296738.0,-810551.6906098153,False,False,False,False,187130.78598268988,False,False,False,False
2025-03-25 17:00:00+00:00,6.785,6.785,6.745,6.775,126263.0,,5.429022498939367,5.3292693431480105,5.366018262583888,5.4612157906384295,5.590862544039501,5.590862544039501,5.763641266740405,,5.588620574993455,5.451988167620359,5.374365753319645,5.588620574993455,5.504413178589872,5.471658165311154,"rgba(38, 166, 154, 1.0)",0.5212948794600971,5.439941995926988,2.561041853040502,79.57201088613343,23.135031626862215,True,False,True,False,True,15.09395295759311,0.0,0.0,0.0,0.0,0,0.8653439153439151,0.8722222222222222,False,False,False,False,0.3428282224215463,0.3340111454109691,False,False,False,False,1423001.0,-775922.9667243918,False,True,False,False,186187.09937830706,False,False,False,False
2025-03-26 17:00:00+00:00,6.815,6.825,6.765,6.77,94396.0,6.786666666666666,5.438694613743365,5.337017713468207,5.372509266620538,5.4667732707250325,5.59553626583768,5.59553626583768,5.7673949255523125,,5.6050188247279715,5.464324087030348,5.382940225920314,5.6050188247279715,5.670016123556435,5.484094379226211,"rgba(38, 166, 154, 1.0)",0.5463137484190543,5.522343352035518,2.28377310945405,80.18884698628354,24.2509347244805,True,False,True,False,True,15.015828330475642,0.0,0.0,0.0,0.0,0,0.8653591306652528,0.8743705274317519,False,False,False,False,0.3428282228308492,0.33841968412090917,False,False,False,False,1328605.0,-743294.6261550214,False,False,False,False,184763.98155848833,False,False,False,False
2025-03-27 17:00:00+00:00,6.725,6.735,6.685,6.715,102372.0,6.747646602428579,5.448454380123282,5.344898234585529,5.379112213944548,5.472408397625013,5.600247214820655,5.600247214820655,5.771137481069992,,5.621205651156485,5.476702834249705,5.391631695417069,5.621205651156485,5.670518967427282,5.496513393607753,"rgba(38, 166, 154, 1.0)",0.5672089641472314,5.527630291991976,2.093354976843801,79.09905091229398,24.2509347244805,True,False,True,False,True,14.148125250292988,0.0,0.0,0.0,0.0,0,0.862251655629139,0.8784105960264903,False,False,False,False,0.3162108359322832,0.32731526002659617,False,False,False,False,1226233.0,-712759.3141216101,False,False,False,False,183486.58649556604,False,False,False,False
2025-03-28 17:00:00+00:00,6.625,6.685,6.605,6.64,198390.0,6.695275881208697,5.465947923731116,5.359164940119185,5.391077903198404,5.482590701702942,5.608710019421359,5.608710019421359,5.777785631769604,,5.649380187031872,5.498716365561782,5.4073001567571195,5.649380187031872,5.673657877571584,5.518465569783591,"rgba(38, 166, 154, 0.75)",0.582881681007407,5.538192798782636,1.8902759121080739,76.36729782595388,24.2509347244805,True,False,True,False,False,12.96821081599797,0.0,0.0,0.0,0.0,0,0.8526654165550493,0.8837396196088939,False,False,False,False,0.29614683053884905,0.3117310452827226,False,False,False,False,1027843.0,-685773.2317321277,False,False,False,False,183717.6471700534,False,False,False,False
2025-03-31 17:00:00+00:00,6.635,6.655,6.595,6.61,95076.0,6.680676874037024,5.473988625110954,5.365769319237178,5.396627030449602,5.487311101426481,5.612626857697123,5.612626857697123,5.78085096056334,,5.662034903828011,5.508765146270159,5.414531724185167,5.662034903828011,5.676309703277353,5.528443924761112,"rgba(38, 166, 154, 0.75)",0.5937618808673542,5.54363851634977,1.7959412990482204,73.7426273288037,28.902499916919297,True,False,True,False,False,12.495540711904368,0.0,0.0,0.0,0.0,0,0.8552631578947365,0.8834586466165415,False,False,False,False,0.2900202949341933,0.30087567010845795,False,False,False,False,932767.0,-660679.5847285289,False,False,False,False,182343.3580666417,False,False,False,False
2025-04-01 17:00:00+00:00,6.595,6.625,6.525,6.61,125635.0,6.661499139156757,5.484139363198351,5.374161926607295,5.403685618880257,5.493307144385992,5.617586602569966,5.617586602569966,5.784707929877713,,5.677694962483308,5.521380628683571,5.423695779537876,5.677694962483308,5.679584290905787,5.540923790234918,"rgba(38, 166, 154, 0.75)",0.6026457283295394,5.55046452407387,1.7581398591557817,71.99284699737026,27.059225996048653,True,False,True,False,False,12.495540711904368,0.0,0.0,0.0,0.0,0,0.8467763690315616,0.8912867547882386,False,False,False,False,0.274795078282022,0.28783537419523997,False,False,False,False,932767.0,-635974.9865156835,False,False,False,False,181464.1587167713,False,False,False,False
2025-04-02 17:00:00+00:00,6.625,6.66,6.585,6.66,109106.0,6.65751111877421,5.493185468948241,5.38164414088562,5.409995657997566,5.498689366512492,5.622065816939005,5.622065816939005,5.788227706360624,,5.691571199089299,5.532585520731258,5.431864660441013,5.691571199089299,5.684173136669595,5.552007126753857,"rgba(38, 166, 154, 0.75)",0.6083509907347037,5.557372972899364,1.8124849698510346,71.5290691586706,26.37933488403202,True,False,True,False,False,13.072983723063722,0.0,0.0,0.0,0.0,0,0.8450742240215923,0.8936572199730097,False,False,False,False,0.2892559737736358,0.28854567398443787,False,False,False,False,1041873.0,-609961.839437921,False,False,False,False,180342.32679868178,False,False,False,False
2025-04-03 17:00:00+00:00,6.385,6.405,6.25,6.265,394707.0,6.5338324661228215,5.515677851491458,5.401085402739511,5.426316580594871,5.512237936839673,5.632798432523579,5.632798432523579,5.79587689450725,,5.722218588157573,5.559772210423898,5.452698869712468,5.722218588157573,5.681327999667843,5.578229889431313,"rgba(38, 166, 154, 0.75)",0.6033282315248665,5.567362511143109,1.1563150079910307,62.443630138846444,17.870116642252952,True,False,True,False,False,6.968536758755949,0.0,0.0,0.0,0.0,0,0.8339973439575029,0.899601593625498,False,False,False,False,0.20108950132868486,0.24481758765656136,False,False,False,False,647166.0,-590471.4853381081,False,False,False,False,183665.81010412856,False,False,False,False
2025-04-04 17:00:00+00:00,5.475,5.61,5.405,5.54,190088.0,6.386452239706208,5.515712746742662,5.402260255694904,5.427116171790693,5.512286766426108,5.631940694847497,5.631940694847497,5.793918709355728,,5.71744089148338,5.559082965765443,5.453443132394389,5.71744089148338,5.662703534926412,5.576655663214403,"rgba(239, 83, 80, 1.0)",0.5954011593375584,5.558045828576839,-0.030308689013835214,49.96654512494673,6.792461967555816,False,True,False,True,False,0.0,0.0,0.0,0.0,0.0,0,0.8355601233299071,0.9085303186022612,False,False,False,False,-0.03237806008155113,0.10621976378750511,False,False,False,False,457078.0,-574230.4080460445,False,False,False,False,183765.37893972345,False,False,False,False
2025-04-07 17:00:00+00:00,5.41,5.615,5.41,5.505,158998.0,6.291573979008257,5.515650637334946,5.403155757390386,5.427714256443873,5.512271545555424,5.631181149990098,5.631181149990098,5.792253004200304,,5.713453085719393,5.5584094732895615,5.4539745265802235,5.713453085719393,5.650622684989173,5.575279028529725,"rgba(239, 83, 80, 1.0)",0.5874180640582567,5.551964678747017,-0.07995102912320234,41.45604518330241,-0.24438923653879385,False,True,False,True,False,0.0,0.0,0.0,0.0,0.0,0,0.8393769152196117,0.9078140960163434,False,False,False,False,-0.03096939818224621,0.03762518280262945,False,False,False,False,298080.0,-560706.2156732376,False,False,False,False,183381.38856856496,False,False,False,False
2025-04-08 17:00:00+00:00,5.325,5.38,5.055,5.16,310876.0,6.100601920009469,5.509045732945992,5.399880371854252,5.424523004011951,5.50823841830342,5.625973061663726,5.625973061663726,5.7855174405578484,5.198333333333333,5.694792772354519,5.549001547410184,5.449362923703276,5.694792772354519,5.6224691263762985,5.472872644200328,"rgba(239, 83, 80, 1.0)",0.5850450202126705,5.508043541229313,-0.5949004421963883,34.122453063939545,-6.2334695751399,False,True,False,True,False,0.0,0.0,0.0,0.0,0.0,0,0.8219383921863259,0.9156023040320563,False,False,False,False,-0.11448478266685441,-0.038429799932112485,False,False,False,False,-12796.0,-552211.4836472959,False,False,False,False,185358.04921091278,False,False,False,False
2025-04-09 17:00:00+00:00,5.225,5.945,5.165,5.865,389243.0,6.021229434728503,5.512837630216091,5.404953668972456,5.428526146827624,5.510614531554182,5.626453342124489,5.626453342124489,5.783736746912677,5.454078113863501,5.6932108334945,5.552464922683414,5.453978641979675,5.6932108334945,5.614350605432564,5.538433128005272,"rgba(239, 83, 80, 0.75)",0.5824096573795609,5.521896807170014,0.5891097245428795,37.79899771648695,-6.2334695751399,False,True,False,True,True,1.4894456408037868,0.0,0.0,0.0,0.0,0,0.8345410628019323,0.889130434782609,False,False,False,False,-0.01900016712974326,-0.02871498353092787,False,False,False,False,376447.0,-537813.6776992758,False,False,False,False,188519.05619989085,False,False,False,False
2025-04-10 17:00:00+00:00,5.485,5.565,5.355,5.47,250923.0,5.963378213578752,5.512040109684353,5.40568317510718,5.4289061251807444,5.510136892644211,5.624907467539315,5.624907467539315,5.78087078131287,5.456520011734497,5.686956007825406,5.550681209108246,5.454109971812449,5.686956007825406,5.606353779073343,5.537066800120149,"rgba(239, 83, 80, 0.75)",0.5779766509202404,5.517793361945374,-0.08269081781985328,37.730136863467564,-6.2334695751399,False,True,False,True,True,0.0,0.0,0.0,0.0,0.0,0,0.8369384359400996,0.8935108153078205,False,False,False,False,-0.04576754899424602,-0.03724126626258695,False,False,False,False,125524.0,-527529.3726186669,False,False,False,False,189486.5592045437,False,False,False,False
2025-04-11 17:00:00+00:00,5.665,5.755,5.635,5.74,118638.0,5.951536220162871,5.51353656603025,5.407470561066508,5.43034953226122,5.511086967465044,5.62528704481009,5.62528704481009,5.780572317581538,5.484633427754095,5.687248698133852,5.552174532597929,5.45579729178334,5.687248698133852,5.6056407817734515,5.544963487567305,"rgba(239, 83, 80, 0.75)",0.5736979617806917,5.51994747837691,0.3835685958166437,40.05703981870465,-6.2334695751399,False,True,False,True,True,0.16944824900615174,0.0,0.0,0.0,0.0,0,0.8467722865925749,0.881295814613384,False,False,False,False,0.020407935047763188,-0.00841666560741188,False,False,False,False,244162.0,-515565.1652912457,False,False,False,False,188388.13193005466,False,False,False,False
2025-04-14 17:00:00+00:00,5.755,5.855,5.745,5.795,172978.0,5.941762496314977,5.516641328805054,5.410789356047984,5.433084132067503,5.5130641514517915,5.626405252871607,5.626405252871607,5.780680710433163,5.528300456226359,5.68926847099952,5.555493280531693,5.459059126741424,5.68926847099952,5.606104085107962,5.55803033362475,"rgba(239, 83, 80, 0.75)",0.5707976243187218,5.5244361278853695,0.47401015804430363,42.07778141753546,-6.2334695751399,False,True,False,True,True,0.7330874491095862,0.0,0.0,0.0,0.0,0,0.8545154444706435,0.8745578872907334,False,False,False,False,0.04999896232619444,0.02079114835939128,False,False,False,False,417140.0,-501104.6200929318,False,False,False,False,188149.21515594528,False,False,False,False
2025-04-15 17:00:00+00:00,5.795,5.795,5.695,5.735,230670.0,5.926074325356255,5.519865787915443,5.414493889504532,5.436112119531814,5.515143396179943,5.627389985196432,5.627389985196432,5.780365765994283,5.561705905496491,5.69050886779238,5.558781327680603,5.46260284744699,5.69050886779238,5.605854406859391,5.568399737104116,"rgba(239, 83, 80, 0.75)",0.5688999817095779,5.5280119601300175,0.36383906929997006,42.95890098621263,-6.2334695751399,False,True,False,True,True,0.10337226469471616,0.0,0.0,0.0,0.0,0,0.8532455315145812,0.8765286923800565,False,False,False,False,0.03449126737574739,0.027641207867569337,False,False,False,False,186470.0,-490444.54846358404,False,False,False,False,188808.4521302717,False,False,False,False
2025-04-16 17:00:00+00:00,6.025,6.085,5.905,5.965,161012.0,5.929131821494236,5.524472049255849,5.418917869039574,5.439846073881996,5.518107603225243,5.629509950872557,5.629509950872557,5.7815123822482075,5.60340801689571,5.695295897000902,5.563971704062245,5.467135568094683,5.695295897000902,5.608875962611277,5.582452796513385,"rgba(239, 83, 80, 0.75)",0.5683668479721903,5.534343964887408,0.7577078723874893,45.6767548943602,-13.591171309968772,False,True,False,True,True,2.462605960753759,0.0,0.0,0.0,0.0,0,0.8606652709932542,0.8664805768783438,False,False,False,False,0.10522673440673198,0.06643397113715066,False,False,False,False,347482.0,-477453.4391850789,False,False,False,False,188377.49938406594,False,False,False,False
2025-04-17 17:00:00+00:00,6.165,6.165,6.085,6.12,172410.0,5.939353802462186,5.530755810443432,5.424718759404093,5.44478881558528,5.522168676700231,5.632624870975528,5.632624870975528,5.783551042012557,5.653022143812556,5.702618838055537,5.571171774667372,5.473176176849816,5.702618838055537,5.613823331069854,5.599997233346319,#000000,0.5705351526070321,5.542910470542077,1.0114881209701816,48.80198450815362,-10.126179709330202,False,True,False,False,True,4.00055324570566,0.0,0.0,0.0,0.0,0,0.864203233256351,0.8584295612009238,False,False,False,False,0.1423829851016513,0.10440847811940097,False,False,False,False,519892.0,-461990.7191977133,False,False,False,False,188129.94125408042,False,False,False,False
2025-04-18 17:00:00+00:00,6.12,6.12,6.12,6.12,0.0,5.939353802462186,5.530755810443432,5.424718759404093,5.44478881558528,5.522168676700231,5.632624870975528,5.632624870975528,5.783551042012557,5.653022143812556,5.702618838055537,5.571171774667372,5.473176176849816,5.702618838055537,5.613823331069854,5.599997233346319,#000000,0.571700624106335,5.542910470542077,1.0094260966743067,50.88547091734924,-7.676467700773898,False,False,False,False,True,4.00055324570566,0.0,0.0,0.0,0.0,0,0.8644501278772377,0.8632876075331319,False,False,False,False,0.1409473039191984,0.12267789101929968,False,False,False,False,519892.0,-446767.7313031751,False,False,False,False,185213.19797882336,False,False,False,False
2025-04-21 17:00:00+00:00,5.965,6.005,5.935,6.005,498308.0,5.944940927765791,5.5440280579101255,5.4376666813159815,5.455780509820832,5.530910470871737,5.638874320799209,5.638874320799209,5.786908245961444,5.724068596827788,5.715766767486665,5.585895694003631,5.486354506253841,5.715766767486665,5.622247941905542,5.6280213911429815,#000000,0.5726433334872212,5.557936389249866,0.7807016769542301,50.983419791659195,-7.011451785579176,False,False,False,False,True,2.7274376380688423,0.0,0.0,0.0,0.0,0,0.8649338593641215,0.8621489904850314,False,False,False,False,0.09811747216979871,0.1103976815945492,False,False,False,False,21584.0,-439506.46415118786,False,False,False,False,190067.38095589585,False,False,False,False
2025-04-22 17:00:00+00:00,6.175,6.195,6.11,6.115,111106.0,5.950519463832743,5.547913839106487,5.441288469590274,5.458889692623541,5.533483231766431,5.640866921855849,5.640866921855849,5.788237317673185,5.7431949783486,5.720177232257732,5.590291994673109,5.490109913925056,5.720177232257732,5.625258232288045,5.635943529801124,"rgba(38, 166, 154, 0.5)",0.5753402831728462,5.562480323949673,0.9603354609611728,52.19402432609181,-5.239189935334039,False,False,True,False,True,3.8466229350300125,0.0,0.0,0.0,0.0,0,0.8658339116354382,0.8630580615313441,False,False,False,False,0.15028982618172473,0.13034375388813696,False,False,False,False,132690.0,-430635.20114109194,False,False,False,False,188843.17349921528,False,False,False,False
2025-04-23 17:00:00+00:00,6.015,6.045,5.895,5.96,234396.0,5.951438264121397,5.5535956907863016,5.44694259326455,5.463711312130602,5.537309275407867,5.643577171027293,5.643577171027293,5.789643056743303,5.762957168170752,5.725467386827714,5.596488114356037,5.4958169395713234,5.725467386827714,5.628724316813576,5.645182402231457,#000000,0.576235648430824,5.568179038295023,0.6799665428058195,51.17388739720274,-5.239189935334039,False,False,False,False,True,2.1292655702721532,0.0,0.0,0.0,0.0,0,0.8551358820819899,0.8710271764163982,False,False,False,False,0.09811747216979871,0.11423061302896784,False,False,False,False,-101706.0,-425535.52360402077,False,False,False,False,189549.41887132046,False,False,False,False
2025-04-24 17:00:00+00:00,6.085,6.145,6.065,6.115,226072.0,5.9596008227090715,5.560761574586214,5.453737183718248,5.469561399318401,5.542132584552645,5.647276386516037,5.647276386516037,5.792046402482693,5.790099979768007,5.733231919727182,5.604488171348375,5.502810881586197,5.733231919727182,5.634049092549918,5.65765773810744,"rgba(38, 166, 154, 0.5)",0.5784977983559423,5.575939244871394,0.9318285335926703,52.21406242163059,-4.138199876279977,False,False,True,False,True,3.713640424994974,0.0,0.0,0.0,0.0,0,0.8630484988452656,0.8623556581986148,False,False,False,False,0.13664369728483378,0.1254371551569008,False,False,False,False,124366.0,-417009.9185869041,False,False,False,False,190115.66043920696,False,False,False,False
2025-04-25 17:00:00+00:00,6.135,6.135,6.06,6.135,107308.0,5.963225366451157,5.5641087125372515,5.456921789597858,5.472308365073872,5.544400282466534,5.649018007940064,5.649018007940064,5.793180485083653,5.801604176022306,5.7368241768760635,5.608210896558215,5.506084033380704,5.7368241768760635,5.636522627136307,5.6631808207093215,"rgba(38, 166, 154, 0.5)",0.5810280807590977,5.579482772807445,0.9560935961421797,53.128636177057295,-2.7242401060301518,False,False,True,False,True,3.9171299093393195,0.0,0.0,0.0,0.0,0,0.865972222222222,0.8613425925925927,False,False,False,False,0.13449378862496505,0.12996547189093294,False,False,False,False,231674.0,-406952.8035700529,False,False,False,False,188831.82074247504,False,False,False,False
2025-04-28 17:00:00+00:00,6.195,6.235,6.165,6.205,258621.0,5.9763142268349325,5.573337226917191,5.4655310807153175,5.479770824314867,5.550665722185563,5.653986116755729,5.653986116755729,5.796662034952891,5.83351246129217,5.74726570924705,5.618560155072423,5.5150050961506905,5.74726570924705,5.643781668679027,5.678585855440583,"rgba(38, 166, 154, 0.5)",0.5837877252118943,5.628270697279569,0.9879092653260205,54.550004697712666,-0.8912863366300243,False,False,True,False,True,4.634490214375688,0.0,0.0,0.0,0.0,0,0.8674698795180722,0.8621408711770158,False,False,False,False,0.16399174101082484,0.1469786064508789,False,False,False,False,490295.0,-393041.9849100521,False,False,False,False,189913.82352166146,False,False,False,False
2025-04-29 17:00:00+00:00,6.095,6.155,6.08,6.095,59070.0,5.977969605896697,5.575105638411602,5.467228229229899,5.481240186984155,5.551880901039874,5.654920515875249,5.654920515875249,5.797270824007155,5.838459143374895,5.749117226471417,5.620509856071735,5.516742952819553,5.749117226471417,5.645067052164984,5.681207294684399,"rgba(38, 166, 154, 0.5)",0.5853138989980765,5.62892482075521,0.7962824392904453,53.82874363847142,-0.8912863366300243,False,False,True,False,True,3.366340515415512,0.0,0.0,0.0,0.0,0,0.8683196918632641,0.856283100625903,False,False,False,False,0.14022968008931355,0.14360414327009624,False,False,False,False,431225.0,-380262.65181067144,False,False,False,False,187885.2371104729,False,False,False,False
2025-04-30 17:00:00+00:00,5.875,5.935,5.84,5.91,181839.0,5.974923082250893,5.578318006421872,5.470668111699672,5.4841886318699435,5.554160397291797,5.656425384720858,5.656425384720858,5.797851867094328,5.8414106063781235,5.751374021965416,5.6238217209745,5.520113655093457,5.751374021965416,5.6466201082587775,5.684180001102875,#000000,0.5856772087018266,5.624730100991597,0.4870770020925241,50.874114656781444,-0.8912863366300243,False,True,False,False,False,1.2816463827596252,0.0,0.0,0.0,0.0,0,0.8716899374097257,0.8524313914299472,False,False,False,False,0.07472296702862301,0.10916355514935963,False,False,False,False,249386.0,-370500.65720895556,False,False,False,False,187791.497000233,False,False,False,False
2025-05-01 17:00:00+00:00,5.875,5.995,5.875,5.9,411366.0,5.970966364220774,5.58598178199119,5.478755725906538,5.491155673097393,5.559626611871055,5.6601572959532405,5.6601572959532405,5.799517206185642,5.850063146432867,5.757188573216889,5.631779751460832,5.528081639314886,5.757188573216889,5.650789744397384,5.691778277606369,#000000,0.585875205787655,5.626357819760044,0.4670656439063152,48.776343098763505,3.549092676685987,False,True,False,False,False,1.1698833280449072,0.0,0.0,0.0,0.0,0,0.8692065032759038,0.8578015044892019,False,False,False,False,0.0881809264967168,0.09867224082303822,False,False,False,False,-161980.0,-367267.7788026151,False,False,False,False,191257.76836457048,False,False,False,False
2025-05-02 17:00:00+00:00,5.935,5.975,5.89,5.905,158707.0,5.969597427296893,5.588848261345993,5.4817992393917105,5.493784854835194,5.56169247715702,5.661569337249432,5.661569337249432,5.800147945606806,5.852931869313669,5.759328091116162,5.634738096200156,5.531072180143461,5.759328091116162,5.652376110016561,5.694517559193362,"rgba(239, 83, 80, 1.0)",0.5858772816803529,5.627810155215364,0.4731192921316706,47.46615748282058,2.1201045596802714,False,True,False,True,False,1.22503150582558,0.0,0.0,0.0,0.0,0,0.8683247988295538,0.8658863691782496,False,False,False,False,0.08747186040334615,0.09307205061319218,False,False,False,False,-3273.0,-361624.4488986986,False,False,False,False,190753.10528915076,False,False,False,False
2025-05-05 17:00:00+00:00,5.795,5.795,5.73,5.745,181417.0,5.962824793713866,5.590462581612708,5.483933500248578,5.495600333132376,5.562950240743166,5.662149027264344,5.662149027264344,5.799896215384053,5.8488080654834995,5.759289482961275,5.6361361036444055,5.533006580583819,5.759289482961275,5.652495714920429,5.6943100581682495,"rgba(239, 83, 80, 1.0)",0.58531022805264,5.626209298595203,0.20295340096827014,44.39742559140221,-0.9039456263508256,False,True,False,True,False,0.0,0.0,0.0,0.0,0.0,0,0.8620019436345967,0.8729348882410107,False,False,False,False,0.03942338061061547,0.06624771561190382,False,False,False,False,-184690.0,-358881.27914833114,False,False,False,False,190608.3594707143,False,False,False,False
2025-05-06 17:00:00+00:00,5.785,5.87,5.785,5.815,346024.0,5.954846385163116,5.594658212440404,5.488886626377417,5.499861177452541,5.566115081890274,5.664001527274499,5.664001527274499,5.800152189559182,5.846883835074153,5.761013800845065,5.64014233813195,5.537678419303642,5.761013800845065,5.654065340928991,5.696429598338702,"rgba(239, 83, 80, 1.0)",0.5850140292457822,5.626927723783589,0.3214833607646641,43.738859834633914,-1.656003667284324,False,True,False,True,False,0.20515076773775576,0.0,0.0,0.0,0.0,0,0.8599806201550387,0.8694282945736438,False,False,False,False,0.05776136385879713,0.06200453973535047,False,False,False,False,161334.0,-350815.92598324077,False,False,False,False,193017.9042851218,False,False,False,False
2025-05-07 17:00:00+00:00,5.825,5.845,5.735,5.845,248544.0,5.949064672148361,5.597388126936368,5.492200488564018,5.502715162713051,5.568211451881628,5.665183273058688,5.665183273058688,5.800215870477536,5.844899894634286,5.761911557655099,5.642688649514111,5.540771012532571,5.761911557655099,5.655020289854793,5.697567778584016,"rgba(239, 83, 80, 1.0)",0.5846751080574172,5.627508473370077,0.3719869781228385,43.903950672374265,-1.7184442675589366,False,True,False,True,False,0.5475965931483522,0.0,0.0,0.0,0.0,0,0.8635036496350366,0.8688564476885646,False,False,False,False,0.04717781186684077,0.054591175801095626,False,False,False,False,409878.0,-339022.2217044308,False,False,False,False,193878.77398612766,False,False,False,False
2025-05-08 17:00:00+00:00,6.025,6.045,5.985,6.02,144418.0,5.950580018762279,5.6004777368741845,5.495342889561209,5.5054633571536105,5.5704554351280615,5.6668475423764315,5.6668475423764315,5.801190439713566,5.849887124830064,5.764689337194564,5.645949787493383,5.543909806193244,5.764689337194564,5.657150620243222,5.701109013927814,"rgba(239, 83, 80, 0.75)",0.5845539841283531,5.63069760712473,0.665981933996688,47.19645442180234,-1.7184442675589366,False,True,False,True,True,2.52280214490084,0.0,0.0,0.0,0.0,0,0.8710691823899371,0.8662312530237062,False,False,False,False,0.11092175019402847,0.08275646299756205,False,False,False,False,554296.0,-325172.3267942846,False,False,False,False,193111.94028091637,False,False,False,False
2025-05-09 17:00:00+00:00,5.975,6.045,5.97,6.025,864147.0,5.958001548818296,5.617912915848038,5.513271001667263,5.521209212863254,5.5833301754115325,5.676393883698564,5.676393883698564,5.806755919961947,5.87408022191493,5.779918289150004,5.6641685882656585,5.561732449342813,5.779918289150004,5.669158567745932,5.719974887168352,#000000,0.5835657169042032,5.647557954028635,0.6467858461146128,49.475772828514934,-4.96830155335735,False,True,False,False,True,2.5788172388927677,0.0,0.0,0.0,0.0,0,0.8736077481840194,0.864164648910412,False,False,False,False,0.10878529906507708,0.09577088103131956,False,False,False,False,1418443.0,-298139.53103003214,False,False,False,False,203515.58461764632,False,False,False,False
